 0.00000000e+00 0.00000000e+00 0.00000000e+00 7.17471409e+00 0.00000000e+00 -5.48994462e+00
 3.00000000e-01 0.00000000e+00 3.00000000e-01 7.27408017e+00 3.00000000e-01 -4.86292495e+00
 6.00000000e-01 0.00000000e+00 6.00000000e-01 7.59777071e+00 6.00000000e-01 -5.41097709e+00
 9.00000000e-01 0.00000000e+00 9.00000000e-01 7.40582312e+00 9.00000000e-01 -5.34937455e+00
 1.20000000e+00 0.00000000e+00 1.20000000e+00 7.63904849e+00 1.20000000e+00 -5.27534682e+00
 1.50000000e+00 0.00000000e+00 1.50000000e+00 7.31669651e+00 1.50000000e+00 -5.85089894e+00
 1.80000000e+00 0.00000000e+00 1.80000000e+00 7.92164026e+00 1.80000000e+00 -5.10190956e+00
 2.10000000e+00 0.00000000e+00 2.10000000e+00 7.36842457e+00 2.10000000e+00 -5.61993350e+00
 2.40000000e+00 0.00000000e+00 2.40000000e+00 7.39947996e+00 2.40000000e+00 -5.14536058e+00
 2.70000000e+00 0.00000000e+00 2.70000000e+00 7.30748295e+00 2.70000000e+00 -5.45351002e+00
 3.00000000e+00 0.00000000e+00 3.00000000e+00 7.09523286e+00 3.00000000e+00 -4.98413302e+00
 3.30000000e+00 0.00000000e+00 3.30000000e+00 6.65880247e+00 3.30000000e+00 -5.33246562e+00
 3.60000000e+00 0.00000000e+00 3.60000000e+00 7.00451688e+00 3.60000000e+00 -4.93040218e+00
 3.90000000e+00 0.00000000e+00 3.90000000e+00 7.24469896e+00 3.90000000e+00 -4.75172345e+00
 4.20000000e+00 0.00000000e+00 4.20000000e+00 7.27315426e+00 4.20000000e+00 -4.58316863e+00
 4.50000000e+00 0.00000000e+00 4.50000000e+00 8.17211216e+00 4.50000000e+00 -5.22954139e+00
 4.80000000e+00 0.00000000e+00 4.80000000e+00 7.24329582e+00 4.80000000e+00 -5.45381619e+00
 5.10000000e+00 0.00000000e+00 5.10000000e+00 7.35317966e+00 5.10000000e+00 -5.57902005e+00
 5.40000000e+00 0.00000000e+00 5.40000000e+00 7.80946805e+00 5.40000000e+00 -5.32569507e+00
 5.70000000e+00 0.00000000e+00 5.70000000e+00 7.73183598e+00 5.70000000e+00 -5.61441694e+00
 6.00000000e+00 0.00000000e+00 6.00000000e+00 7.23453093e+00 6.00000000e+00 -4.92301452e+00
 6.30000000e+00 0.00000000e+00 6.30000000e+00 7.27110765e+00 6.30000000e+00 -4.96810624e+00
 6.60000000e+00 0.00000000e+00 6.60000000e+00 7.20876999e+00 6.60000000e+00 -6.02267065e+00
 6.90000000e+00 0.00000000e+00 6.90000000e+00 7.30504377e+00 6.90000000e+00 -5.36041599e+00
 7.20000000e+00 0.00000000e+00 7.20000000e+00 7.33868353e+00 7.20000000e+00 -5.07466093e+00
 7.50000000e+00 0.00000000e+00 7.50000000e+00 7.64043096e+00 7.50000000e+00 -4.46937646e+00
 7.80000000e+00 0.00000000e+00 7.80000000e+00 6.79417221e+00 7.80000000e+00 -5.05301575e+00
 8.10000000e+00 0.00000000e+00 8.10000000e+00 7.36691435e+00 8.10000000e+00 -5.49917191e+00
 8.40000000e+00 0.00000000e+00 8.40000000e+00 7.05176305e+00 8.40000000e+00 -4.56003348e+00
 8.70000000e+00 0.00000000e+00 8.70000000e+00 7.50335221e+00 8.70000000e+00 -5.08860271e+00
 9.00000000e+00 0.00000000e+00 9.00000000e+00 7.48472964e+00 9.00000000e+00 -5.78083264e+00
 9.30000000e+00 0.00000000e+00 9.30000000e+00 7.73359942e+00 9.30000000e+00 -5.02992275e+00
 9.60000000e+00 0.00000000e+00 9.60000000e+00 7.39967246e+00 9.60000000e+00 -5.33249306e+00
 9.90000000e+00 0.00000000e+00 9.90000000e+00 7.54876981e+00 9.90000000e+00 -5.65965100e+00
 1.02000000e+01 0.00000000e+00 1.02000000e+01 7.59923294e+00 1.02000000e+01 -5.82842984e+00
 1.05000000e+01 0.00000000e+00 1.05000000e+01 7.21232878e+00 1.05000000e+01 -5.45587323e+00
 1.08000000e+01 0.00000000e+00 1.08000000e+01 7.25628010e+00 1.08000000e+01 -5.20150689e+00
 1.11000000e+01 0.00000000e+00 1.11000000e+01 7.44329143e+00 1.11000000e+01 -5.44870067e+00
 1.14000000e+01 0.00000000e+00 1.14000000e+01 7.16161270e+00 1.14000000e+01 -5.04467248e+00
 1.17000000e+01 0.00000000e+00 1.17000000e+01 6.94355908e+00 1.17000000e+01 -5.54240516e+00
 1.20000000e+01 0.00000000e+00 1.20000000e+01 7.14008816e+00 1.20000000e+01 -5.26307634e+00
 1.23000000e+01 0.00000000e+00 1.23000000e+01 6.84887541e+00 1.23000000e+01 -4.70108744e+00
 1.26000000e+01 0.00000000e+00 1.26000000e+01 7.32098844e+00 1.26000000e+01 -4.91544632e+00
 1.29000000e+01 0.00000000e+00 1.29000000e+01 8.00249157e+00 1.29000000e+01 -5.20557123e+00
 1.32000000e+01 0.00000000e+00 1.32000000e+01 7.75733781e+00 1.32000000e+01 -5.12327299e+00
 1.35000000e+01 0.00000000e+00 1.35000000e+01 7.35969358e+00 1.35000000e+01 -5.58757633e+00
 1.38000000e+01 0.00000000e+00 1.38000000e+01 7.64738400e+00 1.38000000e+01 -5.60302650e+00
 1.41000000e+01 0.00000000e+00 1.41000000e+01 6.97576520e+00 1.41000000e+01 -5.83654882e+00
 1.44000000e+01 0.00000000e+00 1.44000000e+01 7.27409693e+00 1.44000000e+01 -5.67496551e+00
 1.47000000e+01 0.00000000e+00 1.47000000e+01 6.74907146e+00 1.47000000e+01 -5.37679909e+00
 1.50000000e+01 0.00000000e+00 1.50000000e+01 7.45309006e+00 1.50000000e+01 -5.22128441e+00
 1.53000000e+01 0.00000000e+00 1.53000000e+01 2.98702736e+00 1.53000000e+01 -5.30078686e+00
 1.56000000e+01 0.00000000e+00 1.56000000e+01 3.53769649e+00 1.56000000e+01 -5.59678308e+00
 1.59000000e+01 0.00000000e+00 1.59000000e+01 3.53048773e+00 1.59000000e+01 -5.35186327e+00
 1.62000000e+01 0.00000000e+00 1.62000000e+01 3.20566869e+00 1.62000000e+01 -5.16475756e+00
 1.65000000e+01 0.00000000e+00 1.65000000e+01 3.72606499e+00 1.65000000e+01 -4.73351117e+00
 1.68000000e+01 0.00000000e+00 1.68000000e+01 3.79463629e+00 1.68000000e+01 -5.19609704e+00
 1.71000000e+01 0.00000000e+00 1.71000000e+01 3.79485607e+00 1.71000000e+01 -5.04175994e+00
 1.74000000e+01 0.00000000e+00 1.74000000e+01 3.49069237e+00 1.74000000e+01 -4.92620827e+00
 1.77000000e+01 0.00000000e+00 1.77000000e+01 3.35002134e+00 1.77000000e+01 -4.59904486e+00
 1.80000000e+01 0.00000000e+00 1.80000000e+01 2.90514972e+00 1.80000000e+01 -5.33109177e+00
 1.83000000e+01 0.00000000e+00 1.83000000e+01 3.28950364e+00 1.83000000e+01 -5.59054721e+00
 1.86000000e+01 0.00000000e+00 1.86000000e+01 3.57985894e+00 1.86000000e+01 -5.04945729e+00
 1.89000000e+01 0.00000000e+00 1.89000000e+01 3.01547825e+00 1.89000000e+01 -4.69341559e+00
 1.92000000e+01 0.00000000e+00 1.92000000e+01 3.32147484e+00 1.92000000e+01 -4.84843701e+00
 1.95000000e+01 0.00000000e+00 1.95000000e+01 3.37812326e+00 1.95000000e+01 -5.53331345e+00
 1.98000000e+01 0.00000000e+00 1.98000000e+01 2.98673379e+00 1.98000000e+01 -5.38867222e+00
 2.01000000e+01 0.00000000e+00 2.01000000e+01 2.95647448e+00 2.01000000e+01 -5.27721654e+00
 2.04000000e+01 0.00000000e+00 2.04000000e+01 2.79986761e+00 2.04000000e+01 -4.98925326e+00
 2.07000000e+01 0.00000000e+00 2.07000000e+01 2.99247928e+00 2.07000000e+01 -5.21245757e+00
 2.10000000e+01 0.00000000e+00 2.10000000e+01 2.77747913e+00 2.10000000e+01 -5.35016277e+00
 2.13000000e+01 0.00000000e+00 2.13000000e+01 2.95589310e+00 2.13000000e+01 -4.95510354e+00
 2.16000000e+01 0.00000000e+00 2.16000000e+01 2.68406595e+00 2.16000000e+01 -5.52999701e+00
 2.19000000e+01 0.00000000e+00 2.19000000e+01 3.42744636e+00 2.19000000e+01 -4.53253447e+00
 2.22000000e+01 0.00000000e+00 2.22000000e+01 4.16294666e+00 2.22000000e+01 -4.71390353e+00
 2.25000000e+01 0.00000000e+00 2.25000000e+01 3.44594460e+00 2.25000000e+01 -5.32947123e+00
 2.28000000e+01 0.00000000e+00 2.28000000e+01 3.03381305e+00 2.28000000e+01 -4.69999856e+00
 2.31000000e+01 0.00000000e+00 2.31000000e+01 2.73344405e+00 2.31000000e+01 -5.14208253e+00
 2.34000000e+01 0.00000000e+00 2.34000000e+01 3.75888879e+00 2.34000000e+01 -4.88828786e+00
 2.37000000e+01 0.00000000e+00 2.37000000e+01 3.64818542e+00 2.37000000e+01 -4.45082411e+00
 2.40000000e+01 0.00000000e+00 2.40000000e+01 3.55533997e+00 2.40000000e+01 -5.11229391e+00
 2.43000000e+01 0.00000000e+00 2.43000000e+01 2.77103550e+00 2.43000000e+01 -5.32781471e+00
 2.46000000e+01 0.00000000e+00 2.46000000e+01 2.79333382e+00 2.46000000e+01 -4.63872460e+00
 2.49000000e+01 0.00000000e+00 2.49000000e+01 3.03024822e+00 2.49000000e+01 -4.44993318e+00
 2.52000000e+01 0.00000000e+00 2.52000000e+01 2.30917131e+00 2.52000000e+01 -3.42891671e+00
 2.55000000e+01 0.00000000e+00 2.55000000e+01 1.48534037e+00 2.55000000e+01 -3.71637625e+00
 2.58000000e+01 0.00000000e+00 2.58000000e+01 2.36120097e+00 2.58000000e+01 -4.06714576e+00
 2.61000000e+01 0.00000000e+00 2.61000000e+01 2.62893989e+00 2.61000000e+01 -3.31149647e+00
 2.64000000e+01 0.00000000e+00 2.64000000e+01 1.90867226e+00 2.64000000e+01 -3.77713397e+00
 2.67000000e+01 0.00000000e+00 2.67000000e+01 2.80860185e+00 2.67000000e+01 -3.55075251e+00
 2.70000000e+01 0.00000000e+00 2.70000000e+01 2.02360898e+00 2.70000000e+01 -4.18040233e+00
 2.73000000e+01 0.00000000e+00 2.73000000e+01 1.88402891e+00 2.73000000e+01 -3.51885047e+00
 2.76000000e+01 0.00000000e+00 2.76000000e+01 2.05036795e+00 2.76000000e+01 -4.38519864e+00
 2.79000000e+01 0.00000000e+00 2.79000000e+01 1.80646575e+00 2.79000000e+01 -3.84285140e+00
 2.82000000e+01 0.00000000e+00 2.82000000e+01 2.84607447e+00 2.82000000e+01 -3.49966188e+00
 2.85000000e+01 0.00000000e+00 2.85000000e+01 2.40223991e+00 2.85000000e+01 -3.57199370e+00
 2.88000000e+01 0.00000000e+00 2.88000000e+01 2.25991397e+00 2.88000000e+01 -4.55893719e+00
 2.91000000e+01 0.00000000e+00 2.91000000e+01 2.59422924e+00 2.91000000e+01 -3.90377186e+00
 2.94000000e+01 0.00000000e+00 2.94000000e+01 1.88347051e+00 2.94000000e+01 -3.60080375e+00
 2.97000000e+01 0.00000000e+00 2.97000000e+01 2.10182275e+00 2.97000000e+01 -4.52249542e+00
 3.00000000e+01 0.00000000e+00 3.00000000e+01 2.42652146e+00 3.00000000e+01 -3.79979528e+00
 3.03000000e+01 0.00000000e+00 3.03000000e+01 2.53076701e+00 3.03000000e+01 -4.16030106e+00
 3.06000000e+01 0.00000000e+00 3.06000000e+01 1.91148903e+00 3.06000000e+01 -4.41158303e+00
 3.09000000e+01 0.00000000e+00 3.09000000e+01 2.18648738e+00 3.09000000e+01 -3.72316559e+00
 3.12000000e+01 0.00000000e+00 3.12000000e+01 1.74628791e+00 3.12000000e+01 -4.17974436e+00
 3.15000000e+01 0.00000000e+00 3.15000000e+01 2.63732396e+00 3.15000000e+01 -3.23145366e+00
 3.18000000e+01 0.00000000e+00 3.18000000e+01 3.22170516e+00 3.18000000e+01 -4.44809203e+00
 3.21000000e+01 0.00000000e+00 3.21000000e+01 2.13801765e+00 3.21000000e+01 -4.24033479e+00
 3.24000000e+01 0.00000000e+00 3.24000000e+01 2.67477297e+00 3.24000000e+01 -3.54123849e+00
 3.27000000e+01 0.00000000e+00 3.27000000e+01 2.52894057e+00 3.27000000e+01 -4.03427557e+00
 3.30000000e+01 0.00000000e+00 3.30000000e+01 1.78625592e+00 3.30000000e+01 -4.11889381e+00
 3.33000000e+01 0.00000000e+00 3.33000000e+01 2.32934340e+00 3.33000000e+01 -3.67077127e+00
 3.36000000e+01 0.00000000e+00 3.36000000e+01 2.50618197e+00 3.36000000e+01 -3.87213784e+00
 3.39000000e+01 0.00000000e+00 3.39000000e+01 2.65922788e+00 3.39000000e+01 -3.14534332e+00
 3.42000000e+01 0.00000000e+00 3.42000000e+01 2.07999106e+00 3.42000000e+01 -3.83428110e+00
 3.45000000e+01 0.00000000e+00 3.45000000e+01 2.48828354e+00 3.45000000e+01 -3.38959317e+00
 3.48000000e+01 0.00000000e+00 3.48000000e+01 2.77187226e+00 3.48000000e+01 -4.01914035e+00
 3.51000000e+01 0.00000000e+00 3.51000000e+01 7.29025477e+00 3.51000000e+01 -1.20016815e+00
 3.54000000e+01 0.00000000e+00 3.54000000e+01 7.20049836e+00 3.54000000e+01 -1.13726738e+00
 3.57000000e+01 0.00000000e+00 3.57000000e+01 6.83719034e+00 3.57000000e+01 -1.62733933e+00
 3.60000000e+01 0.00000000e+00 3.60000000e+01 6.79633990e+00 3.60000000e+01 -1.44504836e+00
 3.63000000e+01 0.00000000e+00 3.63000000e+01 7.18651444e+00 3.63000000e+01 -1.26131058e+00
 3.66000000e+01 0.00000000e+00 3.66000000e+01 7.55119361e+00 3.66000000e+01 -1.68953264e+00
 3.69000000e+01 0.00000000e+00 3.69000000e+01 7.27295296e+00 3.69000000e+01 -1.15385640e+00
 3.72000000e+01 0.00000000e+00 3.72000000e+01 7.03772970e+00 3.72000000e+01 -1.43850555e+00
 3.75000000e+01 0.00000000e+00 3.75000000e+01 6.66206534e+00 3.75000000e+01 -1.55803098e+00
 3.78000000e+01 0.00000000e+00 3.78000000e+01 7.58862059e+00 3.78000000e+01 -1.21230075e+00
 3.81000000e+01 0.00000000e+00 3.81000000e+01 7.05100464e+00 3.81000000e+01 -1.55148204e+00
 3.84000000e+01 0.00000000e+00 3.84000000e+01 7.09052758e+00 3.84000000e+01 -9.35192312e-01
 3.87000000e+01 0.00000000e+00 3.87000000e+01 7.44639602e+00 3.87000000e+01 -1.18271031e+00
 3.90000000e+01 0.00000000e+00 3.90000000e+01 7.45433582e+00 3.90000000e+01 -1.85263385e+00
 3.93000000e+01 0.00000000e+00 3.93000000e+01 7.63128057e+00 3.93000000e+01 -1.38442047e+00
 3.96000000e+01 0.00000000e+00 3.96000000e+01 7.41131727e+00 3.96000000e+01 -1.53173021e+00
 3.99000000e+01 0.00000000e+00 3.99000000e+01 6.73931699e+00 3.99000000e+01 -2.05054484e+00
 4.02000000e+01 0.00000000e+00 4.02000000e+01 4.95688882e+00 4.02000000e+01 2.09852841e-01
 4.05000000e+01 0.00000000e+00 4.05000000e+01 4.96858686e+00 4.05000000e+01 6.13088393e-02
 4.08000000e+01 0.00000000e+00 4.08000000e+01 5.45792060e+00 4.08000000e+01 3.34221184e-01
 4.11000000e+01 0.00000000e+00 4.11000000e+01 5.23458595e+00 4.11000000e+01 -5.12556801e-01
 4.14000000e+01 0.00000000e+00 4.14000000e+01 5.28959405e+00 4.14000000e+01 -7.50744296e-02
 4.17000000e+01 0.00000000e+00 4.17000000e+01 5.08872239e+00 4.17000000e+01 -2.97563623e-01
 4.20000000e+01 0.00000000e+00 4.20000000e+01 6.05240999e+00 4.20000000e+01 -3.59651878e-01
 4.23000000e+01 0.00000000e+00 4.23000000e+01 5.77191305e+00 4.23000000e+01 1.32434517e-02
 4.26000000e+01 0.00000000e+00 4.26000000e+01 5.82584212e+00 4.26000000e+01 3.33251410e-01
 4.29000000e+01 0.00000000e+00 4.29000000e+01 6.04234928e+00 4.29000000e+01 -1.70124646e-01
 4.32000000e+01 0.00000000e+00 4.32000000e+01 4.91228933e+00 4.32000000e+01 8.63354295e-02
 4.35000000e+01 0.00000000e+00 4.35000000e+01 5.09338673e+00 4.35000000e+01 2.34664302e-01
 4.38000000e+01 0.00000000e+00 4.38000000e+01 5.66848648e+00 4.38000000e+01 -5.24239862e-01
 4.41000000e+01 0.00000000e+00 4.41000000e+01 5.26589086e+00 4.41000000e+01 2.74497343e-01
 4.44000000e+01 0.00000000e+00 4.44000000e+01 5.38807315e+00 4.44000000e+01 3.43233532e-01
 4.47000000e+01 0.00000000e+00 4.47000000e+01 5.70155768e+00 4.47000000e+01 2.15100418e-01
 4.50000000e+01 0.00000000e+00 4.50000000e+01 5.56153609e+00 4.50000000e+01 4.55700575e-02
 4.53000000e+01 0.00000000e+00 4.53000000e+01 4.92632093e+00 4.53000000e+01 -2.55632143e-01
 4.56000000e+01 0.00000000e+00 4.56000000e+01 4.52172440e+00 4.56000000e+01 7.57475997e-02
 4.59000000e+01 0.00000000e+00 4.59000000e+01 4.77150901e+00 4.59000000e+01 -7.16566438e-02
 4.62000000e+01 0.00000000e+00 4.62000000e+01 5.41625033e+00 4.62000000e+01 -2.15740529e-01
 4.65000000e+01 0.00000000e+00 4.65000000e+01 4.34974480e+00 4.65000000e+01 2.85259476e-01
 4.68000000e+01 0.00000000e+00 4.68000000e+01 6.05515063e+00 4.68000000e+01 -3.26041107e-02
 4.71000000e+01 0.00000000e+00 4.71000000e+01 5.12496723e+00 4.71000000e+01 1.15146338e-01
 4.74000000e+01 0.00000000e+00 4.74000000e+01 5.05119360e+00 4.74000000e+01 2.81547407e-01
 4.77000000e+01 0.00000000e+00 4.77000000e+01 5.75622214e+00 4.77000000e+01 5.71302610e-02
 4.80000000e+01 0.00000000e+00 4.80000000e+01 4.56708841e+00 4.80000000e+01 -4.25922087e-01
 4.83000000e+01 0.00000000e+00 4.83000000e+01 5.50115757e+00 4.83000000e+01 2.45572980e-01
 4.86000000e+01 0.00000000e+00 4.86000000e+01 5.28316119e+00 4.86000000e+01 -6.02280796e-01
 4.89000000e+01 0.00000000e+00 4.89000000e+01 5.15348375e+00 4.89000000e+01 4.48179321e-01
 4.92000000e+01 0.00000000e+00 4.92000000e+01 5.10438907e+00 4.92000000e+01 -1.07941128e-01
 4.95000000e+01 0.00000000e+00 4.95000000e+01 5.77113231e+00 4.95000000e+01 6.29017018e-03
 4.98000000e+01 0.00000000e+00 4.98000000e+01 5.16024800e+00 4.98000000e+01 -5.26427015e-01
 5.01000000e+01 0.00000000e+00 5.01000000e+01 3.56699834e+00 5.01000000e+01 -2.29279860e+00
 5.04000000e+01 0.00000000e+00 5.04000000e+01 3.54066810e+00 5.04000000e+01 -1.96536208e+00
 5.07000000e+01 0.00000000e+00 5.07000000e+01 3.79975563e+00 5.07000000e+01 -1.91173390e+00
 5.10000000e+01 0.00000000e+00 5.10000000e+01 4.17296712e+00 5.10000000e+01 -1.97797850e+00
 5.13000000e+01 0.00000000e+00 5.13000000e+01 4.14085430e+00 5.13000000e+01 -2.00423667e+00
 5.16000000e+01 0.00000000e+00 5.16000000e+01 3.53120799e+00 5.16000000e+01 -2.31260989e+00
 5.19000000e+01 0.00000000e+00 5.19000000e+01 3.87425281e+00 5.19000000e+01 -2.15473481e+00
 5.22000000e+01 0.00000000e+00 5.22000000e+01 3.78794940e+00 5.22000000e+01 -2.32147031e+00
 5.25000000e+01 0.00000000e+00 5.25000000e+01 3.92013889e+00 5.25000000e+01 -2.94854733e+00
 5.28000000e+01 0.00000000e+00 5.28000000e+01 3.46306766e+00 5.28000000e+01 -2.50698242e+00
 5.31000000e+01 0.00000000e+00 5.31000000e+01 3.44746296e+00 5.31000000e+01 -2.36201085e+00
 5.34000000e+01 0.00000000e+00 5.34000000e+01 3.07058130e+00 5.34000000e+01 -2.31789487e+00
 5.37000000e+01 0.00000000e+00 5.37000000e+01 3.82275883e+00 5.37000000e+01 -1.77080605e+00
 5.40000000e+01 0.00000000e+00 5.40000000e+01 4.12819516e+00 5.40000000e+01 -2.36318011e+00
 5.43000000e+01 0.00000000e+00 5.43000000e+01 4.12369354e+00 5.43000000e+01 -2.04944859e+00
 5.46000000e+01 0.00000000e+00 5.46000000e+01 3.72584349e+00 5.46000000e+01 -2.06987741e+00
 5.49000000e+01 0.00000000e+00 5.49000000e+01 3.93427936e+00 5.49000000e+01 -1.93739593e+00
 5.52000000e+01 0.00000000e+00 5.52000000e+01 7.52143999e+00 5.52000000e+01 -5.85378564e+00
 5.55000000e+01 0.00000000e+00 5.55000000e+01 7.31731038e+00 5.55000000e+01 -4.53376501e+00
 5.58000000e+01 0.00000000e+00 5.58000000e+01 7.47004483e+00 5.58000000e+01 -5.30700069e+00
 5.61000000e+01 0.00000000e+00 5.61000000e+01 7.53170319e+00 5.61000000e+01 -5.44955744e+00
 5.64000000e+01 0.00000000e+00 5.64000000e+01 7.58139012e+00 5.64000000e+01 -4.92146699e+00
 5.67000000e+01 0.00000000e+00 5.67000000e+01 7.29582028e+00 5.67000000e+01 -5.94774840e+00
 5.70000000e+01 0.00000000e+00 5.70000000e+01 7.01143567e+00 5.70000000e+01 -5.20933425e+00
 5.73000000e+01 0.00000000e+00 5.73000000e+01 6.43801755e+00 5.73000000e+01 -5.37163173e+00
 5.76000000e+01 0.00000000e+00 5.76000000e+01 7.19020550e+00 5.76000000e+01 -5.28207267e+00
 5.79000000e+01 0.00000000e+00 5.79000000e+01 7.20068717e+00 5.79000000e+01 -5.22802641e+00
 5.82000000e+01 0.00000000e+00 5.82000000e+01 7.52338559e+00 5.82000000e+01 -4.75996358e+00
 5.85000000e+01 0.00000000e+00 5.85000000e+01 7.43500641e+00 5.85000000e+01 -5.49749422e+00
 5.88000000e+01 0.00000000e+00 5.88000000e+01 6.76846384e+00 5.88000000e+01 -5.43123349e+00
 5.91000000e+01 0.00000000e+00 5.91000000e+01 6.87047468e+00 5.91000000e+01 -5.40475058e+00
 5.94000000e+01 0.00000000e+00 5.94000000e+01 7.47464762e+00 5.94000000e+01 -5.65482878e+00
 5.97000000e+01 0.00000000e+00 5.97000000e+01 7.57215458e+00 5.97000000e+01 -5.36387566e+00
