 0.00000000e+00 0.00000000e+00 0.00000000e+00 6.23203933e+00 0.00000000e+00 -4.48254004e+00
 3.00000000e-01 0.00000000e+00 3.00000000e-01 6.31987150e+00 3.00000000e-01 -3.99759166e+00
 6.00000000e-01 0.00000000e+00 6.00000000e-01 6.16834951e+00 6.00000000e-01 -4.91787238e+00
 9.00000000e-01 0.00000000e+00 9.00000000e-01 5.57880403e+00 9.00000000e-01 -4.23812470e+00
 1.20000000e+00 0.00000000e+00 1.20000000e+00 6.19955691e+00 1.20000000e+00 -4.53601418e+00
 1.50000000e+00 0.00000000e+00 1.50000000e+00 6.18757034e+00 1.50000000e+00 -3.88527836e+00
 1.80000000e+00 0.00000000e+00 1.80000000e+00 6.61280875e+00 1.80000000e+00 -4.36618140e+00
 2.10000000e+00 0.00000000e+00 2.10000000e+00 5.75782224e+00 2.10000000e+00 -5.42512657e+00
 2.40000000e+00 0.00000000e+00 2.40000000e+00 5.49687054e+00 2.40000000e+00 -4.68532898e+00
 2.70000000e+00 0.00000000e+00 2.70000000e+00 5.83509209e+00 2.70000000e+00 -4.31477814e+00
 3.00000000e+00 0.00000000e+00 3.00000000e+00 5.70265531e+00 3.00000000e+00 -4.65231162e+00
 3.30000000e+00 0.00000000e+00 3.30000000e+00 6.39455141e+00 3.30000000e+00 -4.32351218e+00
 3.60000000e+00 0.00000000e+00 3.60000000e+00 5.58707574e+00 3.60000000e+00 -4.26459899e+00
 3.90000000e+00 0.00000000e+00 3.90000000e+00 6.11418555e+00 3.90000000e+00 -4.47526968e+00
 4.20000000e+00 0.00000000e+00 4.20000000e+00 6.03840776e+00 4.20000000e+00 -3.92738376e+00
 4.50000000e+00 0.00000000e+00 4.50000000e+00 5.43460841e+00 4.50000000e+00 -3.99091794e+00
 4.80000000e+00 0.00000000e+00 4.80000000e+00 6.25190834e+00 4.80000000e+00 -4.39746595e+00
 5.10000000e+00 0.00000000e+00 5.10000000e+00 5.77623594e+00 5.10000000e+00 -4.70505783e+00
 5.40000000e+00 0.00000000e+00 5.40000000e+00 6.04207424e+00 5.40000000e+00 -4.77134981e+00
 5.70000000e+00 0.00000000e+00 5.70000000e+00 6.20997765e+00 5.70000000e+00 -4.16726824e+00
 6.00000000e+00 0.00000000e+00 6.00000000e+00 5.82128595e+00 6.00000000e+00 -5.03906575e+00
 6.30000000e+00 0.00000000e+00 6.30000000e+00 6.14081104e+00 6.30000000e+00 -4.29043435e+00
 6.60000000e+00 0.00000000e+00 6.60000000e+00 6.57375522e+00 6.60000000e+00 -4.59004881e+00
 6.90000000e+00 0.00000000e+00 6.90000000e+00 5.76457778e+00 6.90000000e+00 -4.71382331e+00
 7.20000000e+00 0.00000000e+00 7.20000000e+00 5.98522810e+00 7.20000000e+00 -4.52221845e+00
 7.50000000e+00 0.00000000e+00 7.50000000e+00 5.56051762e+00 7.50000000e+00 -4.59852700e+00
 7.80000000e+00 0.00000000e+00 7.80000000e+00 5.73393003e+00 7.80000000e+00 -4.01947894e+00
 8.10000000e+00 0.00000000e+00 8.10000000e+00 6.11195295e+00 8.10000000e+00 -4.62398947e+00
 8.40000000e+00 0.00000000e+00 8.40000000e+00 5.29760014e+00 8.40000000e+00 -4.06830855e+00
 8.70000000e+00 0.00000000e+00 8.70000000e+00 6.19991413e+00 8.70000000e+00 -4.02118602e+00
 9.00000000e+00 0.00000000e+00 9.00000000e+00 5.79187705e+00 9.00000000e+00 -4.19641046e+00
 9.30000000e+00 0.00000000e+00 9.30000000e+00 5.86911343e+00 9.30000000e+00 -4.87806925e+00
 9.60000000e+00 0.00000000e+00 9.60000000e+00 5.76097748e+00 9.60000000e+00 -4.30279611e+00
 9.90000000e+00 0.00000000e+00 9.90000000e+00 6.29621948e+00 9.90000000e+00 -4.24997195e+00
 1.02000000e+01 0.00000000e+00 1.02000000e+01 6.22396246e+00 1.02000000e+01 -4.84472518e+00
 1.05000000e+01 0.00000000e+00 1.05000000e+01 5.75130056e+00 1.05000000e+01 -4.49796009e+00
 1.08000000e+01 0.00000000e+00 1.08000000e+01 5.43096557e+00 1.08000000e+01 -3.90994846e+00
 1.11000000e+01 0.00000000e+00 1.11000000e+01 6.19808283e+00 1.11000000e+01 -4.73181627e+00
 1.14000000e+01 0.00000000e+00 1.14000000e+01 6.15025654e+00 1.14000000e+01 -5.15863846e+00
 1.17000000e+01 0.00000000e+00 1.17000000e+01 5.85384524e+00 1.17000000e+01 -4.84376338e+00
 1.20000000e+01 0.00000000e+00 1.20000000e+01 6.29712255e+00 1.20000000e+01 -4.59625930e+00
 1.23000000e+01 0.00000000e+00 1.23000000e+01 6.31788270e+00 1.23000000e+01 -4.61391653e+00
 1.26000000e+01 0.00000000e+00 1.26000000e+01 6.00355640e+00 1.26000000e+01 -4.35105674e+00
 1.29000000e+01 0.00000000e+00 1.29000000e+01 6.65917498e+00 1.29000000e+01 -4.67562026e+00
 1.32000000e+01 0.00000000e+00 1.32000000e+01 5.78543823e+00 1.32000000e+01 -4.81936109e+00
 1.35000000e+01 0.00000000e+00 1.35000000e+01 6.40488362e+00 1.35000000e+01 -3.93909284e+00
 1.38000000e+01 0.00000000e+00 1.38000000e+01 6.33356347e+00 1.38000000e+01 -3.88744295e+00
 1.41000000e+01 0.00000000e+00 1.41000000e+01 5.64822268e+00 1.41000000e+01 -4.06094754e+00
 1.44000000e+01 0.00000000e+00 1.44000000e+01 6.69903432e+00 1.44000000e+01 -4.52998596e+00
 1.47000000e+01 0.00000000e+00 1.47000000e+01 6.00671683e+00 1.47000000e+01 -4.52034578e+00
 1.50000000e+01 0.00000000e+00 1.50000000e+01 5.69308844e+00 1.50000000e+01 -4.17241509e+00
 1.53000000e+01 0.00000000e+00 1.53000000e+01 3.16010470e+00 1.53000000e+01 -5.20520191e+00
 1.56000000e+01 0.00000000e+00 1.56000000e+01 3.71216015e+00 1.56000000e+01 -6.04030998e+00
 1.59000000e+01 0.00000000e+00 1.59000000e+01 3.24103024e+00 1.59000000e+01 -6.44331300e+00
 1.62000000e+01 0.00000000e+00 1.62000000e+01 2.82718235e+00 1.62000000e+01 -5.37944882e+00
 1.65000000e+01 0.00000000e+00 1.65000000e+01 2.53699399e+00 1.65000000e+01 -5.51258372e+00
 1.68000000e+01 0.00000000e+00 1.68000000e+01 2.43718844e+00 1.68000000e+01 -6.18382032e+00
 1.71000000e+01 0.00000000e+00 1.71000000e+01 3.40266603e+00 1.71000000e+01 -6.73285480e+00
 1.74000000e+01 0.00000000e+00 1.74000000e+01 2.52895692e+00 1.74000000e+01 -5.64943863e+00
 1.77000000e+01 0.00000000e+00 1.77000000e+01 2.46599540e+00 1.77000000e+01 -6.60056166e+00
 1.80000000e+01 0.00000000e+00 1.80000000e+01 2.73878000e+00 1.80000000e+01 -6.49853331e+00
 1.83000000e+01 0.00000000e+00 1.83000000e+01 2.96204187e+00 1.83000000e+01 -6.03716199e+00
 1.86000000e+01 0.00000000e+00 1.86000000e+01 2.67224503e+00 1.86000000e+01 -6.03032208e+00
 1.89000000e+01 0.00000000e+00 1.89000000e+01 2.99694552e+00 1.89000000e+01 -6.55168716e+00
 1.92000000e+01 0.00000000e+00 1.92000000e+01 3.14260364e+00 1.92000000e+01 -6.22678744e+00
 1.95000000e+01 0.00000000e+00 1.95000000e+01 2.74785681e+00 1.95000000e+01 -6.01964754e+00
 1.98000000e+01 0.00000000e+00 1.98000000e+01 3.15619606e+00 1.98000000e+01 -6.16882189e+00
 2.01000000e+01 0.00000000e+00 2.01000000e+01 2.96527435e+00 2.01000000e+01 -6.25869708e+00
 2.04000000e+01 0.00000000e+00 2.04000000e+01 3.04504715e+00 2.04000000e+01 -6.89284198e+00
 2.07000000e+01 0.00000000e+00 2.07000000e+01 2.86163663e+00 2.07000000e+01 -6.34880945e+00
 2.10000000e+01 0.00000000e+00 2.10000000e+01 2.48665976e+00 2.10000000e+01 -6.38196740e+00
 2.13000000e+01 0.00000000e+00 2.13000000e+01 3.05267749e+00 2.13000000e+01 -5.89780234e+00
 2.16000000e+01 0.00000000e+00 2.16000000e+01 2.94276360e+00 2.16000000e+01 -6.03053455e+00
 2.19000000e+01 0.00000000e+00 2.19000000e+01 3.52983513e+00 2.19000000e+01 -6.04604933e+00
 2.22000000e+01 0.00000000e+00 2.22000000e+01 2.73303755e+00 2.22000000e+01 -5.84303510e+00
 2.25000000e+01 0.00000000e+00 2.25000000e+01 2.79013408e+00 2.25000000e+01 -5.90346754e+00
 2.28000000e+01 0.00000000e+00 2.28000000e+01 3.29649081e+00 2.28000000e+01 -5.87095045e+00
 2.31000000e+01 0.00000000e+00 2.31000000e+01 2.68960168e+00 2.31000000e+01 -6.21112857e+00
 2.34000000e+01 0.00000000e+00 2.34000000e+01 2.82182175e+00 2.34000000e+01 -5.31244380e+00
 2.37000000e+01 0.00000000e+00 2.37000000e+01 2.80958911e+00 2.37000000e+01 -6.93145165e+00
 2.40000000e+01 0.00000000e+00 2.40000000e+01 2.70152565e+00 2.40000000e+01 -5.55094903e+00
 2.43000000e+01 0.00000000e+00 2.43000000e+01 3.31753539e+00 2.43000000e+01 -6.29443238e+00
 2.46000000e+01 0.00000000e+00 2.46000000e+01 3.46551892e+00 2.46000000e+01 -6.52227590e+00
 2.49000000e+01 0.00000000e+00 2.49000000e+01 2.77507668e+00 2.49000000e+01 -5.65855000e+00
 2.52000000e+01 0.00000000e+00 2.52000000e+01 3.19419265e+00 2.52000000e+01 -7.06123866e+00
 2.55000000e+01 0.00000000e+00 2.55000000e+01 3.50111532e+00 2.55000000e+01 -6.15324874e+00
 2.58000000e+01 0.00000000e+00 2.58000000e+01 3.40148953e+00 2.58000000e+01 -6.59880854e+00
 2.61000000e+01 0.00000000e+00 2.61000000e+01 2.35209786e+00 2.61000000e+01 -6.45406203e+00
 2.64000000e+01 0.00000000e+00 2.64000000e+01 3.25308722e+00 2.64000000e+01 -6.62954053e+00
 2.67000000e+01 0.00000000e+00 2.67000000e+01 3.30456393e+00 2.67000000e+01 -6.36249903e+00
 2.70000000e+01 0.00000000e+00 2.70000000e+01 2.71152324e+00 2.70000000e+01 -6.61647127e+00
 2.73000000e+01 0.00000000e+00 2.73000000e+01 2.88806167e+00 2.73000000e+01 -5.66557180e+00
 2.76000000e+01 0.00000000e+00 2.76000000e+01 2.79951686e+00 2.76000000e+01 -6.20204333e+00
 2.79000000e+01 0.00000000e+00 2.79000000e+01 3.01916822e+00 2.79000000e+01 -7.07554579e+00
 2.82000000e+01 0.00000000e+00 2.82000000e+01 3.30393690e+00 2.82000000e+01 -7.44130333e+00
 2.85000000e+01 0.00000000e+00 2.85000000e+01 3.03904249e+00 2.85000000e+01 -6.54085177e+00
 2.88000000e+01 0.00000000e+00 2.88000000e+01 3.35230062e+00 2.88000000e+01 -6.43875795e+00
 2.91000000e+01 0.00000000e+00 2.91000000e+01 2.33784154e+00 2.91000000e+01 -6.00032019e+00
 2.94000000e+01 0.00000000e+00 2.94000000e+01 3.19592171e+00 2.94000000e+01 -6.79237498e+00
 2.97000000e+01 0.00000000e+00 2.97000000e+01 2.87081283e+00 2.97000000e+01 -6.64431111e+00
 3.00000000e+01 0.00000000e+00 3.00000000e+01 2.72472380e+00 3.00000000e+01 -6.79859112e+00
 3.03000000e+01 0.00000000e+00 3.03000000e+01 3.13373366e+00 3.03000000e+01 -6.52843970e+00
 3.06000000e+01 0.00000000e+00 3.06000000e+01 3.60444217e+00 3.06000000e+01 -5.99715325e+00
 3.09000000e+01 0.00000000e+00 3.09000000e+01 3.01580118e+00 3.09000000e+01 -5.96774632e+00
 3.12000000e+01 0.00000000e+00 3.12000000e+01 3.29885567e+00 3.12000000e+01 -6.04636663e+00
 3.15000000e+01 0.00000000e+00 3.15000000e+01 3.01905745e+00 3.15000000e+01 -6.86426611e+00
 3.18000000e+01 0.00000000e+00 3.18000000e+01 2.68931158e+00 3.18000000e+01 -6.26167056e+00
 3.21000000e+01 0.00000000e+00 3.21000000e+01 3.14188480e+00 3.21000000e+01 -6.51939181e+00
 3.24000000e+01 0.00000000e+00 3.24000000e+01 3.08950330e+00 3.24000000e+01 -6.70040007e+00
 3.27000000e+01 0.00000000e+00 3.27000000e+01 2.62415235e+00 3.27000000e+01 -6.29784321e+00
 3.30000000e+01 0.00000000e+00 3.30000000e+01 3.19791805e+00 3.30000000e+01 -6.41037964e+00
 3.33000000e+01 0.00000000e+00 3.33000000e+01 2.74039127e+00 3.33000000e+01 -6.70540362e+00
 3.36000000e+01 0.00000000e+00 3.36000000e+01 2.24092270e+00 3.36000000e+01 -6.31893566e+00
 3.39000000e+01 0.00000000e+00 3.39000000e+01 2.39126839e+00 3.39000000e+01 -6.15960985e+00
 3.42000000e+01 0.00000000e+00 3.42000000e+01 3.13441219e+00 3.42000000e+01 -6.21147640e+00
 3.45000000e+01 0.00000000e+00 3.45000000e+01 3.42209081e+00 3.45000000e+01 -6.85616471e+00
 3.48000000e+01 0.00000000e+00 3.48000000e+01 2.72771681e+00 3.48000000e+01 -6.57263457e+00
 3.51000000e+01 0.00000000e+00 3.51000000e+01 3.24460501e+00 3.51000000e+01 -2.47716234e-02
 3.54000000e+01 0.00000000e+00 3.54000000e+01 3.90364684e+00 3.54000000e+01 2.98034511e-01
 3.57000000e+01 0.00000000e+00 3.57000000e+01 3.69532236e+00 3.57000000e+01 -7.76777872e-01
 3.60000000e+01 0.00000000e+00 3.60000000e+01 4.38092343e+00 3.60000000e+01 -5.20953765e-01
 3.63000000e+01 0.00000000e+00 3.63000000e+01 4.02428715e+00 3.63000000e+01 1.13094887e-02
 3.66000000e+01 0.00000000e+00 3.66000000e+01 4.14867463e+00 3.66000000e+01 -8.11343528e-01
 3.69000000e+01 0.00000000e+00 3.69000000e+01 4.02477289e+00 3.69000000e+01 -6.07880187e-03
 3.72000000e+01 0.00000000e+00 3.72000000e+01 4.13257037e+00 3.72000000e+01 3.07956996e-01
 3.75000000e+01 0.00000000e+00 3.75000000e+01 3.69380130e+00 3.75000000e+01 -1.14581726e+00
 3.78000000e+01 0.00000000e+00 3.78000000e+01 3.99036748e+00 3.78000000e+01 -7.65777968e-01
 3.81000000e+01 0.00000000e+00 3.81000000e+01 3.87227269e+00 3.81000000e+01 -1.63034315e-01
 3.84000000e+01 0.00000000e+00 3.84000000e+01 3.72873840e+00 3.84000000e+01 -2.32250155e-01
 3.87000000e+01 0.00000000e+00 3.87000000e+01 4.54563072e+00 3.87000000e+01 -5.28099783e-02
 3.90000000e+01 0.00000000e+00 3.90000000e+01 4.08514332e+00 3.90000000e+01 -1.48757008e-01
 3.93000000e+01 0.00000000e+00 3.93000000e+01 3.72153482e+00 3.93000000e+01 2.08770326e-01
 3.96000000e+01 0.00000000e+00 3.96000000e+01 3.80346583e+00 3.96000000e+01 -5.24484864e-01
 3.99000000e+01 0.00000000e+00 3.99000000e+01 4.07574407e+00 3.99000000e+01 -2.53757273e-01
 4.02000000e+01 0.00000000e+00 4.02000000e+01 6.34238548e+00 4.02000000e+01 -1.75953165e+00
 4.05000000e+01 0.00000000e+00 4.05000000e+01 5.83933937e+00 4.05000000e+01 -2.03421348e+00
 4.08000000e+01 0.00000000e+00 4.08000000e+01 6.26668010e+00 4.08000000e+01 -1.86658531e+00
 4.11000000e+01 0.00000000e+00 4.11000000e+01 5.96488622e+00 4.11000000e+01 -2.08549596e+00
 4.14000000e+01 0.00000000e+00 4.14000000e+01 6.23320188e+00 4.14000000e+01 -2.37662562e+00
 4.17000000e+01 0.00000000e+00 4.17000000e+01 6.33187730e+00 4.17000000e+01 -2.17733606e+00
 4.20000000e+01 0.00000000e+00 4.20000000e+01 5.34139547e+00 4.20000000e+01 -1.92573465e+00
 4.23000000e+01 0.00000000e+00 4.23000000e+01 5.98800874e+00 4.23000000e+01 -1.49052052e+00
 4.26000000e+01 0.00000000e+00 4.26000000e+01 5.38155741e+00 4.26000000e+01 -1.51833341e+00
 4.29000000e+01 0.00000000e+00 4.29000000e+01 5.74230026e+00 4.29000000e+01 -1.82779300e+00
 4.32000000e+01 0.00000000e+00 4.32000000e+01 6.08749026e+00 4.32000000e+01 -2.26642599e+00
 4.35000000e+01 0.00000000e+00 4.35000000e+01 6.22872954e+00 4.35000000e+01 -1.86465782e+00
 4.38000000e+01 0.00000000e+00 4.38000000e+01 5.23184076e+00 4.38000000e+01 -2.26641552e+00
 4.41000000e+01 0.00000000e+00 4.41000000e+01 6.19191721e+00 4.41000000e+01 -1.61045428e+00
 4.44000000e+01 0.00000000e+00 4.44000000e+01 6.23311994e+00 4.44000000e+01 -2.12367677e+00
 4.47000000e+01 0.00000000e+00 4.47000000e+01 6.08579400e+00 4.47000000e+01 -1.99896354e+00
 4.50000000e+01 0.00000000e+00 4.50000000e+01 5.84050978e+00 4.50000000e+01 -1.80819959e+00
 4.53000000e+01 0.00000000e+00 4.53000000e+01 5.75754519e+00 4.53000000e+01 -2.93440715e+00
 4.56000000e+01 0.00000000e+00 4.56000000e+01 6.07357976e+00 4.56000000e+01 -2.13576888e+00
 4.59000000e+01 0.00000000e+00 4.59000000e+01 5.54235362e+00 4.59000000e+01 -1.82337320e+00
 4.62000000e+01 0.00000000e+00 4.62000000e+01 6.46941059e+00 4.62000000e+01 -1.96943503e+00
 4.65000000e+01 0.00000000e+00 4.65000000e+01 6.13417811e+00 4.65000000e+01 -1.73305165e+00
 4.68000000e+01 0.00000000e+00 4.68000000e+01 5.52581167e+00 4.68000000e+01 -2.39387738e+00
 4.71000000e+01 0.00000000e+00 4.71000000e+01 5.96849535e+00 4.71000000e+01 -1.99554589e+00
 4.74000000e+01 0.00000000e+00 4.74000000e+01 5.75683049e+00 4.74000000e+01 -2.41566566e+00
 4.77000000e+01 0.00000000e+00 4.77000000e+01 6.44113850e+00 4.77000000e+01 -2.12171567e+00
 4.80000000e+01 0.00000000e+00 4.80000000e+01 5.64311934e+00 4.80000000e+01 -2.06384709e+00
 4.83000000e+01 0.00000000e+00 4.83000000e+01 6.22315373e+00 4.83000000e+01 -2.50607657e+00
 4.86000000e+01 0.00000000e+00 4.86000000e+01 5.49877954e+00 4.86000000e+01 -2.24960672e+00
 4.89000000e+01 0.00000000e+00 4.89000000e+01 5.75069536e+00 4.89000000e+01 -1.85774924e+00
 4.92000000e+01 0.00000000e+00 4.92000000e+01 5.76838658e+00 4.92000000e+01 -2.60616132e+00
 4.95000000e+01 0.00000000e+00 4.95000000e+01 5.96445896e+00 4.95000000e+01 -2.74049215e+00
 4.98000000e+01 0.00000000e+00 4.98000000e+01 5.54039691e+00 4.98000000e+01 -2.38534754e+00
 5.01000000e+01 0.00000000e+00 5.01000000e+01 3.28267994e+00 5.01000000e+01 -3.43709513e+00
 5.04000000e+01 0.00000000e+00 5.04000000e+01 2.98905549e+00 5.04000000e+01 -2.96070266e+00
 5.07000000e+01 0.00000000e+00 5.07000000e+01 3.23715280e+00 5.07000000e+01 -3.12478638e+00
 5.10000000e+01 0.00000000e+00 5.10000000e+01 3.42264076e+00 5.10000000e+01 -3.36611725e+00
 5.13000000e+01 0.00000000e+00 5.13000000e+01 3.08909819e+00 5.13000000e+01 -3.02852571e+00
 5.16000000e+01 0.00000000e+00 5.16000000e+01 3.90579372e+00 5.16000000e+01 -3.50144619e+00
 5.19000000e+01 0.00000000e+00 5.19000000e+01 3.30476402e+00 5.19000000e+01 -3.32372127e+00
 5.22000000e+01 0.00000000e+00 5.22000000e+01 3.50566736e+00 5.22000000e+01 -3.15458900e+00
 5.25000000e+01 0.00000000e+00 5.25000000e+01 3.34290017e+00 5.25000000e+01 -3.72734769e+00
 5.28000000e+01 0.00000000e+00 5.28000000e+01 3.41451986e+00 5.28000000e+01 -2.85362622e+00
 5.31000000e+01 0.00000000e+00 5.31000000e+01 3.61726266e+00 5.31000000e+01 -3.22747022e+00
 5.34000000e+01 0.00000000e+00 5.34000000e+01 3.50842979e+00 5.34000000e+01 -3.70525856e+00
 5.37000000e+01 0.00000000e+00 5.37000000e+01 3.20899899e+00 5.37000000e+01 -3.21380004e+00
 5.40000000e+01 0.00000000e+00 5.40000000e+01 3.58247785e+00 5.40000000e+01 -2.78411642e+00
 5.43000000e+01 0.00000000e+00 5.43000000e+01 3.15286446e+00 5.43000000e+01 -3.27995256e+00
 5.46000000e+01 0.00000000e+00 5.46000000e+01 3.96679062e+00 5.46000000e+01 -3.35925697e+00
 5.49000000e+01 0.00000000e+00 5.49000000e+01 2.97030449e+00 5.49000000e+01 -3.50565739e+00
 5.52000000e+01 0.00000000e+00 5.52000000e+01 6.13974856e+00 5.52000000e+01 -4.02359323e+00
 5.55000000e+01 0.00000000e+00 5.55000000e+01 6.03360078e+00 5.55000000e+01 -4.31213694e+00
 5.58000000e+01 0.00000000e+00 5.58000000e+01 6.89711535e+00 5.58000000e+01 -4.42236722e+00
 5.61000000e+01 0.00000000e+00 5.61000000e+01 6.26963207e+00 5.61000000e+01 -4.49331759e+00
 5.64000000e+01 0.00000000e+00 5.64000000e+01 6.52232561e+00 5.64000000e+01 -5.04184482e+00
 5.67000000e+01 0.00000000e+00 5.67000000e+01 6.23571740e+00 5.67000000e+01 -4.65271269e+00
 5.70000000e+01 0.00000000e+00 5.70000000e+01 5.74413632e+00 5.70000000e+01 -4.16307867e+00
 5.73000000e+01 0.00000000e+00 5.73000000e+01 5.36092766e+00 5.73000000e+01 -4.54895421e+00
 5.76000000e+01 0.00000000e+00 5.76000000e+01 6.16431920e+00 5.76000000e+01 -4.62476416e+00
 5.79000000e+01 0.00000000e+00 5.79000000e+01 6.15845692e+00 5.79000000e+01 -4.76703618e+00
 5.82000000e+01 0.00000000e+00 5.82000000e+01 6.61902545e+00 5.82000000e+01 -4.27721863e+00
 5.85000000e+01 0.00000000e+00 5.85000000e+01 6.03026900e+00 5.85000000e+01 -4.65712828e+00
 5.88000000e+01 0.00000000e+00 5.88000000e+01 6.63735201e+00 5.88000000e+01 -4.74589292e+00
 5.91000000e+01 0.00000000e+00 5.91000000e+01 5.73201456e+00 5.91000000e+01 -4.58260694e+00
 5.94000000e+01 0.00000000e+00 5.94000000e+01 6.35211109e+00 5.94000000e+01 -4.86182743e+00
 5.97000000e+01 0.00000000e+00 5.97000000e+01 6.09191454e+00 5.97000000e+01 -4.62292751e+00
