 0.00000000e+00 0.00000000e+00 0.00000000e+00 7.75478228e+00 0.00000000e+00 -4.38623144e+00
 3.00000000e-01 0.00000000e+00 3.00000000e-01 7.99930480e+00 3.00000000e-01 -4.23853939e+00
 6.00000000e-01 0.00000000e+00 6.00000000e-01 7.48460226e+00 6.00000000e-01 -4.96150274e+00
 9.00000000e-01 0.00000000e+00 9.00000000e-01 7.60325694e+00 9.00000000e-01 -4.87275146e+00
 1.20000000e+00 0.00000000e+00 1.20000000e+00 8.04493872e+00 1.20000000e+00 -4.44199299e+00
 1.50000000e+00 0.00000000e+00 1.50000000e+00 7.71320711e+00 1.50000000e+00 -3.92721907e+00
 1.80000000e+00 0.00000000e+00 1.80000000e+00 7.92101009e+00 1.80000000e+00 -4.99731168e+00
 2.10000000e+00 0.00000000e+00 2.10000000e+00 7.69093358e+00 2.10000000e+00 -4.33252427e+00
 2.40000000e+00 0.00000000e+00 2.40000000e+00 7.28824167e+00 2.40000000e+00 -4.22846808e+00
 2.70000000e+00 0.00000000e+00 2.70000000e+00 7.71701773e+00 2.70000000e+00 -4.42783619e+00
 3.00000000e+00 0.00000000e+00 3.00000000e+00 7.99887177e+00 3.00000000e+00 -4.63195424e+00
 3.30000000e+00 0.00000000e+00 3.30000000e+00 7.53621035e+00 3.30000000e+00 -4.39515642e+00
 3.60000000e+00 0.00000000e+00 3.60000000e+00 8.25293605e+00 3.60000000e+00 -4.42002723e+00
 3.90000000e+00 0.00000000e+00 3.90000000e+00 7.82439914e+00 3.90000000e+00 -5.24609941e+00
 4.20000000e+00 0.00000000e+00 4.20000000e+00 7.95757244e+00 4.20000000e+00 -4.52253676e+00
 4.50000000e+00 0.00000000e+00 4.50000000e+00 7.23734594e+00 4.50000000e+00 -4.72115733e+00
 4.80000000e+00 0.00000000e+00 4.80000000e+00 7.99423007e+00 4.80000000e+00 -4.32268161e+00
 5.10000000e+00 0.00000000e+00 5.10000000e+00 7.73856569e+00 5.10000000e+00 -4.32132817e+00
 5.40000000e+00 0.00000000e+00 5.40000000e+00 8.13512278e+00 5.40000000e+00 -4.59764023e+00
 5.70000000e+00 0.00000000e+00 5.70000000e+00 8.17421483e+00 5.70000000e+00 -4.44333927e+00
 6.00000000e+00 0.00000000e+00 6.00000000e+00 8.24054639e+00 6.00000000e+00 -5.09751501e+00
 6.30000000e+00 0.00000000e+00 6.30000000e+00 8.21062130e+00 6.30000000e+00 -4.92571078e+00
 6.60000000e+00 0.00000000e+00 6.60000000e+00 8.20879267e+00 6.60000000e+00 -4.61386982e+00
 6.90000000e+00 0.00000000e+00 6.90000000e+00 7.92615218e+00 6.90000000e+00 -5.54067736e+00
 7.20000000e+00 0.00000000e+00 7.20000000e+00 7.99899046e+00 7.20000000e+00 -4.34883885e+00
 7.50000000e+00 0.00000000e+00 7.50000000e+00 8.12344145e+00 7.50000000e+00 -4.67428814e+00
 7.80000000e+00 0.00000000e+00 7.80000000e+00 7.69921993e+00 7.80000000e+00 -5.39764743e+00
 8.10000000e+00 0.00000000e+00 8.10000000e+00 7.39512458e+00 8.10000000e+00 -4.98685964e+00
 8.40000000e+00 0.00000000e+00 8.40000000e+00 8.31204328e+00 8.40000000e+00 -4.85015271e+00
 8.70000000e+00 0.00000000e+00 8.70000000e+00 8.40752589e+00 8.70000000e+00 -5.09393040e+00
 9.00000000e+00 0.00000000e+00 9.00000000e+00 8.24289499e+00 9.00000000e+00 -5.07861459e+00
 9.30000000e+00 0.00000000e+00 9.30000000e+00 7.57569775e+00 9.30000000e+00 -4.86100882e+00
 9.60000000e+00 0.00000000e+00 9.60000000e+00 7.86649222e+00 9.60000000e+00 -5.12937594e+00
 9.90000000e+00 0.00000000e+00 9.90000000e+00 7.45852820e+00 9.90000000e+00 -4.62022144e+00
 1.02000000e+01 0.00000000e+00 1.02000000e+01 8.30785287e+00 1.02000000e+01 -5.01921131e+00
 1.05000000e+01 0.00000000e+00 1.05000000e+01 8.37406177e+00 1.05000000e+01 -5.22975523e+00
 1.08000000e+01 0.00000000e+00 1.08000000e+01 7.64237368e+00 1.08000000e+01 -4.17094993e+00
 1.11000000e+01 0.00000000e+00 1.11000000e+01 7.60213428e+00 1.11000000e+01 -4.03397868e+00
 1.14000000e+01 0.00000000e+00 1.14000000e+01 7.14844349e+00 1.14000000e+01 -4.57629334e+00
 1.17000000e+01 0.00000000e+00 1.17000000e+01 8.06814108e+00 1.17000000e+01 -4.58554058e+00
 1.20000000e+01 0.00000000e+00 1.20000000e+01 7.92355452e+00 1.20000000e+01 -4.78948377e+00
 1.23000000e+01 0.00000000e+00 1.23000000e+01 7.92634120e+00 1.23000000e+01 -4.30070966e+00
 1.26000000e+01 0.00000000e+00 1.26000000e+01 7.72397098e+00 1.26000000e+01 -4.92578691e+00
 1.29000000e+01 0.00000000e+00 1.29000000e+01 7.92789254e+00 1.29000000e+01 -4.34147377e+00
 1.32000000e+01 0.00000000e+00 1.32000000e+01 8.30659952e+00 1.32000000e+01 -3.72464311e+00
 1.35000000e+01 0.00000000e+00 1.35000000e+01 7.90892432e+00 1.35000000e+01 -4.70043523e+00
 1.38000000e+01 0.00000000e+00 1.38000000e+01 7.62923293e+00 1.38000000e+01 -5.01164312e+00
 1.41000000e+01 0.00000000e+00 1.41000000e+01 7.90381804e+00 1.41000000e+01 -4.59338510e+00
 1.44000000e+01 0.00000000e+00 1.44000000e+01 7.62215685e+00 1.44000000e+01 -4.80415352e+00
 1.47000000e+01 0.00000000e+00 1.47000000e+01 7.56444018e+00 1.47000000e+01 -4.25665979e+00
 1.50000000e+01 0.00000000e+00 1.50000000e+01 7.74051342e+00 1.50000000e+01 -4.26539651e+00
 1.53000000e+01 0.00000000e+00 1.53000000e+01 2.66530221e+00 1.53000000e+01 -3.42378947e+00
 1.56000000e+01 0.00000000e+00 1.56000000e+01 2.00098543e+00 1.56000000e+01 -3.61706721e+00
 1.59000000e+01 0.00000000e+00 1.59000000e+01 2.00584194e+00 1.59000000e+01 -3.47768334e+00
 1.62000000e+01 0.00000000e+00 1.62000000e+01 2.37164133e+00 1.62000000e+01 -3.83787358e+00
 1.65000000e+01 0.00000000e+00 1.65000000e+01 1.98226002e+00 1.65000000e+01 -4.21137061e+00
 1.68000000e+01 0.00000000e+00 1.68000000e+01 1.93489358e+00 1.68000000e+01 -3.91923559e+00
 1.71000000e+01 0.00000000e+00 1.71000000e+01 2.13134009e+00 1.71000000e+01 -3.47098779e+00
 1.74000000e+01 0.00000000e+00 1.74000000e+01 2.91008231e+00 1.74000000e+01 -3.25874552e+00
 1.77000000e+01 0.00000000e+00 1.77000000e+01 2.42983439e+00 1.77000000e+01 -3.72506090e+00
 1.80000000e+01 0.00000000e+00 1.80000000e+01 2.36539937e+00 1.80000000e+01 -4.05850114e+00
 1.83000000e+01 0.00000000e+00 1.83000000e+01 1.82618023e+00 1.83000000e+01 -4.22446730e+00
 1.86000000e+01 0.00000000e+00 1.86000000e+01 1.82216190e+00 1.86000000e+01 -3.89353705e+00
 1.89000000e+01 0.00000000e+00 1.89000000e+01 1.92176115e+00 1.89000000e+01 -3.55957546e+00
 1.92000000e+01 0.00000000e+00 1.92000000e+01 1.56886064e+00 1.92000000e+01 -3.99802874e+00
 1.95000000e+01 0.00000000e+00 1.95000000e+01 2.35247704e+00 1.95000000e+01 -3.23736482e+00
 1.98000000e+01 0.00000000e+00 1.98000000e+01 2.22153229e+00 1.98000000e+01 -3.48038782e+00
 2.01000000e+01 0.00000000e+00 2.01000000e+01 1.83460144e+00 2.01000000e+01 -3.52857612e+00
 2.04000000e+01 0.00000000e+00 2.04000000e+01 1.75140798e+00 2.04000000e+01 -4.08167467e+00
 2.07000000e+01 0.00000000e+00 2.07000000e+01 2.16222629e+00 2.07000000e+01 -3.97795064e+00
 2.10000000e+01 0.00000000e+00 2.10000000e+01 1.81671846e+00 2.10000000e+01 -3.45327649e+00
 2.13000000e+01 0.00000000e+00 2.13000000e+01 2.02494390e+00 2.13000000e+01 -3.77107103e+00
 2.16000000e+01 0.00000000e+00 2.16000000e+01 1.50248647e+00 2.16000000e+01 -3.12453743e+00
 2.19000000e+01 0.00000000e+00 2.19000000e+01 2.63360219e+00 2.19000000e+01 -3.96827026e+00
 2.22000000e+01 0.00000000e+00 2.22000000e+01 2.52688231e+00 2.22000000e+01 -3.44782599e+00
 2.25000000e+01 0.00000000e+00 2.25000000e+01 1.78472846e+00 2.25000000e+01 -3.36036123e+00
 2.28000000e+01 0.00000000e+00 2.28000000e+01 1.84684714e+00 2.28000000e+01 -3.92302227e+00
 2.31000000e+01 0.00000000e+00 2.31000000e+01 1.96242211e+00 2.31000000e+01 -3.60164096e+00
 2.34000000e+01 0.00000000e+00 2.34000000e+01 2.17509010e+00 2.34000000e+01 -3.36488267e+00
 2.37000000e+01 0.00000000e+00 2.37000000e+01 2.05980995e+00 2.37000000e+01 -3.44626100e+00
 2.40000000e+01 0.00000000e+00 2.40000000e+01 2.26882556e+00 2.40000000e+01 -3.99971337e+00
 2.43000000e+01 0.00000000e+00 2.43000000e+01 2.15778136e+00 2.43000000e+01 -3.84537217e+00
 2.46000000e+01 0.00000000e+00 2.46000000e+01 2.42128380e+00 2.46000000e+01 -4.15395591e+00
 2.49000000e+01 0.00000000e+00 2.49000000e+01 2.01408759e+00 2.49000000e+01 -3.64205152e+00
 2.52000000e+01 0.00000000e+00 2.52000000e+01 2.03742033e+00 2.52000000e+01 -4.75505169e+00
 2.55000000e+01 0.00000000e+00 2.55000000e+01 2.23841196e+00 2.55000000e+01 -5.33073452e+00
 2.58000000e+01 0.00000000e+00 2.58000000e+01 2.30824634e+00 2.58000000e+01 -5.29397027e+00
 2.61000000e+01 0.00000000e+00 2.61000000e+01 2.13607515e+00 2.61000000e+01 -4.71340477e+00
 2.64000000e+01 0.00000000e+00 2.64000000e+01 1.75430197e+00 2.64000000e+01 -4.66367194e+00
 2.67000000e+01 0.00000000e+00 2.67000000e+01 2.19391192e+00 2.67000000e+01 -4.80618855e+00
 2.70000000e+01 0.00000000e+00 2.70000000e+01 1.85685669e+00 2.70000000e+01 -4.49437567e+00
 2.73000000e+01 0.00000000e+00 2.73000000e+01 2.02391180e+00 2.73000000e+01 -4.93736302e+00
 2.76000000e+01 0.00000000e+00 2.76000000e+01 2.46660372e+00 2.76000000e+01 -5.23278410e+00
 2.79000000e+01 0.00000000e+00 2.79000000e+01 2.29149296e+00 2.79000000e+01 -4.75824540e+00
 2.82000000e+01 0.00000000e+00 2.82000000e+01 2.63391598e+00 2.82000000e+01 -4.85086267e+00
 2.85000000e+01 0.00000000e+00 2.85000000e+01 2.11093225e+00 2.85000000e+01 -4.85901642e+00
 2.88000000e+01 0.00000000e+00 2.88000000e+01 2.33751165e+00 2.88000000e+01 -5.29826836e+00
 2.91000000e+01 0.00000000e+00 2.91000000e+01 1.68560059e+00 2.91000000e+01 -4.99905698e+00
 2.94000000e+01 0.00000000e+00 2.94000000e+01 2.07457097e+00 2.94000000e+01 -4.85395958e+00
 2.97000000e+01 0.00000000e+00 2.97000000e+01 2.35556587e+00 2.97000000e+01 -4.42110862e+00
 3.00000000e+01 0.00000000e+00 3.00000000e+01 2.36193506e+00 3.00000000e+01 -4.99460321e+00
 3.03000000e+01 0.00000000e+00 3.03000000e+01 2.53994269e+00 3.03000000e+01 -4.94312417e+00
 3.06000000e+01 0.00000000e+00 3.06000000e+01 2.32691124e+00 3.06000000e+01 -4.72668442e+00
 3.09000000e+01 0.00000000e+00 3.09000000e+01 2.31240495e+00 3.09000000e+01 -4.70878804e+00
 3.12000000e+01 0.00000000e+00 3.12000000e+01 2.06036881e+00 3.12000000e+01 -5.48921639e+00
 3.15000000e+01 0.00000000e+00 3.15000000e+01 2.39333569e+00 3.15000000e+01 -4.26344184e+00
 3.18000000e+01 0.00000000e+00 3.18000000e+01 2.22514283e+00 3.18000000e+01 -4.15539728e+00
 3.21000000e+01 0.00000000e+00 3.21000000e+01 1.75966963e+00 3.21000000e+01 -4.82524427e+00
 3.24000000e+01 0.00000000e+00 3.24000000e+01 2.13112433e+00 3.24000000e+01 -4.13460861e+00
 3.27000000e+01 0.00000000e+00 3.27000000e+01 1.83914092e+00 3.27000000e+01 -4.91160963e+00
 3.30000000e+01 0.00000000e+00 3.30000000e+01 2.76368270e+00 3.30000000e+01 -5.20451221e+00
 3.33000000e+01 0.00000000e+00 3.33000000e+01 1.91088994e+00 3.33000000e+01 -5.00362246e+00
 3.36000000e+01 0.00000000e+00 3.36000000e+01 1.83175974e+00 3.36000000e+01 -5.20797237e+00
 3.39000000e+01 0.00000000e+00 3.39000000e+01 2.17198898e+00 3.39000000e+01 -5.48003951e+00
 3.42000000e+01 0.00000000e+00 3.42000000e+01 2.35388246e+00 3.42000000e+01 -4.91369981e+00
 3.45000000e+01 0.00000000e+00 3.45000000e+01 2.54943438e+00 3.45000000e+01 -4.94777227e+00
 3.48000000e+01 0.00000000e+00 3.48000000e+01 1.57722255e+00 3.48000000e+01 -5.04710220e+00
 3.51000000e+01 0.00000000e+00 3.51000000e+01 5.49522365e+00 3.51000000e+01 -8.79454948e-01
 3.54000000e+01 0.00000000e+00 3.54000000e+01 5.06656573e+00 3.54000000e+01 -1.51759116e+00
 3.57000000e+01 0.00000000e+00 3.57000000e+01 4.68833676e+00 3.57000000e+01 -1.49910562e+00
 3.60000000e+01 0.00000000e+00 3.60000000e+01 3.94290323e+00 3.60000000e+01 -1.61470110e+00
 3.63000000e+01 0.00000000e+00 3.63000000e+01 4.88962288e+00 3.63000000e+01 -1.97428233e+00
 3.66000000e+01 0.00000000e+00 3.66000000e+01 4.89595456e+00 3.66000000e+01 -1.73525076e+00
 3.69000000e+01 0.00000000e+00 3.69000000e+01 4.74279894e+00 3.69000000e+01 -1.42081160e+00
 3.72000000e+01 0.00000000e+00 3.72000000e+01 4.61307106e+00 3.72000000e+01 -1.64320753e+00
 3.75000000e+01 0.00000000e+00 3.75000000e+01 4.61231544e+00 3.75000000e+01 -7.81721641e-01
 3.78000000e+01 0.00000000e+00 3.78000000e+01 4.62461984e+00 3.78000000e+01 -1.53423704e+00
 3.81000000e+01 0.00000000e+00 3.81000000e+01 4.80263460e+00 3.81000000e+01 -1.95456982e+00
 3.84000000e+01 0.00000000e+00 3.84000000e+01 4.87506574e+00 3.84000000e+01 -2.02501892e+00
 3.87000000e+01 0.00000000e+00 3.87000000e+01 5.00888081e+00 3.87000000e+01 -1.46634673e+00
 3.90000000e+01 0.00000000e+00 3.90000000e+01 5.36520604e+00 3.90000000e+01 -1.58066779e+00
 3.93000000e+01 0.00000000e+00 3.93000000e+01 5.00935703e+00 3.93000000e+01 -1.76859798e+00
 3.96000000e+01 0.00000000e+00 3.96000000e+01 5.10237926e+00 3.96000000e+01 -1.61800021e+00
 3.99000000e+01 0.00000000e+00 3.99000000e+01 4.71149881e+00 3.99000000e+01 -1.65951851e+00
 4.02000000e+01 0.00000000e+00 4.02000000e+01 4.09110723e+00 4.02000000e+01 -3.20929849e+00
 4.05000000e+01 0.00000000e+00 4.05000000e+01 4.38652171e+00 4.05000000e+01 -3.51705435e+00
 4.08000000e+01 0.00000000e+00 4.08000000e+01 3.91161238e+00 4.08000000e+01 -3.51646252e+00
 4.11000000e+01 0.00000000e+00 4.11000000e+01 3.97302584e+00 4.11000000e+01 -3.18317061e+00
 4.14000000e+01 0.00000000e+00 4.14000000e+01 3.54831498e+00 4.14000000e+01 -3.12373648e+00
 4.17000000e+01 0.00000000e+00 4.17000000e+01 4.54319014e+00 4.17000000e+01 -3.04941537e+00
 4.20000000e+01 0.00000000e+00 4.20000000e+01 4.31692856e+00 4.20000000e+01 -3.86781657e+00
 4.23000000e+01 0.00000000e+00 4.23000000e+01 4.36644273e+00 4.23000000e+01 -3.79629872e+00
 4.26000000e+01 0.00000000e+00 4.26000000e+01 3.74555559e+00 4.26000000e+01 -3.19537060e+00
 4.29000000e+01 0.00000000e+00 4.29000000e+01 3.42821230e+00 4.29000000e+01 -4.15643945e+00
 4.32000000e+01 0.00000000e+00 4.32000000e+01 3.79835460e+00 4.32000000e+01 -4.07516597e+00
 4.35000000e+01 0.00000000e+00 4.35000000e+01 4.31303922e+00 4.35000000e+01 -3.46356035e+00
 4.38000000e+01 0.00000000e+00 4.38000000e+01 3.94436402e+00 4.38000000e+01 -4.03315989e+00
 4.41000000e+01 0.00000000e+00 4.41000000e+01 3.71937191e+00 4.41000000e+01 -3.80375730e+00
 4.44000000e+01 0.00000000e+00 4.44000000e+01 3.89033798e+00 4.44000000e+01 -3.63314404e+00
 4.47000000e+01 0.00000000e+00 4.47000000e+01 4.13494997e+00 4.47000000e+01 -2.82986879e+00
 4.50000000e+01 0.00000000e+00 4.50000000e+01 3.54084816e+00 4.50000000e+01 -3.10413672e+00
 4.53000000e+01 0.00000000e+00 4.53000000e+01 3.49602344e+00 4.53000000e+01 -3.93761116e+00
 4.56000000e+01 0.00000000e+00 4.56000000e+01 3.82048907e+00 4.56000000e+01 -3.06399801e+00
 4.59000000e+01 0.00000000e+00 4.59000000e+01 4.19044247e+00 4.59000000e+01 -3.40638907e+00
 4.62000000e+01 0.00000000e+00 4.62000000e+01 4.05087247e+00 4.62000000e+01 -3.88161364e+00
 4.65000000e+01 0.00000000e+00 4.65000000e+01 3.77291255e+00 4.65000000e+01 -4.07472594e+00
 4.68000000e+01 0.00000000e+00 4.68000000e+01 3.93728323e+00 4.68000000e+01 -3.20676900e+00
 4.71000000e+01 0.00000000e+00 4.71000000e+01 3.82034451e+00 4.71000000e+01 -3.78652203e+00
 4.74000000e+01 0.00000000e+00 4.74000000e+01 4.11075867e+00 4.74000000e+01 -3.24979587e+00
 4.77000000e+01 0.00000000e+00 4.77000000e+01 4.02451852e+00 4.77000000e+01 -3.69521522e+00
 4.80000000e+01 0.00000000e+00 4.80000000e+01 3.43773942e+00 4.80000000e+01 -2.99705550e+00
 4.83000000e+01 0.00000000e+00 4.83000000e+01 3.60354067e+00 4.83000000e+01 -3.45251130e+00
 4.86000000e+01 0.00000000e+00 4.86000000e+01 3.84360909e+00 4.86000000e+01 -3.85794637e+00
 4.89000000e+01 0.00000000e+00 4.89000000e+01 3.81968591e+00 4.89000000e+01 -2.93330651e+00
 4.92000000e+01 0.00000000e+00 4.92000000e+01 3.61858567e+00 4.92000000e+01 -3.60851778e+00
 4.95000000e+01 0.00000000e+00 4.95000000e+01 4.00177179e+00 4.95000000e+01 -3.37503942e+00
 4.98000000e+01 0.00000000e+00 4.98000000e+01 3.54123733e+00 4.98000000e+01 -3.26266696e+00
 5.01000000e+01 0.00000000e+00 5.01000000e+01 3.55103441e+00 5.01000000e+01 -2.08236672e+00
 5.04000000e+01 0.00000000e+00 5.04000000e+01 3.08346741e+00 5.04000000e+01 -2.22890051e+00
 5.07000000e+01 0.00000000e+00 5.07000000e+01 3.62280201e+00 5.07000000e+01 -1.57815191e+00
 5.10000000e+01 0.00000000e+00 5.10000000e+01 3.47059388e+00 5.10000000e+01 -2.42550626e+00
 5.13000000e+01 0.00000000e+00 5.13000000e+01 3.62004223e+00 5.13000000e+01 -2.37168101e+00
 5.16000000e+01 0.00000000e+00 5.16000000e+01 3.65492725e+00 5.16000000e+01 -2.14731427e+00
 5.19000000e+01 0.00000000e+00 5.19000000e+01 4.25971838e+00 5.19000000e+01 -2.26230183e+00
 5.22000000e+01 0.00000000e+00 5.22000000e+01 3.88690835e+00 5.22000000e+01 -2.04998207e+00
 5.25000000e+01 0.00000000e+00 5.25000000e+01 3.11063236e+00 5.25000000e+01 -2.35070100e+00
 5.28000000e+01 0.00000000e+00 5.28000000e+01 3.70648443e+00 5.28000000e+01 -2.37607871e+00
 5.31000000e+01 0.00000000e+00 5.31000000e+01 3.38999851e+00 5.31000000e+01 -2.23712246e+00
 5.34000000e+01 0.00000000e+00 5.34000000e+01 3.45675952e+00 5.34000000e+01 -2.43483990e+00
 5.37000000e+01 0.00000000e+00 5.37000000e+01 3.79226309e+00 5.37000000e+01 -2.31799988e+00
 5.40000000e+01 0.00000000e+00 5.40000000e+01 4.39641060e+00 5.40000000e+01 -1.88993889e+00
 5.43000000e+01 0.00000000e+00 5.43000000e+01 3.59670457e+00 5.43000000e+01 -3.25105021e+00
 5.46000000e+01 0.00000000e+00 5.46000000e+01 3.84950081e+00 5.46000000e+01 -1.80961137e+00
 5.49000000e+01 0.00000000e+00 5.49000000e+01 3.88729460e+00 5.49000000e+01 -1.91910320e+00
 5.52000000e+01 0.00000000e+00 5.52000000e+01 7.68517378e+00 5.52000000e+01 -4.92880803e+00
 5.55000000e+01 0.00000000e+00 5.55000000e+01 7.78222693e+00 5.55000000e+01 -4.52379484e+00
 5.58000000e+01 0.00000000e+00 5.58000000e+01 7.88236160e+00 5.58000000e+01 -4.13163292e+00
 5.61000000e+01 0.00000000e+00 5.61000000e+01 8.96436053e+00 5.61000000e+01 -4.31766373e+00
 5.64000000e+01 0.00000000e+00 5.64000000e+01 7.57464024e+00 5.64000000e+01 -4.93203381e+00
 5.67000000e+01 0.00000000e+00 5.67000000e+01 7.84504701e+00 5.67000000e+01 -4.43758501e+00
 5.70000000e+01 0.00000000e+00 5.70000000e+01 7.91276049e+00 5.70000000e+01 -4.32655316e+00
 5.73000000e+01 0.00000000e+00 5.73000000e+01 8.33120053e+00 5.73000000e+01 -5.14600346e+00
 5.76000000e+01 0.00000000e+00 5.76000000e+01 7.51413463e+00 5.76000000e+01 -5.30113826e+00
 5.79000000e+01 0.00000000e+00 5.79000000e+01 8.41228492e+00 5.79000000e+01 -5.01117349e+00
 5.82000000e+01 0.00000000e+00 5.82000000e+01 7.91158523e+00 5.82000000e+01 -4.13410477e+00
 5.85000000e+01 0.00000000e+00 5.85000000e+01 8.04114406e+00 5.85000000e+01 -4.62668142e+00
 5.88000000e+01 0.00000000e+00 5.88000000e+01 7.61740056e+00 5.88000000e+01 -4.48729699e+00
 5.91000000e+01 0.00000000e+00 5.91000000e+01 8.23441905e+00 5.91000000e+01 -4.88232482e+00
 5.94000000e+01 0.00000000e+00 5.94000000e+01 8.51072536e+00 5.94000000e+01 -5.09533055e+00
 5.97000000e+01 0.00000000e+00 5.97000000e+01 7.52492797e+00 5.97000000e+01 -4.89306946e+00
