 0.00000000e+00 0.00000000e+00 0.00000000e+00 6.49571398e+00 0.00000000e+00 -5.45116869e+00
 3.00000000e-01 0.00000000e+00 3.00000000e-01 6.35240532e+00 3.00000000e-01 -5.40034680e+00
 6.00000000e-01 0.00000000e+00 6.00000000e-01 6.50307747e+00 6.00000000e-01 -6.07918783e+00
 9.00000000e-01 0.00000000e+00 9.00000000e-01 6.65734448e+00 9.00000000e-01 -5.97157326e+00
 1.20000000e+00 0.00000000e+00 1.20000000e+00 6.81171926e+00 1.20000000e+00 -5.71332487e+00
 1.50000000e+00 0.00000000e+00 1.50000000e+00 7.37428950e+00 1.50000000e+00 -5.69127458e+00
 1.80000000e+00 0.00000000e+00 1.80000000e+00 6.51287426e+00 1.80000000e+00 -5.55221317e+00
 2.10000000e+00 0.00000000e+00 2.10000000e+00 6.89683935e+00 2.10000000e+00 -5.81442469e+00
 2.40000000e+00 0.00000000e+00 2.40000000e+00 6.73120780e+00 2.40000000e+00 -5.23899279e+00
 2.70000000e+00 0.00000000e+00 2.70000000e+00 6.73170701e+00 2.70000000e+00 -5.93024240e+00
 3.00000000e+00 0.00000000e+00 3.00000000e+00 7.32953513e+00 3.00000000e+00 -5.13765712e+00
 3.30000000e+00 0.00000000e+00 3.30000000e+00 6.68245643e+00 3.30000000e+00 -5.82630849e+00
 3.60000000e+00 0.00000000e+00 3.60000000e+00 6.58748741e+00 3.60000000e+00 -5.10951293e+00
 3.90000000e+00 0.00000000e+00 3.90000000e+00 5.76333891e+00 3.90000000e+00 -4.92205089e+00
 4.20000000e+00 0.00000000e+00 4.20000000e+00 6.47818816e+00 4.20000000e+00 -5.35516244e+00
 4.50000000e+00 0.00000000e+00 4.50000000e+00 6.72673446e+00 4.50000000e+00 -6.21314669e+00
 4.80000000e+00 0.00000000e+00 4.80000000e+00 6.20164827e+00 4.80000000e+00 -5.08452014e+00
 5.10000000e+00 0.00000000e+00 5.10000000e+00 6.75691566e+00 5.10000000e+00 -5.66593092e+00
 5.40000000e+00 0.00000000e+00 5.40000000e+00 6.49709906e+00 5.40000000e+00 -5.54249347e+00
 5.70000000e+00 0.00000000e+00 5.70000000e+00 6.62352155e+00 5.70000000e+00 -6.06579553e+00
 6.00000000e+00 0.00000000e+00 6.00000000e+00 6.60592534e+00 6.00000000e+00 -5.39964431e+00
 6.30000000e+00 0.00000000e+00 6.30000000e+00 6.20784799e+00 6.30000000e+00 -5.68491329e+00
 6.60000000e+00 0.00000000e+00 6.60000000e+00 6.93559442e+00 6.60000000e+00 -5.84031037e+00
 6.90000000e+00 0.00000000e+00 6.90000000e+00 6.32342660e+00 6.90000000e+00 -5.41536442e+00
 7.20000000e+00 0.00000000e+00 7.20000000e+00 7.12682624e+00 7.20000000e+00 -5.53313220e+00
 7.50000000e+00 0.00000000e+00 7.50000000e+00 7.14613952e+00 7.50000000e+00 -5.83485266e+00
 7.80000000e+00 0.00000000e+00 7.80000000e+00 6.54227689e+00 7.80000000e+00 -5.36905327e+00
 8.10000000e+00 0.00000000e+00 8.10000000e+00 6.91188598e+00 8.10000000e+00 -5.09924812e+00
 8.40000000e+00 0.00000000e+00 8.40000000e+00 6.58116364e+00 8.40000000e+00 -5.53404084e+00
 8.70000000e+00 0.00000000e+00 8.70000000e+00 7.20913000e+00 8.70000000e+00 -6.06338203e+00
 9.00000000e+00 0.00000000e+00 9.00000000e+00 6.19697074e+00 9.00000000e+00 -5.64768654e+00
 9.30000000e+00 0.00000000e+00 9.30000000e+00 6.75871243e+00 9.30000000e+00 -5.85157004e+00
 9.60000000e+00 0.00000000e+00 9.60000000e+00 6.32623235e+00 9.60000000e+00 -5.94024594e+00
 9.90000000e+00 0.00000000e+00 9.90000000e+00 6.76870321e+00 9.90000000e+00 -6.31363994e+00
 1.02000000e+01 0.00000000e+00 1.02000000e+01 6.50532974e+00 1.02000000e+01 -5.95706574e+00
 1.05000000e+01 0.00000000e+00 1.05000000e+01 6.08057590e+00 1.05000000e+01 -6.11524274e+00
 1.08000000e+01 0.00000000e+00 1.08000000e+01 6.49187598e+00 1.08000000e+01 -5.37793105e+00
 1.11000000e+01 0.00000000e+00 1.11000000e+01 7.25100919e+00 1.11000000e+01 -5.36131017e+00
 1.14000000e+01 0.00000000e+00 1.14000000e+01 6.99871589e+00 1.14000000e+01 -5.95619071e+00
 1.17000000e+01 0.00000000e+00 1.17000000e+01 6.79358341e+00 1.17000000e+01 -5.64395500e+00
 1.20000000e+01 0.00000000e+00 1.20000000e+01 7.04557173e+00 1.20000000e+01 -5.76882712e+00
 1.23000000e+01 0.00000000e+00 1.23000000e+01 6.44921764e+00 1.23000000e+01 -5.82764698e+00
 1.26000000e+01 0.00000000e+00 1.26000000e+01 7.16810558e+00 1.26000000e+01 -5.78265277e+00
 1.29000000e+01 0.00000000e+00 1.29000000e+01 6.67026160e+00 1.29000000e+01 -5.16005364e+00
 1.32000000e+01 0.00000000e+00 1.32000000e+01 6.83581121e+00 1.32000000e+01 -5.83154002e+00
 1.35000000e+01 0.00000000e+00 1.35000000e+01 6.73283594e+00 1.35000000e+01 -6.14160652e+00
 1.38000000e+01 0.00000000e+00 1.38000000e+01 6.50335256e+00 1.38000000e+01 -5.77023191e+00
 1.41000000e+01 0.00000000e+00 1.41000000e+01 6.92400651e+00 1.41000000e+01 -6.15089000e+00
 1.44000000e+01 0.00000000e+00 1.44000000e+01 6.02587695e+00 1.44000000e+01 -5.90336332e+00
 1.47000000e+01 0.00000000e+00 1.47000000e+01 6.73674284e+00 1.47000000e+01 -6.41124971e+00
 1.50000000e+01 0.00000000e+00 1.50000000e+01 5.97924526e+00 1.50000000e+01 -4.88436802e+00
 1.53000000e+01 0.00000000e+00 1.53000000e+01 2.17576148e+00 1.53000000e+01 -3.15201320e+00
 1.56000000e+01 0.00000000e+00 1.56000000e+01 1.91540933e+00 1.56000000e+01 -4.21491817e+00
 1.59000000e+01 0.00000000e+00 1.59000000e+01 1.90667497e+00 1.59000000e+01 -3.78551847e+00
 1.62000000e+01 0.00000000e+00 1.62000000e+01 2.00841845e+00 1.62000000e+01 -4.11992226e+00
 1.65000000e+01 0.00000000e+00 1.65000000e+01 2.13316690e+00 1.65000000e+01 -3.48234983e+00
 1.68000000e+01 0.00000000e+00 1.68000000e+01 2.07176157e+00 1.68000000e+01 -3.36207277e+00
 1.71000000e+01 0.00000000e+00 1.71000000e+01 2.14157491e+00 1.71000000e+01 -3.73770147e+00
 1.74000000e+01 0.00000000e+00 1.74000000e+01 2.01503970e+00 1.74000000e+01 -3.47174276e+00
 1.77000000e+01 0.00000000e+00 1.77000000e+01 1.92984797e+00 1.77000000e+01 -3.37445925e+00
 1.80000000e+01 0.00000000e+00 1.80000000e+01 1.85135177e+00 1.80000000e+01 -4.32162593e+00
 1.83000000e+01 0.00000000e+00 1.83000000e+01 1.87150587e+00 1.83000000e+01 -3.64806079e+00
 1.86000000e+01 0.00000000e+00 1.86000000e+01 2.29544949e+00 1.86000000e+01 -3.48401986e+00
 1.89000000e+01 0.00000000e+00 1.89000000e+01 2.07511311e+00 1.89000000e+01 -3.94115796e+00
 1.92000000e+01 0.00000000e+00 1.92000000e+01 2.27173848e+00 1.92000000e+01 -3.43462581e+00
 1.95000000e+01 0.00000000e+00 1.95000000e+01 2.76306934e+00 1.95000000e+01 -4.14274565e+00
 1.98000000e+01 0.00000000e+00 1.98000000e+01 2.40621643e+00 1.98000000e+01 -3.71313282e+00
 2.01000000e+01 0.00000000e+00 2.01000000e+01 1.98760408e+00 2.01000000e+01 -3.94198104e+00
 2.04000000e+01 0.00000000e+00 2.04000000e+01 2.63098698e+00 2.04000000e+01 -3.86147697e+00
 2.07000000e+01 0.00000000e+00 2.07000000e+01 2.18763807e+00 2.07000000e+01 -3.79469678e+00
 2.10000000e+01 0.00000000e+00 2.10000000e+01 2.36894255e+00 2.10000000e+01 -4.00324956e+00
 2.13000000e+01 0.00000000e+00 2.13000000e+01 2.14787298e+00 2.13000000e+01 -3.51855309e+00
 2.16000000e+01 0.00000000e+00 2.16000000e+01 2.32221389e+00 2.16000000e+01 -3.35116567e+00
 2.19000000e+01 0.00000000e+00 2.19000000e+01 2.69604752e+00 2.19000000e+01 -4.09994636e+00
 2.22000000e+01 0.00000000e+00 2.22000000e+01 2.49207539e+00 2.22000000e+01 -3.69339187e+00
 2.25000000e+01 0.00000000e+00 2.25000000e+01 2.06064883e+00 2.25000000e+01 -3.25310107e+00
 2.28000000e+01 0.00000000e+00 2.28000000e+01 2.26786192e+00 2.28000000e+01 -3.71131330e+00
 2.31000000e+01 0.00000000e+00 2.31000000e+01 1.99934601e+00 2.31000000e+01 -4.34761045e+00
 2.34000000e+01 0.00000000e+00 2.34000000e+01 2.45604526e+00 2.34000000e+01 -3.85828467e+00
 2.37000000e+01 0.00000000e+00 2.37000000e+01 1.47920783e+00 2.37000000e+01 -4.16348265e+00
 2.40000000e+01 0.00000000e+00 2.40000000e+01 2.29563481e+00 2.40000000e+01 -3.49667877e+00
 2.43000000e+01 0.00000000e+00 2.43000000e+01 2.47774075e+00 2.43000000e+01 -3.43460871e+00
 2.46000000e+01 0.00000000e+00 2.46000000e+01 2.58592667e+00 2.46000000e+01 -4.25708314e+00
 2.49000000e+01 0.00000000e+00 2.49000000e+01 2.24980786e+00 2.49000000e+01 -3.61527438e+00
 2.52000000e+01 0.00000000e+00 2.52000000e+01 2.50302889e+00 2.52000000e+01 -4.68279774e+00
 2.55000000e+01 0.00000000e+00 2.55000000e+01 2.83130227e+00 2.55000000e+01 -4.76871069e+00
 2.58000000e+01 0.00000000e+00 2.58000000e+01 2.77042246e+00 2.58000000e+01 -4.70297814e+00
 2.61000000e+01 0.00000000e+00 2.61000000e+01 2.60529675e+00 2.61000000e+01 -5.04401550e+00
 2.64000000e+01 0.00000000e+00 2.64000000e+01 2.55278938e+00 2.64000000e+01 -4.72601323e+00
 2.67000000e+01 0.00000000e+00 2.67000000e+01 2.97972608e+00 2.67000000e+01 -4.21012956e+00
 2.70000000e+01 0.00000000e+00 2.70000000e+01 2.87131400e+00 2.70000000e+01 -5.11918433e+00
 2.73000000e+01 0.00000000e+00 2.73000000e+01 2.12218113e+00 2.73000000e+01 -5.07663887e+00
 2.76000000e+01 0.00000000e+00 2.76000000e+01 3.14964672e+00 2.76000000e+01 -4.77237605e+00
 2.79000000e+01 0.00000000e+00 2.79000000e+01 2.51393187e+00 2.79000000e+01 -5.08073661e+00
 2.82000000e+01 0.00000000e+00 2.82000000e+01 2.46397452e+00 2.82000000e+01 -4.43175032e+00
 2.85000000e+01 0.00000000e+00 2.85000000e+01 2.88022686e+00 2.85000000e+01 -4.75680520e+00
 2.88000000e+01 0.00000000e+00 2.88000000e+01 2.52755925e+00 2.88000000e+01 -3.98464295e+00
 2.91000000e+01 0.00000000e+00 2.91000000e+01 2.97243907e+00 2.91000000e+01 -4.77957016e+00
 2.94000000e+01 0.00000000e+00 2.94000000e+01 2.91262704e+00 2.94000000e+01 -4.60855494e+00
 2.97000000e+01 0.00000000e+00 2.97000000e+01 2.22048470e+00 2.97000000e+01 -4.88702348e+00
 3.00000000e+01 0.00000000e+00 3.00000000e+01 2.48250144e+00 3.00000000e+01 -5.07709429e+00
 3.03000000e+01 0.00000000e+00 3.03000000e+01 2.81967490e+00 3.03000000e+01 -4.86151759e+00
 3.06000000e+01 0.00000000e+00 3.06000000e+01 2.97248392e+00 3.06000000e+01 -4.64494054e+00
 3.09000000e+01 0.00000000e+00 3.09000000e+01 3.43989775e+00 3.09000000e+01 -4.53301389e+00
 3.12000000e+01 0.00000000e+00 3.12000000e+01 3.34053284e+00 3.12000000e+01 -4.72474312e+00
 3.15000000e+01 0.00000000e+00 3.15000000e+01 2.40933840e+00 3.15000000e+01 -5.10961155e+00
 3.18000000e+01 0.00000000e+00 3.18000000e+01 2.61655105e+00 3.18000000e+01 -4.73692068e+00
 3.21000000e+01 0.00000000e+00 3.21000000e+01 2.56196641e+00 3.21000000e+01 -5.03077415e+00
 3.24000000e+01 0.00000000e+00 3.24000000e+01 2.61170096e+00 3.24000000e+01 -5.21781548e+00
 3.27000000e+01 0.00000000e+00 3.27000000e+01 2.67911499e+00 3.27000000e+01 -5.36118994e+00
 3.30000000e+01 0.00000000e+00 3.30000000e+01 2.43263090e+00 3.30000000e+01 -5.08437987e+00
 3.33000000e+01 0.00000000e+00 3.33000000e+01 3.03624330e+00 3.33000000e+01 -5.16889297e+00
 3.36000000e+01 0.00000000e+00 3.36000000e+01 3.51524404e+00 3.36000000e+01 -5.10637069e+00
 3.39000000e+01 0.00000000e+00 3.39000000e+01 2.66717418e+00 3.39000000e+01 -4.78898792e+00
 3.42000000e+01 0.00000000e+00 3.42000000e+01 3.02814121e+00 3.42000000e+01 -4.15432883e+00
 3.45000000e+01 0.00000000e+00 3.45000000e+01 3.40259584e+00 3.45000000e+01 -5.06293267e+00
 3.48000000e+01 0.00000000e+00 3.48000000e+01 2.88689003e+00 3.48000000e+01 -4.46917004e+00
 3.51000000e+01 0.00000000e+00 3.51000000e+01 5.09581042e+00 3.51000000e+01 -3.61584959e+00
 3.54000000e+01 0.00000000e+00 3.54000000e+01 4.56158129e+00 3.54000000e+01 -3.49375912e+00
 3.57000000e+01 0.00000000e+00 3.57000000e+01 4.83233698e+00 3.57000000e+01 -3.76380705e+00
 3.60000000e+01 0.00000000e+00 3.60000000e+01 4.59672426e+00 3.60000000e+01 -3.49613036e+00
 3.63000000e+01 0.00000000e+00 3.63000000e+01 4.25779357e+00 3.63000000e+01 -3.69101186e+00
 3.66000000e+01 0.00000000e+00 3.66000000e+01 4.27716480e+00 3.66000000e+01 -3.20362635e+00
 3.69000000e+01 0.00000000e+00 3.69000000e+01 5.43832048e+00 3.69000000e+01 -3.45784569e+00
 3.72000000e+01 0.00000000e+00 3.72000000e+01 4.76224382e+00 3.72000000e+01 -3.35455308e+00
 3.75000000e+01 0.00000000e+00 3.75000000e+01 4.21632872e+00 3.75000000e+01 -3.78325348e+00
 3.78000000e+01 0.00000000e+00 3.78000000e+01 4.89587305e+00 3.78000000e+01 -3.38287275e+00
 3.81000000e+01 0.00000000e+00 3.81000000e+01 4.28198584e+00 3.81000000e+01 -3.45571203e+00
 3.84000000e+01 0.00000000e+00 3.84000000e+01 4.47293817e+00 3.84000000e+01 -2.97489386e+00
 3.87000000e+01 0.00000000e+00 3.87000000e+01 4.82953060e+00 3.87000000e+01 -3.40178706e+00
 3.90000000e+01 0.00000000e+00 3.90000000e+01 4.42954837e+00 3.90000000e+01 -2.43871896e+00
 3.93000000e+01 0.00000000e+00 3.93000000e+01 4.72010925e+00 3.93000000e+01 -3.30529140e+00
 3.96000000e+01 0.00000000e+00 3.96000000e+01 5.04023091e+00 3.96000000e+01 -3.18591826e+00
 3.99000000e+01 0.00000000e+00 3.99000000e+01 5.12738148e+00 3.99000000e+01 -2.88862248e+00
 4.02000000e+01 0.00000000e+00 4.02000000e+01 5.59512840e+00 4.02000000e+01 -3.28592565e+00
 4.05000000e+01 0.00000000e+00 4.05000000e+01 5.44485916e+00 4.05000000e+01 -2.92456175e+00
 4.08000000e+01 0.00000000e+00 4.08000000e+01 5.81091662e+00 4.08000000e+01 -2.87733028e+00
 4.11000000e+01 0.00000000e+00 4.11000000e+01 5.02262577e+00 4.11000000e+01 -2.43352278e+00
 4.14000000e+01 0.00000000e+00 4.14000000e+01 5.31199669e+00 4.14000000e+01 -2.06554988e+00
 4.17000000e+01 0.00000000e+00 4.17000000e+01 6.40266238e+00 4.17000000e+01 -2.64137381e+00
 4.20000000e+01 0.00000000e+00 4.20000000e+01 5.36417849e+00 4.20000000e+01 -3.20187638e+00
 4.23000000e+01 0.00000000e+00 4.23000000e+01 6.01591170e+00 4.23000000e+01 -2.79217732e+00
 4.26000000e+01 0.00000000e+00 4.26000000e+01 6.13918031e+00 4.26000000e+01 -3.50179532e+00
 4.29000000e+01 0.00000000e+00 4.29000000e+01 5.50972145e+00 4.29000000e+01 -2.82146805e+00
 4.32000000e+01 0.00000000e+00 4.32000000e+01 6.00516010e+00 4.32000000e+01 -2.41456213e+00
 4.35000000e+01 0.00000000e+00 4.35000000e+01 6.04337391e+00 4.35000000e+01 -3.20772611e+00
 4.38000000e+01 0.00000000e+00 4.38000000e+01 5.66386134e+00 4.38000000e+01 -2.74005027e+00
 4.41000000e+01 0.00000000e+00 4.41000000e+01 5.98522941e+00 4.41000000e+01 -2.98851069e+00
 4.44000000e+01 0.00000000e+00 4.44000000e+01 5.99590764e+00 4.44000000e+01 -2.83758140e+00
 4.47000000e+01 0.00000000e+00 4.47000000e+01 6.03797001e+00 4.47000000e+01 -2.63110749e+00
 4.50000000e+01 0.00000000e+00 4.50000000e+01 6.05882627e+00 4.50000000e+01 -2.79350495e+00
 4.53000000e+01 0.00000000e+00 4.53000000e+01 5.82467627e+00 4.53000000e+01 -2.68987351e+00
 4.56000000e+01 0.00000000e+00 4.56000000e+01 5.74352889e+00 4.56000000e+01 -2.86973053e+00
 4.59000000e+01 0.00000000e+00 4.59000000e+01 5.43520010e+00 4.59000000e+01 -2.81710839e+00
 4.62000000e+01 0.00000000e+00 4.62000000e+01 5.57026484e+00 4.62000000e+01 -2.45470935e+00
 4.65000000e+01 0.00000000e+00 4.65000000e+01 5.11261327e+00 4.65000000e+01 -3.30129979e+00
 4.68000000e+01 0.00000000e+00 4.68000000e+01 5.75929189e+00 4.68000000e+01 -2.93394044e+00
 4.71000000e+01 0.00000000e+00 4.71000000e+01 5.54611932e+00 4.71000000e+01 -2.52099255e+00
 4.74000000e+01 0.00000000e+00 4.74000000e+01 5.66214628e+00 4.74000000e+01 -3.30442042e+00
 4.77000000e+01 0.00000000e+00 4.77000000e+01 5.93150510e+00 4.77000000e+01 -3.48143400e+00
 4.80000000e+01 0.00000000e+00 4.80000000e+01 5.47437851e+00 4.80000000e+01 -2.63252822e+00
 4.83000000e+01 0.00000000e+00 4.83000000e+01 5.77290690e+00 4.83000000e+01 -2.30824137e+00
 4.86000000e+01 0.00000000e+00 4.86000000e+01 6.63675982e+00 4.86000000e+01 -3.17033943e+00
 4.89000000e+01 0.00000000e+00 4.89000000e+01 6.26264824e+00 4.89000000e+01 -3.09747201e+00
 4.92000000e+01 0.00000000e+00 4.92000000e+01 5.87861404e+00 4.92000000e+01 -3.21556066e+00
 4.95000000e+01 0.00000000e+00 4.95000000e+01 5.60018529e+00 4.95000000e+01 -3.11971177e+00
 4.98000000e+01 0.00000000e+00 4.98000000e+01 5.28599051e+00 4.98000000e+01 -3.16292929e+00
 5.01000000e+01 0.00000000e+00 5.01000000e+01 4.40751158e+00 5.01000000e+01 -4.12067926e+00
 5.04000000e+01 0.00000000e+00 5.04000000e+01 4.24667381e+00 5.04000000e+01 -4.71281914e+00
 5.07000000e+01 0.00000000e+00 5.07000000e+01 4.40940791e+00 5.07000000e+01 -4.56505271e+00
 5.10000000e+01 0.00000000e+00 5.10000000e+01 4.49220418e+00 5.10000000e+01 -4.87019231e+00
 5.13000000e+01 0.00000000e+00 5.13000000e+01 4.30207234e+00 5.13000000e+01 -4.32358487e+00
 5.16000000e+01 0.00000000e+00 5.16000000e+01 3.73580698e+00 5.16000000e+01 -4.85872433e+00
 5.19000000e+01 0.00000000e+00 5.19000000e+01 4.16479073e+00 5.19000000e+01 -4.29094217e+00
 5.22000000e+01 0.00000000e+00 5.22000000e+01 4.41096378e+00 5.22000000e+01 -4.46908417e+00
 5.25000000e+01 0.00000000e+00 5.25000000e+01 4.12175923e+00 5.25000000e+01 -3.94317524e+00
 5.28000000e+01 0.00000000e+00 5.28000000e+01 4.18393416e+00 5.28000000e+01 -4.37369159e+00
 5.31000000e+01 0.00000000e+00 5.31000000e+01 4.50616132e+00 5.31000000e+01 -4.28457381e+00
 5.34000000e+01 0.00000000e+00 5.34000000e+01 4.97412887e+00 5.34000000e+01 -4.20456964e+00
 5.37000000e+01 0.00000000e+00 5.37000000e+01 4.45875533e+00 5.37000000e+01 -3.52492805e+00
 5.40000000e+01 0.00000000e+00 5.40000000e+01 4.04685698e+00 5.40000000e+01 -4.16732786e+00
 5.43000000e+01 0.00000000e+00 5.43000000e+01 4.59907832e+00 5.43000000e+01 -4.30629381e+00
 5.46000000e+01 0.00000000e+00 5.46000000e+01 4.50617238e+00 5.46000000e+01 -3.78965579e+00
 5.49000000e+01 0.00000000e+00 5.49000000e+01 4.54159983e+00 5.49000000e+01 -4.54632245e+00
 5.52000000e+01 0.00000000e+00 5.52000000e+01 6.13944800e+00 5.52000000e+01 -5.11634297e+00
 5.55000000e+01 0.00000000e+00 5.55000000e+01 6.75039584e+00 5.55000000e+01 -5.45650708e+00
 5.58000000e+01 0.00000000e+00 5.58000000e+01 6.50214681e+00 5.58000000e+01 -5.03026438e+00
 5.61000000e+01 0.00000000e+00 5.61000000e+01 6.76452060e+00 5.61000000e+01 -5.47723071e+00
 5.64000000e+01 0.00000000e+00 5.64000000e+01 6.70329396e+00 5.64000000e+01 -5.48084354e+00
 5.67000000e+01 0.00000000e+00 5.67000000e+01 6.55896721e+00 5.67000000e+01 -5.80219436e+00
 5.70000000e+01 0.00000000e+00 5.70000000e+01 7.39687375e+00 5.70000000e+01 -5.59596796e+00
 5.73000000e+01 0.00000000e+00 5.73000000e+01 6.74552799e+00 5.73000000e+01 -5.93506318e+00
 5.76000000e+01 0.00000000e+00 5.76000000e+01 6.56417628e+00 5.76000000e+01 -5.92924077e+00
 5.79000000e+01 0.00000000e+00 5.79000000e+01 6.46487241e+00 5.79000000e+01 -5.74367007e+00
 5.82000000e+01 0.00000000e+00 5.82000000e+01 6.65474937e+00 5.82000000e+01 -5.66648437e+00
 5.85000000e+01 0.00000000e+00 5.85000000e+01 6.64538331e+00 5.85000000e+01 -5.15720398e+00
 5.88000000e+01 0.00000000e+00 5.88000000e+01 6.00160000e+00 5.88000000e+01 -5.40954576e+00
 5.91000000e+01 0.00000000e+00 5.91000000e+01 6.96935824e+00 5.91000000e+01 -5.83618923e+00
 5.94000000e+01 0.00000000e+00 5.94000000e+01 6.80190564e+00 5.94000000e+01 -5.70323254e+00
 5.97000000e+01 0.00000000e+00 5.97000000e+01 6.77476456e+00 5.97000000e+01 -5.37474646e+00
