 0.00000000e+00 0.00000000e+00 0.00000000e+00 7.84658696e+00 0.00000000e+00 -4.94756037e+00
 3.00000000e-01 0.00000000e+00 3.00000000e-01 8.67695592e+00 3.00000000e-01 -4.27723586e+00
 6.00000000e-01 0.00000000e+00 6.00000000e-01 7.77385998e+00 6.00000000e-01 -4.80353198e+00
 9.00000000e-01 0.00000000e+00 9.00000000e-01 8.04930877e+00 9.00000000e-01 -5.53724120e+00
 1.20000000e+00 0.00000000e+00 1.20000000e+00 8.63786908e+00 1.20000000e+00 -5.14624262e+00
 1.50000000e+00 0.00000000e+00 1.50000000e+00 8.49608553e+00 1.50000000e+00 -4.49345450e+00
 1.80000000e+00 0.00000000e+00 1.80000000e+00 8.53595994e+00 1.80000000e+00 -4.31617813e+00
 2.10000000e+00 0.00000000e+00 2.10000000e+00 8.81732042e+00 2.10000000e+00 -4.47150737e+00
 2.40000000e+00 0.00000000e+00 2.40000000e+00 8.06623683e+00 2.40000000e+00 -5.00476422e+00
 2.70000000e+00 0.00000000e+00 2.70000000e+00 7.85474466e+00 2.70000000e+00 -4.68889026e+00
 3.00000000e+00 0.00000000e+00 3.00000000e+00 8.22022263e+00 3.00000000e+00 -5.14370577e+00
 3.30000000e+00 0.00000000e+00 3.30000000e+00 8.49118206e+00 3.30000000e+00 -5.42186826e+00
 3.60000000e+00 0.00000000e+00 3.60000000e+00 8.31405578e+00 3.60000000e+00 -4.69381879e+00
 3.90000000e+00 0.00000000e+00 3.90000000e+00 7.88429156e+00 3.90000000e+00 -4.80896709e+00
 4.20000000e+00 0.00000000e+00 4.20000000e+00 8.27390432e+00 4.20000000e+00 -4.53820787e+00
 4.50000000e+00 0.00000000e+00 4.50000000e+00 7.45292401e+00 4.50000000e+00 -5.50193666e+00
 4.80000000e+00 0.00000000e+00 4.80000000e+00 7.52286406e+00 4.80000000e+00 -5.15228631e+00
 5.10000000e+00 0.00000000e+00 5.10000000e+00 8.28319505e+00 5.10000000e+00 -4.53989022e+00
 5.40000000e+00 0.00000000e+00 5.40000000e+00 7.88362007e+00 5.40000000e+00 -5.32734565e+00
 5.70000000e+00 0.00000000e+00 5.70000000e+00 9.15323665e+00 5.70000000e+00 -4.47495850e+00
 6.00000000e+00 0.00000000e+00 6.00000000e+00 8.28962071e+00 6.00000000e+00 -4.24871275e+00
 6.30000000e+00 0.00000000e+00 6.30000000e+00 9.04014871e+00 6.30000000e+00 -4.94227519e+00
 6.60000000e+00 0.00000000e+00 6.60000000e+00 7.76561675e+00 6.60000000e+00 -5.44242777e+00
 6.90000000e+00 0.00000000e+00 6.90000000e+00 8.47740136e+00 6.90000000e+00 -4.67447250e+00
 7.20000000e+00 0.00000000e+00 7.20000000e+00 8.16257826e+00 7.20000000e+00 -5.10094685e+00
 7.50000000e+00 0.00000000e+00 7.50000000e+00 8.26348577e+00 7.50000000e+00 -5.47307114e+00
 7.80000000e+00 0.00000000e+00 7.80000000e+00 8.31781425e+00 7.80000000e+00 -4.66974031e+00
 8.10000000e+00 0.00000000e+00 8.10000000e+00 8.61690976e+00 8.10000000e+00 -5.00846767e+00
 8.40000000e+00 0.00000000e+00 8.40000000e+00 7.79708298e+00 8.40000000e+00 -5.20478959e+00
 8.70000000e+00 0.00000000e+00 8.70000000e+00 8.35974562e+00 8.70000000e+00 -4.73913403e+00
 9.00000000e+00 0.00000000e+00 9.00000000e+00 8.22919802e+00 9.00000000e+00 -4.91425050e+00
 9.30000000e+00 0.00000000e+00 9.30000000e+00 8.26109334e+00 9.30000000e+00 -5.06958200e+00
 9.60000000e+00 0.00000000e+00 9.60000000e+00 8.37246574e+00 9.60000000e+00 -4.28664595e+00
 9.90000000e+00 0.00000000e+00 9.90000000e+00 8.37826295e+00 9.90000000e+00 -4.27169296e+00
 1.02000000e+01 0.00000000e+00 1.02000000e+01 7.81304363e+00 1.02000000e+01 -4.96078562e+00
 1.05000000e+01 0.00000000e+00 1.05000000e+01 7.79251246e+00 1.05000000e+01 -4.78403564e+00
 1.08000000e+01 0.00000000e+00 1.08000000e+01 8.53030735e+00 1.08000000e+01 -4.90415782e+00
 1.11000000e+01 0.00000000e+00 1.11000000e+01 8.16206376e+00 1.11000000e+01 -4.42465291e+00
 1.14000000e+01 0.00000000e+00 1.14000000e+01 8.65877793e+00 1.14000000e+01 -5.00998646e+00
 1.17000000e+01 0.00000000e+00 1.17000000e+01 7.89323846e+00 1.17000000e+01 -4.83868920e+00
 1.20000000e+01 0.00000000e+00 1.20000000e+01 8.26362766e+00 1.20000000e+01 -4.53576660e+00
 1.23000000e+01 0.00000000e+00 1.23000000e+01 8.15704566e+00 1.23000000e+01 -5.00922281e+00
 1.26000000e+01 0.00000000e+00 1.26000000e+01 8.04034833e+00 1.26000000e+01 -5.39504336e+00
 1.29000000e+01 0.00000000e+00 1.29000000e+01 7.91013053e+00 1.29000000e+01 -4.36765081e+00
 1.32000000e+01 0.00000000e+00 1.32000000e+01 8.75601182e+00 1.32000000e+01 -5.34110946e+00
 1.35000000e+01 0.00000000e+00 1.35000000e+01 8.66914163e+00 1.35000000e+01 -5.12915482e+00
 1.38000000e+01 0.00000000e+00 1.38000000e+01 8.05366130e+00 1.38000000e+01 -4.47140384e+00
 1.41000000e+01 0.00000000e+00 1.41000000e+01 8.16787587e+00 1.41000000e+01 -4.94394334e+00
 1.44000000e+01 0.00000000e+00 1.44000000e+01 8.35976872e+00 1.44000000e+01 -4.53637336e+00
 1.47000000e+01 0.00000000e+00 1.47000000e+01 8.28408360e+00 1.47000000e+01 -5.18040089e+00
 1.50000000e+01 0.00000000e+00 1.50000000e+01 8.50869191e+00 1.50000000e+01 -4.94101397e+00
 1.53000000e+01 0.00000000e+00 1.53000000e+01 3.02125233e+00 1.53000000e+01 -2.08918509e+00
 1.56000000e+01 0.00000000e+00 1.56000000e+01 3.18912420e+00 1.56000000e+01 -2.31873388e+00
 1.59000000e+01 0.00000000e+00 1.59000000e+01 3.47552998e+00 1.59000000e+01 -2.31361062e+00
 1.62000000e+01 0.00000000e+00 1.62000000e+01 2.71371806e+00 1.62000000e+01 -3.38140073e+00
 1.65000000e+01 0.00000000e+00 1.65000000e+01 3.43309757e+00 1.65000000e+01 -2.28222012e+00
 1.68000000e+01 0.00000000e+00 1.68000000e+01 3.53330397e+00 1.68000000e+01 -2.57113943e+00
 1.71000000e+01 0.00000000e+00 1.71000000e+01 3.41841649e+00 1.71000000e+01 -2.58928169e+00
 1.74000000e+01 0.00000000e+00 1.74000000e+01 3.57998345e+00 1.74000000e+01 -2.98103649e+00
 1.77000000e+01 0.00000000e+00 1.77000000e+01 2.91684980e+00 1.77000000e+01 -2.75156143e+00
 1.80000000e+01 0.00000000e+00 1.80000000e+01 2.92573170e+00 1.80000000e+01 -2.92312715e+00
 1.83000000e+01 0.00000000e+00 1.83000000e+01 3.32025597e+00 1.83000000e+01 -3.06609196e+00
 1.86000000e+01 0.00000000e+00 1.86000000e+01 2.81275658e+00 1.86000000e+01 -2.50950296e+00
 1.89000000e+01 0.00000000e+00 1.89000000e+01 2.34694209e+00 1.89000000e+01 -2.57439728e+00
 1.92000000e+01 0.00000000e+00 1.92000000e+01 2.91413827e+00 1.92000000e+01 -2.73799012e+00
 1.95000000e+01 0.00000000e+00 1.95000000e+01 3.33274992e+00 1.95000000e+01 -2.61881976e+00
 1.98000000e+01 0.00000000e+00 1.98000000e+01 3.18054802e+00 1.98000000e+01 -2.42736626e+00
 2.01000000e+01 0.00000000e+00 2.01000000e+01 3.83473167e+00 2.01000000e+01 -2.92599774e+00
 2.04000000e+01 0.00000000e+00 2.04000000e+01 2.73983381e+00 2.04000000e+01 -2.32379187e+00
 2.07000000e+01 0.00000000e+00 2.07000000e+01 3.04222059e+00 2.07000000e+01 -2.56653111e+00
 2.10000000e+01 0.00000000e+00 2.10000000e+01 3.49974921e+00 2.10000000e+01 -2.64592548e+00
 2.13000000e+01 0.00000000e+00 2.13000000e+01 3.27203788e+00 2.13000000e+01 -3.11277763e+00
 2.16000000e+01 0.00000000e+00 2.16000000e+01 3.19022705e+00 2.16000000e+01 -2.29547927e+00
 2.19000000e+01 0.00000000e+00 2.19000000e+01 2.95965096e+00 2.19000000e+01 -2.79147650e+00
 2.22000000e+01 0.00000000e+00 2.22000000e+01 3.83957002e+00 2.22000000e+01 -2.70924385e+00
 2.25000000e+01 0.00000000e+00 2.25000000e+01 3.32264747e+00 2.25000000e+01 -2.51651129e+00
 2.28000000e+01 0.00000000e+00 2.28000000e+01 2.79473439e+00 2.28000000e+01 -2.16651316e+00
 2.31000000e+01 0.00000000e+00 2.31000000e+01 3.17165647e+00 2.31000000e+01 -2.49859433e+00
 2.34000000e+01 0.00000000e+00 2.34000000e+01 3.98996367e+00 2.34000000e+01 -2.40081960e+00
 2.37000000e+01 0.00000000e+00 2.37000000e+01 3.20483912e+00 2.37000000e+01 -2.83745821e+00
 2.40000000e+01 0.00000000e+00 2.40000000e+01 2.82774923e+00 2.40000000e+01 -2.46311401e+00
 2.43000000e+01 0.00000000e+00 2.43000000e+01 3.49992726e+00 2.43000000e+01 -2.76271180e+00
 2.46000000e+01 0.00000000e+00 2.46000000e+01 3.70157332e+00 2.46000000e+01 -2.69438907e+00
 2.49000000e+01 0.00000000e+00 2.49000000e+01 3.44866383e+00 2.49000000e+01 -2.90851488e+00
 2.52000000e+01 0.00000000e+00 2.52000000e+01 2.85112717e+00 2.52000000e+01 -5.86731932e+00
 2.55000000e+01 0.00000000e+00 2.55000000e+01 2.45095066e+00 2.55000000e+01 -5.88246840e+00
 2.58000000e+01 0.00000000e+00 2.58000000e+01 2.28730831e+00 2.58000000e+01 -5.67901828e+00
 2.61000000e+01 0.00000000e+00 2.61000000e+01 2.54792203e+00 2.61000000e+01 -6.35999400e+00
 2.64000000e+01 0.00000000e+00 2.64000000e+01 2.62769539e+00 2.64000000e+01 -6.53916337e+00
 2.67000000e+01 0.00000000e+00 2.67000000e+01 2.51560369e+00 2.67000000e+01 -6.04895467e+00
 2.70000000e+01 0.00000000e+00 2.70000000e+01 3.37710310e+00 2.70000000e+01 -5.96188936e+00
 2.73000000e+01 0.00000000e+00 2.73000000e+01 2.68817285e+00 2.73000000e+01 -6.19393341e+00
 2.76000000e+01 0.00000000e+00 2.76000000e+01 2.84873271e+00 2.76000000e+01 -5.78363710e+00
 2.79000000e+01 0.00000000e+00 2.79000000e+01 2.90284968e+00 2.79000000e+01 -6.17351289e+00
 2.82000000e+01 0.00000000e+00 2.82000000e+01 3.19423840e+00 2.82000000e+01 -6.20550636e+00
 2.85000000e+01 0.00000000e+00 2.85000000e+01 2.83980468e+00 2.85000000e+01 -5.76766561e+00
 2.88000000e+01 0.00000000e+00 2.88000000e+01 3.29064764e+00 2.88000000e+01 -5.71608849e+00
 2.91000000e+01 0.00000000e+00 2.91000000e+01 2.73112015e+00 2.91000000e+01 -6.69203005e+00
 2.94000000e+01 0.00000000e+00 2.94000000e+01 3.42762774e+00 2.94000000e+01 -6.56771398e+00
 2.97000000e+01 0.00000000e+00 2.97000000e+01 2.17726533e+00 2.97000000e+01 -6.33644893e+00
 3.00000000e+01 0.00000000e+00 3.00000000e+01 2.44089924e+00 3.00000000e+01 -6.31894998e+00
 3.03000000e+01 0.00000000e+00 3.03000000e+01 2.84435302e+00 3.03000000e+01 -6.09512557e+00
 3.06000000e+01 0.00000000e+00 3.06000000e+01 3.03177447e+00 3.06000000e+01 -6.78108938e+00
 3.09000000e+01 0.00000000e+00 3.09000000e+01 2.71998397e+00 3.09000000e+01 -5.40975140e+00
 3.12000000e+01 0.00000000e+00 3.12000000e+01 2.48172245e+00 3.12000000e+01 -5.94995420e+00
 3.15000000e+01 0.00000000e+00 3.15000000e+01 2.92502664e+00 3.15000000e+01 -6.05380510e+00
 3.18000000e+01 0.00000000e+00 3.18000000e+01 2.70452184e+00 3.18000000e+01 -6.07127715e+00
 3.21000000e+01 0.00000000e+00 3.21000000e+01 3.12526924e+00 3.21000000e+01 -6.16862751e+00
 3.24000000e+01 0.00000000e+00 3.24000000e+01 2.75795953e+00 3.24000000e+01 -6.16112448e+00
 3.27000000e+01 0.00000000e+00 3.27000000e+01 2.48778621e+00 3.27000000e+01 -5.83251293e+00
 3.30000000e+01 0.00000000e+00 3.30000000e+01 3.08980149e+00 3.30000000e+01 -5.96508878e+00
 3.33000000e+01 0.00000000e+00 3.33000000e+01 2.47867261e+00 3.33000000e+01 -5.56080279e+00
 3.36000000e+01 0.00000000e+00 3.36000000e+01 2.96468572e+00 3.36000000e+01 -6.35696893e+00
 3.39000000e+01 0.00000000e+00 3.39000000e+01 2.39136526e+00 3.39000000e+01 -6.34808956e+00
 3.42000000e+01 0.00000000e+00 3.42000000e+01 2.39610400e+00 3.42000000e+01 -6.17371183e+00
 3.45000000e+01 0.00000000e+00 3.45000000e+01 2.57645686e+00 3.45000000e+01 -6.19248531e+00
 3.48000000e+01 0.00000000e+00 3.48000000e+01 2.45888420e+00 3.48000000e+01 -6.02646894e+00
 3.51000000e+01 0.00000000e+00 3.51000000e+01 3.70020852e+00 3.51000000e+01 -5.62036162e-01
 3.54000000e+01 0.00000000e+00 3.54000000e+01 3.95838187e+00 3.54000000e+01 -6.72663405e-01
 3.57000000e+01 0.00000000e+00 3.57000000e+01 4.06836548e+00 3.57000000e+01 -6.12435795e-01
 3.60000000e+01 0.00000000e+00 3.60000000e+01 3.08987104e+00 3.60000000e+01 -7.13980558e-01
 3.63000000e+01 0.00000000e+00 3.63000000e+01 4.08233516e+00 3.63000000e+01 -3.78210398e-02
 3.66000000e+01 0.00000000e+00 3.66000000e+01 3.42675936e+00 3.66000000e+01 -4.70524993e-01
 3.69000000e+01 0.00000000e+00 3.69000000e+01 3.90471050e+00 3.69000000e+01 -8.72566782e-01
 3.72000000e+01 0.00000000e+00 3.72000000e+01 3.78220729e+00 3.72000000e+01 -2.21622471e-01
 3.75000000e+01 0.00000000e+00 3.75000000e+01 4.00763123e+00 3.75000000e+01 -4.83951314e-01
 3.78000000e+01 0.00000000e+00 3.78000000e+01 3.47000672e+00 3.78000000e+01 7.75218016e-03
 3.81000000e+01 0.00000000e+00 3.81000000e+01 4.16893266e+00 3.81000000e+01 -3.29477678e-01
 3.84000000e+01 0.00000000e+00 3.84000000e+01 4.28512829e+00 3.84000000e+01 -6.65318768e-01
 3.87000000e+01 0.00000000e+00 3.87000000e+01 3.70866512e+00 3.87000000e+01 -5.61571127e-01
 3.90000000e+01 0.00000000e+00 3.90000000e+01 3.37714669e+00 3.90000000e+01 -8.26850069e-01
 3.93000000e+01 0.00000000e+00 3.93000000e+01 3.95986502e+00 3.93000000e+01 -2.07107026e-01
 3.96000000e+01 0.00000000e+00 3.96000000e+01 3.74007506e+00 3.96000000e+01 -9.01206363e-01
 3.99000000e+01 0.00000000e+00 3.99000000e+01 3.97624954e+00 3.99000000e+01 -3.91788681e-01
 4.02000000e+01 0.00000000e+00 4.02000000e+01 3.56285865e+00 4.02000000e+01 -1.55618099e+00
 4.05000000e+01 0.00000000e+00 4.05000000e+01 3.92813632e+00 4.05000000e+01 -1.70958630e+00
 4.08000000e+01 0.00000000e+00 4.08000000e+01 4.40240462e+00 4.08000000e+01 -1.37085995e+00
 4.11000000e+01 0.00000000e+00 4.11000000e+01 3.78734625e+00 4.11000000e+01 -1.80655555e+00
 4.14000000e+01 0.00000000e+00 4.14000000e+01 4.18626098e+00 4.14000000e+01 -1.65763741e+00
 4.17000000e+01 0.00000000e+00 4.17000000e+01 4.04224418e+00 4.17000000e+01 -2.20145085e+00
 4.20000000e+01 0.00000000e+00 4.20000000e+01 4.01787243e+00 4.20000000e+01 -1.28578887e+00
 4.23000000e+01 0.00000000e+00 4.23000000e+01 4.07402040e+00 4.23000000e+01 -1.91247915e+00
 4.26000000e+01 0.00000000e+00 4.26000000e+01 4.24352968e+00 4.26000000e+01 -2.30388528e+00
 4.29000000e+01 0.00000000e+00 4.29000000e+01 4.15504024e+00 4.29000000e+01 -1.48520744e+00
 4.32000000e+01 0.00000000e+00 4.32000000e+01 4.42188257e+00 4.32000000e+01 -2.05264254e+00
 4.35000000e+01 0.00000000e+00 4.35000000e+01 3.59786203e+00 4.35000000e+01 -1.64897112e+00
 4.38000000e+01 0.00000000e+00 4.38000000e+01 4.31338413e+00 4.38000000e+01 -1.70023837e+00
 4.41000000e+01 0.00000000e+00 4.41000000e+01 4.25055117e+00 4.41000000e+01 -2.02087771e+00
 4.44000000e+01 0.00000000e+00 4.44000000e+01 3.70563238e+00 4.44000000e+01 -1.07166350e+00
 4.47000000e+01 0.00000000e+00 4.47000000e+01 4.35467049e+00 4.47000000e+01 -2.07550265e+00
 4.50000000e+01 0.00000000e+00 4.50000000e+01 4.51929904e+00 4.50000000e+01 -1.79061117e+00
 4.53000000e+01 0.00000000e+00 4.53000000e+01 4.41772760e+00 4.53000000e+01 -2.11418038e+00
 4.56000000e+01 0.00000000e+00 4.56000000e+01 4.09753219e+00 4.56000000e+01 -2.23929688e+00
 4.59000000e+01 0.00000000e+00 4.59000000e+01 4.13906948e+00 4.59000000e+01 -1.43358461e+00
 4.62000000e+01 0.00000000e+00 4.62000000e+01 4.19634932e+00 4.62000000e+01 -1.51467492e+00
 4.65000000e+01 0.00000000e+00 4.65000000e+01 3.83740533e+00 4.65000000e+01 -2.37642357e+00
 4.68000000e+01 0.00000000e+00 4.68000000e+01 4.20463715e+00 4.68000000e+01 -1.76035742e+00
 4.71000000e+01 0.00000000e+00 4.71000000e+01 4.48411521e+00 4.71000000e+01 -2.10298912e+00
 4.74000000e+01 0.00000000e+00 4.74000000e+01 4.48600406e+00 4.74000000e+01 -2.20016216e+00
 4.77000000e+01 0.00000000e+00 4.77000000e+01 4.09290693e+00 4.77000000e+01 -2.07587973e+00
 4.80000000e+01 0.00000000e+00 4.80000000e+01 4.32608704e+00 4.80000000e+01 -1.44073351e+00
 4.83000000e+01 0.00000000e+00 4.83000000e+01 4.38505522e+00 4.83000000e+01 -1.95624530e+00
 4.86000000e+01 0.00000000e+00 4.86000000e+01 3.69310271e+00 4.86000000e+01 -1.68025544e+00
 4.89000000e+01 0.00000000e+00 4.89000000e+01 4.02764281e+00 4.89000000e+01 -1.54667017e+00
 4.92000000e+01 0.00000000e+00 4.92000000e+01 4.12659361e+00 4.92000000e+01 -1.57852394e+00
 4.95000000e+01 0.00000000e+00 4.95000000e+01 4.40007407e+00 4.95000000e+01 -1.68057947e+00
 4.98000000e+01 0.00000000e+00 4.98000000e+01 3.40173125e+00 4.98000000e+01 -1.81754271e+00
 5.01000000e+01 0.00000000e+00 5.01000000e+01 3.00162402e+00 5.01000000e+01 -5.02047850e+00
 5.04000000e+01 0.00000000e+00 5.04000000e+01 2.09790848e+00 5.04000000e+01 -4.65467442e+00
 5.07000000e+01 0.00000000e+00 5.07000000e+01 2.49192904e+00 5.07000000e+01 -5.33338054e+00
 5.10000000e+01 0.00000000e+00 5.10000000e+01 2.89831784e+00 5.10000000e+01 -5.38844771e+00
 5.13000000e+01 0.00000000e+00 5.13000000e+01 2.90246820e+00 5.13000000e+01 -5.52474039e+00
 5.16000000e+01 0.00000000e+00 5.16000000e+01 2.42329192e+00 5.16000000e+01 -4.81674870e+00
 5.19000000e+01 0.00000000e+00 5.19000000e+01 2.91619133e+00 5.19000000e+01 -4.79012345e+00
 5.22000000e+01 0.00000000e+00 5.22000000e+01 2.57671811e+00 5.22000000e+01 -5.44843045e+00
 5.25000000e+01 0.00000000e+00 5.25000000e+01 2.54643811e+00 5.25000000e+01 -5.42393314e+00
 5.28000000e+01 0.00000000e+00 5.28000000e+01 2.96555030e+00 5.28000000e+01 -5.52189253e+00
 5.31000000e+01 0.00000000e+00 5.31000000e+01 2.85658281e+00 5.31000000e+01 -5.56825333e+00
 5.34000000e+01 0.00000000e+00 5.34000000e+01 2.78662337e+00 5.34000000e+01 -5.51110579e+00
 5.37000000e+01 0.00000000e+00 5.37000000e+01 3.34145524e+00 5.37000000e+01 -5.86717145e+00
 5.40000000e+01 0.00000000e+00 5.40000000e+01 2.63109490e+00 5.40000000e+01 -4.77934969e+00
 5.43000000e+01 0.00000000e+00 5.43000000e+01 2.54741964e+00 5.43000000e+01 -5.72255364e+00
 5.46000000e+01 0.00000000e+00 5.46000000e+01 2.46146838e+00 5.46000000e+01 -4.90878368e+00
 5.49000000e+01 0.00000000e+00 5.49000000e+01 3.01921322e+00 5.49000000e+01 -5.31737908e+00
 5.52000000e+01 0.00000000e+00 5.52000000e+01 8.46038671e+00 5.52000000e+01 -4.43018680e+00
 5.55000000e+01 0.00000000e+00 5.55000000e+01 8.01592353e+00 5.55000000e+01 -4.77816001e+00
 5.58000000e+01 0.00000000e+00 5.58000000e+01 8.28440088e+00 5.58000000e+01 -4.95681046e+00
 5.61000000e+01 0.00000000e+00 5.61000000e+01 8.65655434e+00 5.61000000e+01 -4.34751282e+00
 5.64000000e+01 0.00000000e+00 5.64000000e+01 8.33857275e+00 5.64000000e+01 -5.09010178e+00
 5.67000000e+01 0.00000000e+00 5.67000000e+01 8.04079576e+00 5.67000000e+01 -4.68655327e+00
 5.70000000e+01 0.00000000e+00 5.70000000e+01 7.70479079e+00 5.70000000e+01 -4.88945565e+00
 5.73000000e+01 0.00000000e+00 5.73000000e+01 8.07217222e+00 5.73000000e+01 -4.95869594e+00
 5.76000000e+01 0.00000000e+00 5.76000000e+01 8.42753294e+00 5.76000000e+01 -4.53743618e+00
 5.79000000e+01 0.00000000e+00 5.79000000e+01 8.53871154e+00 5.79000000e+01 -4.60885394e+00
 5.82000000e+01 0.00000000e+00 5.82000000e+01 8.07362238e+00 5.82000000e+01 -4.56569553e+00
 5.85000000e+01 0.00000000e+00 5.85000000e+01 8.03831452e+00 5.85000000e+01 -4.98944123e+00
 5.88000000e+01 0.00000000e+00 5.88000000e+01 7.54826464e+00 5.88000000e+01 -4.46871604e+00
 5.91000000e+01 0.00000000e+00 5.91000000e+01 7.93158065e+00 5.91000000e+01 -4.92451338e+00
 5.94000000e+01 0.00000000e+00 5.94000000e+01 8.46267683e+00 5.94000000e+01 -4.31192905e+00
 5.97000000e+01 0.00000000e+00 5.97000000e+01 8.49884758e+00 5.97000000e+01 -5.31556966e+00
