 0.00000000e+00 0.00000000e+00 0.00000000e+00 7.07326559e+00 0.00000000e+00 -5.01111205e+00
 3.00000000e-01 0.00000000e+00 3.00000000e-01 7.00014294e+00 3.00000000e-01 -4.36542823e+00
 6.00000000e-01 0.00000000e+00 6.00000000e-01 7.32602646e+00 6.00000000e-01 -4.81553574e+00
 9.00000000e-01 0.00000000e+00 9.00000000e-01 7.02485414e+00 9.00000000e-01 -4.64315666e+00
 1.20000000e+00 0.00000000e+00 1.20000000e+00 7.01250897e+00 1.20000000e+00 -4.77614733e+00
 1.50000000e+00 0.00000000e+00 1.50000000e+00 6.22557950e+00 1.50000000e+00 -5.13238640e+00
 1.80000000e+00 0.00000000e+00 1.80000000e+00 6.61825565e+00 1.80000000e+00 -4.82058469e+00
 2.10000000e+00 0.00000000e+00 2.10000000e+00 7.19744507e+00 2.10000000e+00 -4.56911498e+00
 2.40000000e+00 0.00000000e+00 2.40000000e+00 6.69138646e+00 2.40000000e+00 -4.42363852e+00
 2.70000000e+00 0.00000000e+00 2.70000000e+00 7.17578148e+00 2.70000000e+00 -4.60955602e+00
 3.00000000e+00 0.00000000e+00 3.00000000e+00 6.88252649e+00 3.00000000e+00 -4.18611980e+00
 3.30000000e+00 0.00000000e+00 3.30000000e+00 7.14974117e+00 3.30000000e+00 -4.57154831e+00
 3.60000000e+00 0.00000000e+00 3.60000000e+00 7.02769109e+00 3.60000000e+00 -4.72687002e+00
 3.90000000e+00 0.00000000e+00 3.90000000e+00 7.46662963e+00 3.90000000e+00 -4.50432284e+00
 4.20000000e+00 0.00000000e+00 4.20000000e+00 7.36384077e+00 4.20000000e+00 -5.14842632e+00
 4.50000000e+00 0.00000000e+00 4.50000000e+00 7.06363587e+00 4.50000000e+00 -3.57700144e+00
 4.80000000e+00 0.00000000e+00 4.80000000e+00 7.02727183e+00 4.80000000e+00 -4.74745061e+00
 5.10000000e+00 0.00000000e+00 5.10000000e+00 6.59199299e+00 5.10000000e+00 -4.80497170e+00
 5.40000000e+00 0.00000000e+00 5.40000000e+00 7.15870395e+00 5.40000000e+00 -4.74794748e+00
 5.70000000e+00 0.00000000e+00 5.70000000e+00 6.51294838e+00 5.70000000e+00 -4.23792830e+00
 6.00000000e+00 0.00000000e+00 6.00000000e+00 7.28770499e+00 6.00000000e+00 -4.15523415e+00
 6.30000000e+00 0.00000000e+00 6.30000000e+00 7.56417327e+00 6.30000000e+00 -4.16587874e+00
 6.60000000e+00 0.00000000e+00 6.60000000e+00 7.28080338e+00 6.60000000e+00 -4.23095820e+00
 6.90000000e+00 0.00000000e+00 6.90000000e+00 7.00037521e+00 6.90000000e+00 -4.65330796e+00
 7.20000000e+00 0.00000000e+00 7.20000000e+00 7.42481632e+00 7.20000000e+00 -5.38418203e+00
 7.50000000e+00 0.00000000e+00 7.50000000e+00 6.57621633e+00 7.50000000e+00 -4.81355472e+00
 7.80000000e+00 0.00000000e+00 7.80000000e+00 6.72562979e+00 7.80000000e+00 -4.38648936e+00
 8.10000000e+00 0.00000000e+00 8.10000000e+00 6.99758620e+00 8.10000000e+00 -4.51940576e+00
 8.40000000e+00 0.00000000e+00 8.40000000e+00 6.49542649e+00 8.40000000e+00 -4.71675703e+00
 8.70000000e+00 0.00000000e+00 8.70000000e+00 7.35968671e+00 8.70000000e+00 -4.49615754e+00
 9.00000000e+00 0.00000000e+00 9.00000000e+00 7.03562701e+00 9.00000000e+00 -4.31239738e+00
 9.30000000e+00 0.00000000e+00 9.30000000e+00 6.96166457e+00 9.30000000e+00 -4.99433316e+00
 9.60000000e+00 0.00000000e+00 9.60000000e+00 7.03076717e+00 9.60000000e+00 -4.53118450e+00
 9.90000000e+00 0.00000000e+00 9.90000000e+00 7.02756602e+00 9.90000000e+00 -4.61453405e+00
 1.02000000e+01 0.00000000e+00 1.02000000e+01 7.31511014e+00 1.02000000e+01 -4.70105543e+00
 1.05000000e+01 0.00000000e+00 1.05000000e+01 7.25041255e+00 1.05000000e+01 -4.53322287e+00
 1.08000000e+01 0.00000000e+00 1.08000000e+01 7.16520683e+00 1.08000000e+01 -5.46405370e+00
 1.11000000e+01 0.00000000e+00 1.11000000e+01 6.94434174e+00 1.11000000e+01 -5.05819611e+00
 1.14000000e+01 0.00000000e+00 1.14000000e+01 7.06833663e+00 1.14000000e+01 -4.26722688e+00
 1.17000000e+01 0.00000000e+00 1.17000000e+01 6.99733253e+00 1.17000000e+01 -4.62669757e+00
 1.20000000e+01 0.00000000e+00 1.20000000e+01 7.59744735e+00 1.20000000e+01 -5.03482163e+00
 1.23000000e+01 0.00000000e+00 1.23000000e+01 6.98433237e+00 1.23000000e+01 -4.95137855e+00
 1.26000000e+01 0.00000000e+00 1.26000000e+01 6.71014504e+00 1.26000000e+01 -4.61251196e+00
 1.29000000e+01 0.00000000e+00 1.29000000e+01 7.20935728e+00 1.29000000e+01 -4.69274446e+00
 1.32000000e+01 0.00000000e+00 1.32000000e+01 7.33536973e+00 1.32000000e+01 -4.58097713e+00
 1.35000000e+01 0.00000000e+00 1.35000000e+01 6.81234076e+00 1.35000000e+01 -4.75193886e+00
 1.38000000e+01 0.00000000e+00 1.38000000e+01 7.45617788e+00 1.38000000e+01 -5.41969197e+00
 1.41000000e+01 0.00000000e+00 1.41000000e+01 6.59667209e+00 1.41000000e+01 -4.78645258e+00
 1.44000000e+01 0.00000000e+00 1.44000000e+01 7.12978538e+00 1.44000000e+01 -4.99250010e+00
 1.47000000e+01 0.00000000e+00 1.47000000e+01 7.18805504e+00 1.47000000e+01 -4.62119526e+00
 1.50000000e+01 0.00000000e+00 1.50000000e+01 6.97101942e+00 1.50000000e+01 -4.58550612e+00
 1.53000000e+01 0.00000000e+00 1.53000000e+01 1.14300543e+00 1.53000000e+01 -5.38307619e+00
 1.56000000e+01 0.00000000e+00 1.56000000e+01 1.20014574e+00 1.56000000e+01 -4.20758032e+00
 1.59000000e+01 0.00000000e+00 1.59000000e+01 1.82557051e+00 1.59000000e+01 -5.29109505e+00
 1.62000000e+01 0.00000000e+00 1.62000000e+01 1.33932815e+00 1.62000000e+01 -4.77375724e+00
 1.65000000e+01 0.00000000e+00 1.65000000e+01 1.20313521e+00 1.65000000e+01 -4.22979121e+00
 1.68000000e+01 0.00000000e+00 1.68000000e+01 1.10113842e+00 1.68000000e+01 -5.47396947e+00
 1.71000000e+01 0.00000000e+00 1.71000000e+01 1.25319719e+00 1.71000000e+01 -4.39088475e+00
 1.74000000e+01 0.00000000e+00 1.74000000e+01 1.10785298e+00 1.74000000e+01 -5.30022931e+00
 1.77000000e+01 0.00000000e+00 1.77000000e+01 1.14663424e+00 1.77000000e+01 -4.74734342e+00
 1.80000000e+01 0.00000000e+00 1.80000000e+01 9.10379968e-01 1.80000000e+01 -4.97129453e+00
 1.83000000e+01 0.00000000e+00 1.83000000e+01 1.27275475e+00 1.83000000e+01 -5.12329224e+00
 1.86000000e+01 0.00000000e+00 1.86000000e+01 1.43786272e+00 1.86000000e+01 -5.13940447e+00
 1.89000000e+01 0.00000000e+00 1.89000000e+01 2.05695157e+00 1.89000000e+01 -5.13172177e+00
 1.92000000e+01 0.00000000e+00 1.92000000e+01 1.36617890e+00 1.92000000e+01 -4.94812784e+00
 1.95000000e+01 0.00000000e+00 1.95000000e+01 1.04063024e+00 1.95000000e+01 -4.50235881e+00
 1.98000000e+01 0.00000000e+00 1.98000000e+01 1.57934412e+00 1.98000000e+01 -5.05324048e+00
 2.01000000e+01 0.00000000e+00 2.01000000e+01 9.92862664e-01 2.01000000e+01 -4.59714499e+00
 2.04000000e+01 0.00000000e+00 2.04000000e+01 1.56173861e+00 2.04000000e+01 -5.11392911e+00
 2.07000000e+01 0.00000000e+00 2.07000000e+01 8.96479706e-01 2.07000000e+01 -5.28739730e+00
 2.10000000e+01 0.00000000e+00 2.10000000e+01 2.00099890e+00 2.10000000e+01 -4.72621817e+00
 2.13000000e+01 0.00000000e+00 2.13000000e+01 2.08607932e+00 2.13000000e+01 -4.60971903e+00
 2.16000000e+01 0.00000000e+00 2.16000000e+01 1.65698907e+00 2.16000000e+01 -4.35559671e+00
 2.19000000e+01 0.00000000e+00 2.19000000e+01 1.45234227e+00 2.19000000e+01 -4.69453321e+00
 2.22000000e+01 0.00000000e+00 2.22000000e+01 8.87808037e-01 2.22000000e+01 -5.20227195e+00
 2.25000000e+01 0.00000000e+00 2.25000000e+01 1.41557556e+00 2.25000000e+01 -4.91315888e+00
 2.28000000e+01 0.00000000e+00 2.28000000e+01 1.43322774e+00 2.28000000e+01 -4.87869821e+00
 2.31000000e+01 0.00000000e+00 2.31000000e+01 1.41981001e+00 2.31000000e+01 -5.17483231e+00
 2.34000000e+01 0.00000000e+00 2.34000000e+01 1.44500273e+00 2.34000000e+01 -4.83733961e+00
 2.37000000e+01 0.00000000e+00 2.37000000e+01 2.46801774e+00 2.37000000e+01 -4.83481059e+00
 2.40000000e+01 0.00000000e+00 2.40000000e+01 1.31309712e+00 2.40000000e+01 -4.85609421e+00
 2.43000000e+01 0.00000000e+00 2.43000000e+01 1.16615694e+00 2.43000000e+01 -4.73457399e+00
 2.46000000e+01 0.00000000e+00 2.46000000e+01 8.89206234e-01 2.46000000e+01 -4.60548039e+00
 2.49000000e+01 0.00000000e+00 2.49000000e+01 1.67446794e+00 2.49000000e+01 -5.35363850e+00
 2.52000000e+01 0.00000000e+00 2.52000000e+01 3.13750244e+00 2.52000000e+01 -4.63979967e+00
 2.55000000e+01 0.00000000e+00 2.55000000e+01 3.29359433e+00 2.55000000e+01 -4.08651384e+00
 2.58000000e+01 0.00000000e+00 2.58000000e+01 3.05991030e+00 2.58000000e+01 -3.94350961e+00
 2.61000000e+01 0.00000000e+00 2.61000000e+01 3.48010432e+00 2.61000000e+01 -3.37514234e+00
 2.64000000e+01 0.00000000e+00 2.64000000e+01 3.14787313e+00 2.64000000e+01 -3.97967920e+00
 2.67000000e+01 0.00000000e+00 2.67000000e+01 2.88731208e+00 2.67000000e+01 -4.19839578e+00
 2.70000000e+01 0.00000000e+00 2.70000000e+01 3.60126112e+00 2.70000000e+01 -3.92257333e+00
 2.73000000e+01 0.00000000e+00 2.73000000e+01 3.31468356e+00 2.73000000e+01 -4.38270403e+00
 2.76000000e+01 0.00000000e+00 2.76000000e+01 3.38862872e+00 2.76000000e+01 -3.48859564e+00
 2.79000000e+01 0.00000000e+00 2.79000000e+01 3.61857312e+00 2.79000000e+01 -4.23946592e+00
 2.82000000e+01 0.00000000e+00 2.82000000e+01 3.51645786e+00 2.82000000e+01 -4.45916192e+00
 2.85000000e+01 0.00000000e+00 2.85000000e+01 3.42089912e+00 2.85000000e+01 -4.09218432e+00
 2.88000000e+01 0.00000000e+00 2.88000000e+01 3.59638468e+00 2.88000000e+01 -3.93659840e+00
 2.91000000e+01 0.00000000e+00 2.91000000e+01 2.61479656e+00 2.91000000e+01 -4.02034528e+00
 2.94000000e+01 0.00000000e+00 2.94000000e+01 3.55482663e+00 2.94000000e+01 -4.18212364e+00
 2.97000000e+01 0.00000000e+00 2.97000000e+01 2.62595278e+00 2.97000000e+01 -3.99265904e+00
 3.00000000e+01 0.00000000e+00 3.00000000e+01 2.80202746e+00 3.00000000e+01 -4.86332931e+00
 3.03000000e+01 0.00000000e+00 3.03000000e+01 3.26909584e+00 3.03000000e+01 -4.80401263e+00
 3.06000000e+01 0.00000000e+00 3.06000000e+01 3.19128820e+00 3.06000000e+01 -3.65458066e+00
 3.09000000e+01 0.00000000e+00 3.09000000e+01 2.82564048e+00 3.09000000e+01 -3.76865064e+00
 3.12000000e+01 0.00000000e+00 3.12000000e+01 2.56425952e+00 3.12000000e+01 -3.75854283e+00
 3.15000000e+01 0.00000000e+00 3.15000000e+01 2.72006491e+00 3.15000000e+01 -4.48959564e+00
 3.18000000e+01 0.00000000e+00 3.18000000e+01 3.00674973e+00 3.18000000e+01 -4.55129441e+00
 3.21000000e+01 0.00000000e+00 3.21000000e+01 3.38563064e+00 3.21000000e+01 -3.46167071e+00
 3.24000000e+01 0.00000000e+00 3.24000000e+01 2.67902170e+00 3.24000000e+01 -4.21980560e+00
 3.27000000e+01 0.00000000e+00 3.27000000e+01 2.80555679e+00 3.27000000e+01 -3.67537669e+00
 3.30000000e+01 0.00000000e+00 3.30000000e+01 2.37537495e+00 3.30000000e+01 -4.35490558e+00
 3.33000000e+01 0.00000000e+00 3.33000000e+01 2.82415918e+00 3.33000000e+01 -4.14745333e+00
 3.36000000e+01 0.00000000e+00 3.36000000e+01 2.75464668e+00 3.36000000e+01 -3.56873271e+00
 3.39000000e+01 0.00000000e+00 3.39000000e+01 3.41299204e+00 3.39000000e+01 -4.29628482e+00
 3.42000000e+01 0.00000000e+00 3.42000000e+01 3.26564391e+00 3.42000000e+01 -3.74740974e+00
 3.45000000e+01 0.00000000e+00 3.45000000e+01 3.39071680e+00 3.45000000e+01 -4.55492415e+00
 3.48000000e+01 0.00000000e+00 3.48000000e+01 3.04506445e+00 3.48000000e+01 -4.31715850e+00
 3.51000000e+01 0.00000000e+00 3.51000000e+01 5.14627857e+00 3.51000000e+01 -2.86635340e+00
 3.54000000e+01 0.00000000e+00 3.54000000e+01 4.59605364e+00 3.54000000e+01 -2.99475425e+00
 3.57000000e+01 0.00000000e+00 3.57000000e+01 5.04106067e+00 3.57000000e+01 -2.51824475e+00
 3.60000000e+01 0.00000000e+00 3.60000000e+01 4.59104742e+00 3.60000000e+01 -3.35116201e+00
 3.63000000e+01 0.00000000e+00 3.63000000e+01 4.78182964e+00 3.63000000e+01 -2.99724072e+00
 3.66000000e+01 0.00000000e+00 3.66000000e+01 5.11151547e+00 3.66000000e+01 -3.44059590e+00
 3.69000000e+01 0.00000000e+00 3.69000000e+01 4.73248137e+00 3.69000000e+01 -2.72915909e+00
 3.72000000e+01 0.00000000e+00 3.72000000e+01 4.47151440e+00 3.72000000e+01 -3.34632745e+00
 3.75000000e+01 0.00000000e+00 3.75000000e+01 5.14728888e+00 3.75000000e+01 -3.35735931e+00
 3.78000000e+01 0.00000000e+00 3.78000000e+01 4.61356085e+00 3.78000000e+01 -2.97318581e+00
 3.81000000e+01 0.00000000e+00 3.81000000e+01 4.49651660e+00 3.81000000e+01 -2.56441597e+00
 3.84000000e+01 0.00000000e+00 3.84000000e+01 5.07810044e+00 3.84000000e+01 -2.87895113e+00
 3.87000000e+01 0.00000000e+00 3.87000000e+01 5.60660312e+00 3.87000000e+01 -2.74943674e+00
 3.90000000e+01 0.00000000e+00 3.90000000e+01 5.04484885e+00 3.90000000e+01 -3.00567493e+00
 3.93000000e+01 0.00000000e+00 3.93000000e+01 4.95906516e+00 3.93000000e+01 -2.84681724e+00
 3.96000000e+01 0.00000000e+00 3.96000000e+01 4.65262979e+00 3.96000000e+01 -2.49827470e+00
 3.99000000e+01 0.00000000e+00 3.99000000e+01 4.10892098e+00 3.99000000e+01 -2.27507748e+00
 4.02000000e+01 0.00000000e+00 4.02000000e+01 5.22243985e+00 4.02000000e+01 -1.42976335e+00
 4.05000000e+01 0.00000000e+00 4.05000000e+01 4.85651607e+00 4.05000000e+01 -1.33140366e+00
 4.08000000e+01 0.00000000e+00 4.08000000e+01 5.53206642e+00 4.08000000e+01 -1.65987844e+00
 4.11000000e+01 0.00000000e+00 4.11000000e+01 5.00131159e+00 4.11000000e+01 -1.16127971e+00
 4.14000000e+01 0.00000000e+00 4.14000000e+01 5.55249719e+00 4.14000000e+01 -1.44910907e+00
 4.17000000e+01 0.00000000e+00 4.17000000e+01 5.82630499e+00 4.17000000e+01 -1.43686742e+00
 4.20000000e+01 0.00000000e+00 4.20000000e+01 5.04423543e+00 4.20000000e+01 -1.66782831e+00
 4.23000000e+01 0.00000000e+00 4.23000000e+01 4.98256954e+00 4.23000000e+01 -1.07859633e+00
 4.26000000e+01 0.00000000e+00 4.26000000e+01 5.40356916e+00 4.26000000e+01 -1.46837518e+00
 4.29000000e+01 0.00000000e+00 4.29000000e+01 5.33252110e+00 4.29000000e+01 -1.58859993e+00
 4.32000000e+01 0.00000000e+00 4.32000000e+01 5.03188361e+00 4.32000000e+01 -1.21758891e+00
 4.35000000e+01 0.00000000e+00 4.35000000e+01 5.44765650e+00 4.35000000e+01 -1.50347745e+00
 4.38000000e+01 0.00000000e+00 4.38000000e+01 4.59829912e+00 4.38000000e+01 -8.77708720e-01
 4.41000000e+01 0.00000000e+00 4.41000000e+01 5.23179208e+00 4.41000000e+01 -1.21468035e+00
 4.44000000e+01 0.00000000e+00 4.44000000e+01 5.02389555e+00 4.44000000e+01 -1.34055404e+00
 4.47000000e+01 0.00000000e+00 4.47000000e+01 4.68269561e+00 4.47000000e+01 -1.40785322e+00
 4.50000000e+01 0.00000000e+00 4.50000000e+01 5.35645137e+00 4.50000000e+01 -1.82831571e+00
 4.53000000e+01 0.00000000e+00 4.53000000e+01 5.07967788e+00 4.53000000e+01 -2.02464309e+00
 4.56000000e+01 0.00000000e+00 4.56000000e+01 5.23370745e+00 4.56000000e+01 -1.30803974e+00
 4.59000000e+01 0.00000000e+00 4.59000000e+01 4.79238461e+00 4.59000000e+01 -1.31541648e+00
 4.62000000e+01 0.00000000e+00 4.62000000e+01 5.21850706e+00 4.62000000e+01 -1.27814563e+00
 4.65000000e+01 0.00000000e+00 4.65000000e+01 4.97618594e+00 4.65000000e+01 -1.92095432e+00
 4.68000000e+01 0.00000000e+00 4.68000000e+01 4.86181330e+00 4.68000000e+01 -1.82704601e+00
 4.71000000e+01 0.00000000e+00 4.71000000e+01 4.84941257e+00 4.71000000e+01 -1.59930313e+00
 4.74000000e+01 0.00000000e+00 4.74000000e+01 5.72836538e+00 4.74000000e+01 -1.70596459e+00
 4.77000000e+01 0.00000000e+00 4.77000000e+01 5.09329850e+00 4.77000000e+01 -1.37327641e+00
 4.80000000e+01 0.00000000e+00 4.80000000e+01 5.15405417e+00 4.80000000e+01 -1.12287472e+00
 4.83000000e+01 0.00000000e+00 4.83000000e+01 5.11565966e+00 4.83000000e+01 -2.00507853e+00
 4.86000000e+01 0.00000000e+00 4.86000000e+01 5.25428218e+00 4.86000000e+01 -2.15643571e+00
 4.89000000e+01 0.00000000e+00 4.89000000e+01 5.00420139e+00 4.89000000e+01 -2.06162923e+00
 4.92000000e+01 0.00000000e+00 4.92000000e+01 5.66127283e+00 4.92000000e+01 -1.74995320e+00
 4.95000000e+01 0.00000000e+00 4.95000000e+01 4.93540130e+00 4.95000000e+01 -1.56945620e+00
 4.98000000e+01 0.00000000e+00 4.98000000e+01 4.55168133e+00 4.98000000e+01 -1.43956201e+00
 5.01000000e+01 0.00000000e+00 5.01000000e+01 2.44283083e+00 5.01000000e+01 -3.86205642e+00
 5.04000000e+01 0.00000000e+00 5.04000000e+01 2.03674387e+00 5.04000000e+01 -3.68056215e+00
 5.07000000e+01 0.00000000e+00 5.07000000e+01 2.40968868e+00 5.07000000e+01 -4.20501302e+00
 5.10000000e+01 0.00000000e+00 5.10000000e+01 2.21696742e+00 5.10000000e+01 -3.55300340e+00
 5.13000000e+01 0.00000000e+00 5.13000000e+01 2.11848320e+00 5.13000000e+01 -4.11277404e+00
 5.16000000e+01 0.00000000e+00 5.16000000e+01 2.36626257e+00 5.16000000e+01 -4.17776418e+00
 5.19000000e+01 0.00000000e+00 5.19000000e+01 2.70590755e+00 5.19000000e+01 -3.59967886e+00
 5.22000000e+01 0.00000000e+00 5.22000000e+01 2.98846757e+00 5.22000000e+01 -3.72311548e+00
 5.25000000e+01 0.00000000e+00 5.25000000e+01 2.42755013e+00 5.25000000e+01 -4.42370523e+00
 5.28000000e+01 0.00000000e+00 5.28000000e+01 2.92208935e+00 5.28000000e+01 -4.31918882e+00
 5.31000000e+01 0.00000000e+00 5.31000000e+01 2.56133611e+00 5.31000000e+01 -3.72871412e+00
 5.34000000e+01 0.00000000e+00 5.34000000e+01 2.72819384e+00 5.34000000e+01 -4.32031107e+00
 5.37000000e+01 0.00000000e+00 5.37000000e+01 2.63952075e+00 5.37000000e+01 -3.45881167e+00
 5.40000000e+01 0.00000000e+00 5.40000000e+01 2.43964144e+00 5.40000000e+01 -3.84728233e+00
 5.43000000e+01 0.00000000e+00 5.43000000e+01 2.32364667e+00 5.43000000e+01 -3.93310263e+00
 5.46000000e+01 0.00000000e+00 5.46000000e+01 2.23465052e+00 5.46000000e+01 -3.90870421e+00
 5.49000000e+01 0.00000000e+00 5.49000000e+01 2.76920511e+00 5.49000000e+01 -3.74541921e+00
 5.52000000e+01 0.00000000e+00 5.52000000e+01 6.62630419e+00 5.52000000e+01 -4.99040371e+00
 5.55000000e+01 0.00000000e+00 5.55000000e+01 6.89228047e+00 5.55000000e+01 -4.53570803e+00
 5.58000000e+01 0.00000000e+00 5.58000000e+01 6.91433913e+00 5.58000000e+01 -4.26329158e+00
 5.61000000e+01 0.00000000e+00 5.61000000e+01 6.88124051e+00 5.61000000e+01 -4.78958411e+00
 5.64000000e+01 0.00000000e+00 5.64000000e+01 7.48087965e+00 5.64000000e+01 -4.56226297e+00
 5.67000000e+01 0.00000000e+00 5.67000000e+01 7.03100550e+00 5.67000000e+01 -4.45881247e+00
 5.70000000e+01 0.00000000e+00 5.70000000e+01 7.52631571e+00 5.70000000e+01 -4.61393822e+00
 5.73000000e+01 0.00000000e+00 5.73000000e+01 7.69923195e+00 5.73000000e+01 -4.72865432e+00
 5.76000000e+01 0.00000000e+00 5.76000000e+01 6.51193331e+00 5.76000000e+01 -4.74543315e+00
 5.79000000e+01 0.00000000e+00 5.79000000e+01 6.80542883e+00 5.79000000e+01 -4.32278664e+00
 5.82000000e+01 0.00000000e+00 5.82000000e+01 7.05253256e+00 5.82000000e+01 -5.05445655e+00
 5.85000000e+01 0.00000000e+00 5.85000000e+01 7.18343857e+00 5.85000000e+01 -5.50682417e+00
 5.88000000e+01 0.00000000e+00 5.88000000e+01 7.26174615e+00 5.88000000e+01 -5.02040620e+00
 5.91000000e+01 0.00000000e+00 5.91000000e+01 7.51623615e+00 5.91000000e+01 -4.29285172e+00
 5.94000000e+01 0.00000000e+00 5.94000000e+01 7.48329025e+00 5.94000000e+01 -4.57024059e+00
 5.97000000e+01 0.00000000e+00 5.97000000e+01 7.19299491e+00 5.97000000e+01 -4.34229222e+00
