 0.00000000e+00 0.00000000e+00 0.00000000e+00 5.70613062e+00 0.00000000e+00 -5.74103090e+00
 3.00000000e-01 0.00000000e+00 3.00000000e-01 6.29011990e+00 3.00000000e-01 -5.16150834e+00
 6.00000000e-01 0.00000000e+00 6.00000000e-01 6.73087002e+00 6.00000000e-01 -5.68287111e+00
 9.00000000e-01 0.00000000e+00 9.00000000e-01 6.16889218e+00 9.00000000e-01 -5.62906885e+00
 1.20000000e+00 0.00000000e+00 1.20000000e+00 5.73109924e+00 1.20000000e+00 -5.75009811e+00
 1.50000000e+00 0.00000000e+00 1.50000000e+00 6.12298243e+00 1.50000000e+00 -5.51068607e+00
 1.80000000e+00 0.00000000e+00 1.80000000e+00 6.28628578e+00 1.80000000e+00 -5.79329853e+00
 2.10000000e+00 0.00000000e+00 2.10000000e+00 6.40582283e+00 2.10000000e+00 -6.02188054e+00
 2.40000000e+00 0.00000000e+00 2.40000000e+00 5.92889283e+00 2.40000000e+00 -5.61399231e+00
 2.70000000e+00 0.00000000e+00 2.70000000e+00 6.42758961e+00 2.70000000e+00 -5.68374479e+00
 3.00000000e+00 0.00000000e+00 3.00000000e+00 6.25340464e+00 3.00000000e+00 -5.63157474e+00
 3.30000000e+00 0.00000000e+00 3.30000000e+00 6.06054760e+00 3.30000000e+00 -5.66952840e+00
 3.60000000e+00 0.00000000e+00 3.60000000e+00 6.46545005e+00 3.60000000e+00 -5.22901750e+00
 3.90000000e+00 0.00000000e+00 3.90000000e+00 5.80110223e+00 3.90000000e+00 -6.05646977e+00
 4.20000000e+00 0.00000000e+00 4.20000000e+00 6.06659158e+00 4.20000000e+00 -5.99214968e+00
 4.50000000e+00 0.00000000e+00 4.50000000e+00 5.99421954e+00 4.50000000e+00 -5.85165936e+00
 4.80000000e+00 0.00000000e+00 4.80000000e+00 5.70013564e+00 4.80000000e+00 -6.51436145e+00
 5.10000000e+00 0.00000000e+00 5.10000000e+00 6.14343126e+00 5.10000000e+00 -5.99109167e+00
 5.40000000e+00 0.00000000e+00 5.40000000e+00 5.54537851e+00 5.40000000e+00 -5.75241297e+00
 5.70000000e+00 0.00000000e+00 5.70000000e+00 6.20330393e+00 5.70000000e+00 -5.61150739e+00
 6.00000000e+00 0.00000000e+00 6.00000000e+00 6.30140109e+00 6.00000000e+00 -5.88837196e+00
 6.30000000e+00 0.00000000e+00 6.30000000e+00 6.95389431e+00 6.30000000e+00 -5.36295139e+00
 6.60000000e+00 0.00000000e+00 6.60000000e+00 6.52343402e+00 6.60000000e+00 -5.74917676e+00
 6.90000000e+00 0.00000000e+00 6.90000000e+00 6.37695858e+00 6.90000000e+00 -5.63007269e+00
 7.20000000e+00 0.00000000e+00 7.20000000e+00 5.58752404e+00 7.20000000e+00 -5.31766209e+00
 7.50000000e+00 0.00000000e+00 7.50000000e+00 5.91172438e+00 7.50000000e+00 -6.04979222e+00
 7.80000000e+00 0.00000000e+00 7.80000000e+00 6.35398500e+00 7.80000000e+00 -5.35045532e+00
 8.10000000e+00 0.00000000e+00 8.10000000e+00 6.50148787e+00 8.10000000e+00 -5.79979819e+00
 8.40000000e+00 0.00000000e+00 8.40000000e+00 6.52689624e+00 8.40000000e+00 -5.88229850e+00
 8.70000000e+00 0.00000000e+00 8.70000000e+00 5.94465599e+00 8.70000000e+00 -6.07106284e+00
 9.00000000e+00 0.00000000e+00 9.00000000e+00 6.04957227e+00 9.00000000e+00 -5.34646496e+00
 9.30000000e+00 0.00000000e+00 9.30000000e+00 5.92821511e+00 9.30000000e+00 -5.93040151e+00
 9.60000000e+00 0.00000000e+00 9.60000000e+00 6.20822724e+00 9.60000000e+00 -6.47058327e+00
 9.90000000e+00 0.00000000e+00 9.90000000e+00 6.16979863e+00 9.90000000e+00 -5.16481146e+00
 1.02000000e+01 0.00000000e+00 1.02000000e+01 6.05841406e+00 1.02000000e+01 -6.25198104e+00
 1.05000000e+01 0.00000000e+00 1.05000000e+01 6.05441422e+00 1.05000000e+01 -5.56063464e+00
 1.08000000e+01 0.00000000e+00 1.08000000e+01 6.31056925e+00 1.08000000e+01 -5.74460568e+00
 1.11000000e+01 0.00000000e+00 1.11000000e+01 6.41472896e+00 1.11000000e+01 -5.79670221e+00
 1.14000000e+01 0.00000000e+00 1.14000000e+01 6.20052030e+00 1.14000000e+01 -6.05955255e+00
 1.17000000e+01 0.00000000e+00 1.17000000e+01 5.92262049e+00 1.17000000e+01 -5.37929292e+00
 1.20000000e+01 0.00000000e+00 1.20000000e+01 5.95612379e+00 1.20000000e+01 -5.90284823e+00
 1.23000000e+01 0.00000000e+00 1.23000000e+01 6.21378910e+00 1.23000000e+01 -5.39160834e+00
 1.26000000e+01 0.00000000e+00 1.26000000e+01 6.19800150e+00 1.26000000e+01 -5.71568896e+00
 1.29000000e+01 0.00000000e+00 1.29000000e+01 6.45025152e+00 1.29000000e+01 -6.07285066e+00
 1.32000000e+01 0.00000000e+00 1.32000000e+01 6.20180686e+00 1.32000000e+01 -5.14725821e+00
 1.35000000e+01 0.00000000e+00 1.35000000e+01 6.16462603e+00 1.35000000e+01 -5.24347222e+00
 1.38000000e+01 0.00000000e+00 1.38000000e+01 6.73389716e+00 1.38000000e+01 -5.97839716e+00
 1.41000000e+01 0.00000000e+00 1.41000000e+01 6.24270387e+00 1.41000000e+01 -5.78678568e+00
 1.44000000e+01 0.00000000e+00 1.44000000e+01 6.60214598e+00 1.44000000e+01 -5.96322467e+00
 1.47000000e+01 0.00000000e+00 1.47000000e+01 6.12525803e+00 1.47000000e+01 -5.88497408e+00
 1.50000000e+01 0.00000000e+00 1.50000000e+01 6.13599465e+00 1.50000000e+01 -5.75886028e+00
 1.53000000e+01 0.00000000e+00 1.53000000e+01 3.64236487e+00 1.53000000e+01 -4.84166418e+00
 1.56000000e+01 0.00000000e+00 1.56000000e+01 2.83937557e+00 1.56000000e+01 -4.36872232e+00
 1.59000000e+01 0.00000000e+00 1.59000000e+01 3.22448281e+00 1.59000000e+01 -5.41727017e+00
 1.62000000e+01 0.00000000e+00 1.62000000e+01 3.57467205e+00 1.62000000e+01 -4.83972054e+00
 1.65000000e+01 0.00000000e+00 1.65000000e+01 3.03598293e+00 1.65000000e+01 -4.65913621e+00
 1.68000000e+01 0.00000000e+00 1.68000000e+01 3.97288396e+00 1.68000000e+01 -4.78733412e+00
 1.71000000e+01 0.00000000e+00 1.71000000e+01 3.59721303e+00 1.71000000e+01 -4.72203858e+00
 1.74000000e+01 0.00000000e+00 1.74000000e+01 3.36667438e+00 1.74000000e+01 -5.15269269e+00
 1.77000000e+01 0.00000000e+00 1.77000000e+01 3.12642608e+00 1.77000000e+01 -4.83795252e+00
 1.80000000e+01 0.00000000e+00 1.80000000e+01 3.46584650e+00 1.80000000e+01 -5.38600028e+00
 1.83000000e+01 0.00000000e+00 1.83000000e+01 3.67713201e+00 1.83000000e+01 -4.72319803e+00
 1.86000000e+01 0.00000000e+00 1.86000000e+01 3.77208240e+00 1.86000000e+01 -4.30743809e+00
 1.89000000e+01 0.00000000e+00 1.89000000e+01 3.79621766e+00 1.89000000e+01 -4.84647684e+00
 1.92000000e+01 0.00000000e+00 1.92000000e+01 3.16947374e+00 1.92000000e+01 -4.85604062e+00
 1.95000000e+01 0.00000000e+00 1.95000000e+01 2.52463142e+00 1.95000000e+01 -5.27960782e+00
 1.98000000e+01 0.00000000e+00 1.98000000e+01 2.73399396e+00 1.98000000e+01 -5.86292525e+00
 2.01000000e+01 0.00000000e+00 2.01000000e+01 3.68821877e+00 2.01000000e+01 -4.98175958e+00
 2.04000000e+01 0.00000000e+00 2.04000000e+01 3.45965872e+00 2.04000000e+01 -5.17459694e+00
 2.07000000e+01 0.00000000e+00 2.07000000e+01 3.40704287e+00 2.07000000e+01 -5.30153202e+00
 2.10000000e+01 0.00000000e+00 2.10000000e+01 2.96466223e+00 2.10000000e+01 -4.68380942e+00
 2.13000000e+01 0.00000000e+00 2.13000000e+01 3.03331966e+00 2.13000000e+01 -4.56485660e+00
 2.16000000e+01 0.00000000e+00 2.16000000e+01 3.13783290e+00 2.16000000e+01 -4.44967824e+00
 2.19000000e+01 0.00000000e+00 2.19000000e+01 3.61206635e+00 2.19000000e+01 -4.90656422e+00
 2.22000000e+01 0.00000000e+00 2.22000000e+01 3.26121237e+00 2.22000000e+01 -5.68706140e+00
 2.25000000e+01 0.00000000e+00 2.25000000e+01 2.94427778e+00 2.25000000e+01 -5.19200326e+00
 2.28000000e+01 0.00000000e+00 2.28000000e+01 3.67198902e+00 2.28000000e+01 -5.25903576e+00
 2.31000000e+01 0.00000000e+00 2.31000000e+01 3.88854200e+00 2.31000000e+01 -4.99036704e+00
 2.34000000e+01 0.00000000e+00 2.34000000e+01 3.33805232e+00 2.34000000e+01 -5.67604374e+00
 2.37000000e+01 0.00000000e+00 2.37000000e+01 3.65454351e+00 2.37000000e+01 -5.15581718e+00
 2.40000000e+01 0.00000000e+00 2.40000000e+01 3.89066083e+00 2.40000000e+01 -5.19640822e+00
 2.43000000e+01 0.00000000e+00 2.43000000e+01 3.52815975e+00 2.43000000e+01 -4.86369888e+00
 2.46000000e+01 0.00000000e+00 2.46000000e+01 3.51271284e+00 2.46000000e+01 -4.66374449e+00
 2.49000000e+01 0.00000000e+00 2.49000000e+01 3.01301660e+00 2.49000000e+01 -4.92701290e+00
 2.52000000e+01 0.00000000e+00 2.52000000e+01 3.77439061e+00 2.52000000e+01 -6.68766154e+00
 2.55000000e+01 0.00000000e+00 2.55000000e+01 3.85274247e+00 2.55000000e+01 -6.25219707e+00
 2.58000000e+01 0.00000000e+00 2.58000000e+01 3.66223790e+00 2.58000000e+01 -6.19985658e+00
 2.61000000e+01 0.00000000e+00 2.61000000e+01 3.17797168e+00 2.61000000e+01 -5.97490264e+00
 2.64000000e+01 0.00000000e+00 2.64000000e+01 4.16959380e+00 2.64000000e+01 -6.49112714e+00
 2.67000000e+01 0.00000000e+00 2.67000000e+01 3.09605431e+00 2.67000000e+01 -6.11089411e+00
 2.70000000e+01 0.00000000e+00 2.70000000e+01 3.89040637e+00 2.70000000e+01 -6.73820580e+00
 2.73000000e+01 0.00000000e+00 2.73000000e+01 3.56444001e+00 2.73000000e+01 -6.53207623e+00
 2.76000000e+01 0.00000000e+00 2.76000000e+01 3.40648941e+00 2.76000000e+01 -6.32574609e+00
 2.79000000e+01 0.00000000e+00 2.79000000e+01 3.28170442e+00 2.79000000e+01 -6.32701048e+00
 2.82000000e+01 0.00000000e+00 2.82000000e+01 3.22017630e+00 2.82000000e+01 -6.36943296e+00
 2.85000000e+01 0.00000000e+00 2.85000000e+01 3.88514290e+00 2.85000000e+01 -6.48155318e+00
 2.88000000e+01 0.00000000e+00 2.88000000e+01 3.33456851e+00 2.88000000e+01 -6.04419987e+00
 2.91000000e+01 0.00000000e+00 2.91000000e+01 3.16533531e+00 2.91000000e+01 -6.37883773e+00
 2.94000000e+01 0.00000000e+00 2.94000000e+01 3.22703835e+00 2.94000000e+01 -6.51180412e+00
 2.97000000e+01 0.00000000e+00 2.97000000e+01 3.49393037e+00 2.97000000e+01 -6.70968468e+00
 3.00000000e+01 0.00000000e+00 3.00000000e+01 3.74158326e+00 3.00000000e+01 -6.72663834e+00
 3.03000000e+01 0.00000000e+00 3.03000000e+01 3.25222239e+00 3.03000000e+01 -6.56019305e+00
 3.06000000e+01 0.00000000e+00 3.06000000e+01 3.41820975e+00 3.06000000e+01 -6.58855755e+00
 3.09000000e+01 0.00000000e+00 3.09000000e+01 3.03175255e+00 3.09000000e+01 -6.22415498e+00
 3.12000000e+01 0.00000000e+00 3.12000000e+01 3.10564729e+00 3.12000000e+01 -6.38094485e+00
 3.15000000e+01 0.00000000e+00 3.15000000e+01 3.63444408e+00 3.15000000e+01 -6.28404314e+00
 3.18000000e+01 0.00000000e+00 3.18000000e+01 4.16190236e+00 3.18000000e+01 -6.07829558e+00
 3.21000000e+01 0.00000000e+00 3.21000000e+01 2.87779765e+00 3.21000000e+01 -6.46376741e+00
 3.24000000e+01 0.00000000e+00 3.24000000e+01 3.86907179e+00 3.24000000e+01 -6.31909512e+00
 3.27000000e+01 0.00000000e+00 3.27000000e+01 3.13742690e+00 3.27000000e+01 -5.87199988e+00
 3.30000000e+01 0.00000000e+00 3.30000000e+01 3.93184369e+00 3.30000000e+01 -6.12154608e+00
 3.33000000e+01 0.00000000e+00 3.33000000e+01 2.86319022e+00 3.33000000e+01 -6.50278328e+00
 3.36000000e+01 0.00000000e+00 3.36000000e+01 3.31048971e+00 3.36000000e+01 -6.79245187e+00
 3.39000000e+01 0.00000000e+00 3.39000000e+01 4.01110253e+00 3.39000000e+01 -6.77329033e+00
 3.42000000e+01 0.00000000e+00 3.42000000e+01 2.71466476e+00 3.42000000e+01 -6.68914265e+00
 3.45000000e+01 0.00000000e+00 3.45000000e+01 3.38455364e+00 3.45000000e+01 -6.25348881e+00
 3.48000000e+01 0.00000000e+00 3.48000000e+01 3.72598295e+00 3.48000000e+01 -6.30068253e+00
 3.51000000e+01 0.00000000e+00 3.51000000e+01 3.76056872e+00 3.51000000e+01 -3.39052033e+00
 3.54000000e+01 0.00000000e+00 3.54000000e+01 2.91434173e+00 3.54000000e+01 -3.40948405e+00
 3.57000000e+01 0.00000000e+00 3.57000000e+01 3.15555413e+00 3.57000000e+01 -3.83056762e+00
 3.60000000e+01 0.00000000e+00 3.60000000e+01 3.21231890e+00 3.60000000e+01 -3.26913663e+00
 3.63000000e+01 0.00000000e+00 3.63000000e+01 3.38942449e+00 3.63000000e+01 -3.24505360e+00
 3.66000000e+01 0.00000000e+00 3.66000000e+01 3.70803872e+00 3.66000000e+01 -3.97089451e+00
 3.69000000e+01 0.00000000e+00 3.69000000e+01 3.39874316e+00 3.69000000e+01 -3.77340784e+00
 3.72000000e+01 0.00000000e+00 3.72000000e+01 4.30209934e+00 3.72000000e+01 -3.12375696e+00
 3.75000000e+01 0.00000000e+00 3.75000000e+01 3.55774649e+00 3.75000000e+01 -3.31878787e+00
 3.78000000e+01 0.00000000e+00 3.78000000e+01 3.57477911e+00 3.78000000e+01 -3.31886952e+00
 3.81000000e+01 0.00000000e+00 3.81000000e+01 3.51757202e+00 3.81000000e+01 -3.07891463e+00
 3.84000000e+01 0.00000000e+00 3.84000000e+01 3.64449281e+00 3.84000000e+01 -3.17057740e+00
 3.87000000e+01 0.00000000e+00 3.87000000e+01 4.28976271e+00 3.87000000e+01 -2.84431616e+00
 3.90000000e+01 0.00000000e+00 3.90000000e+01 3.64597595e+00 3.90000000e+01 -3.94509178e+00
 3.93000000e+01 0.00000000e+00 3.93000000e+01 3.70401785e+00 3.93000000e+01 -3.68190203e+00
 3.96000000e+01 0.00000000e+00 3.96000000e+01 3.75646121e+00 3.96000000e+01 -3.40380205e+00
 3.99000000e+01 0.00000000e+00 3.99000000e+01 3.81926360e+00 3.99000000e+01 -3.09796615e+00
 4.02000000e+01 0.00000000e+00 4.02000000e+01 6.29873868e+00 4.02000000e+01 -1.22349810e+00
 4.05000000e+01 0.00000000e+00 4.05000000e+01 6.67884448e+00 4.05000000e+01 -1.88842420e+00
 4.08000000e+01 0.00000000e+00 4.08000000e+01 6.54205622e+00 4.08000000e+01 -1.45485905e+00
 4.11000000e+01 0.00000000e+00 4.11000000e+01 7.00853971e+00 4.11000000e+01 -1.42983948e+00
 4.14000000e+01 0.00000000e+00 4.14000000e+01 6.12742978e+00 4.14000000e+01 -9.51265669e-01
 4.17000000e+01 0.00000000e+00 4.17000000e+01 6.70137134e+00 4.17000000e+01 -1.11090718e+00
 4.20000000e+01 0.00000000e+00 4.20000000e+01 6.11584899e+00 4.20000000e+01 -1.58047987e+00
 4.23000000e+01 0.00000000e+00 4.23000000e+01 6.27513285e+00 4.23000000e+01 -1.36916656e+00
 4.26000000e+01 0.00000000e+00 4.26000000e+01 6.40276209e+00 4.26000000e+01 -1.56334572e+00
 4.29000000e+01 0.00000000e+00 4.29000000e+01 6.52297643e+00 4.29000000e+01 -1.19943937e+00
 4.32000000e+01 0.00000000e+00 4.32000000e+01 6.54362029e+00 4.32000000e+01 -1.55349490e+00
 4.35000000e+01 0.00000000e+00 4.35000000e+01 5.91729450e+00 4.35000000e+01 -2.12111972e+00
 4.38000000e+01 0.00000000e+00 4.38000000e+01 6.16412432e+00 4.38000000e+01 -1.56281519e+00
 4.41000000e+01 0.00000000e+00 4.41000000e+01 5.29484762e+00 4.41000000e+01 -1.14568403e+00
 4.44000000e+01 0.00000000e+00 4.44000000e+01 6.24338497e+00 4.44000000e+01 -1.12675650e+00
 4.47000000e+01 0.00000000e+00 4.47000000e+01 5.62302957e+00 4.47000000e+01 -1.48180827e+00
 4.50000000e+01 0.00000000e+00 4.50000000e+01 5.83331137e+00 4.50000000e+01 -1.61064019e+00
 4.53000000e+01 0.00000000e+00 4.53000000e+01 5.87163873e+00 4.53000000e+01 -1.30525545e+00
 4.56000000e+01 0.00000000e+00 4.56000000e+01 6.10128159e+00 4.56000000e+01 -1.58737177e+00
 4.59000000e+01 0.00000000e+00 4.59000000e+01 6.06516297e+00 4.59000000e+01 -1.22290379e+00
 4.62000000e+01 0.00000000e+00 4.62000000e+01 6.59210528e+00 4.62000000e+01 -1.92168222e+00
 4.65000000e+01 0.00000000e+00 4.65000000e+01 6.37730130e+00 4.65000000e+01 -1.72773828e+00
 4.68000000e+01 0.00000000e+00 4.68000000e+01 5.85559978e+00 4.68000000e+01 -2.02556609e+00
 4.71000000e+01 0.00000000e+00 4.71000000e+01 6.25609880e+00 4.71000000e+01 -1.60553921e+00
 4.74000000e+01 0.00000000e+00 4.74000000e+01 5.94561836e+00 4.74000000e+01 -1.30489846e+00
 4.77000000e+01 0.00000000e+00 4.77000000e+01 6.54910883e+00 4.77000000e+01 -1.38584585e+00
 4.80000000e+01 0.00000000e+00 4.80000000e+01 5.99453887e+00 4.80000000e+01 -2.35567254e+00
 4.83000000e+01 0.00000000e+00 4.83000000e+01 6.04020826e+00 4.83000000e+01 -1.61232937e+00
 4.86000000e+01 0.00000000e+00 4.86000000e+01 6.56954337e+00 4.86000000e+01 -1.16171132e+00
 4.89000000e+01 0.00000000e+00 4.89000000e+01 5.73843566e+00 4.89000000e+01 -1.50048310e+00
 4.92000000e+01 0.00000000e+00 4.92000000e+01 6.30622745e+00 4.92000000e+01 -8.94576766e-01
 4.95000000e+01 0.00000000e+00 4.95000000e+01 6.59426704e+00 4.95000000e+01 -1.52702360e+00
 4.98000000e+01 0.00000000e+00 4.98000000e+01 6.65555372e+00 4.98000000e+01 -1.08594165e+00
 5.01000000e+01 0.00000000e+00 5.01000000e+01 3.20822277e+00 5.01000000e+01 -4.64125926e+00
 5.04000000e+01 0.00000000e+00 5.04000000e+01 2.43226865e+00 5.04000000e+01 -4.52798288e+00
 5.07000000e+01 0.00000000e+00 5.07000000e+01 2.34783251e+00 5.07000000e+01 -4.19916447e+00
 5.10000000e+01 0.00000000e+00 5.10000000e+01 3.16244764e+00 5.10000000e+01 -4.15103464e+00
 5.13000000e+01 0.00000000e+00 5.13000000e+01 2.76445023e+00 5.13000000e+01 -4.46290200e+00
 5.16000000e+01 0.00000000e+00 5.16000000e+01 2.53757821e+00 5.16000000e+01 -5.02071196e+00
 5.19000000e+01 0.00000000e+00 5.19000000e+01 3.05257183e+00 5.19000000e+01 -4.43611276e+00
 5.22000000e+01 0.00000000e+00 5.22000000e+01 2.96721902e+00 5.22000000e+01 -4.54136438e+00
 5.25000000e+01 0.00000000e+00 5.25000000e+01 2.58107338e+00 5.25000000e+01 -4.76242857e+00
 5.28000000e+01 0.00000000e+00 5.28000000e+01 1.96255528e+00 5.28000000e+01 -5.17065649e+00
 5.31000000e+01 0.00000000e+00 5.31000000e+01 2.48377305e+00 5.31000000e+01 -4.90703336e+00
 5.34000000e+01 0.00000000e+00 5.34000000e+01 2.54321113e+00 5.34000000e+01 -4.31681980e+00
 5.37000000e+01 0.00000000e+00 5.37000000e+01 2.54084517e+00 5.37000000e+01 -4.64653928e+00
 5.40000000e+01 0.00000000e+00 5.40000000e+01 2.83820273e+00 5.40000000e+01 -4.93733414e+00
 5.43000000e+01 0.00000000e+00 5.43000000e+01 2.07532967e+00 5.43000000e+01 -5.00228858e+00
 5.46000000e+01 0.00000000e+00 5.46000000e+01 3.07592781e+00 5.46000000e+01 -4.88636787e+00
 5.49000000e+01 0.00000000e+00 5.49000000e+01 2.66820496e+00 5.49000000e+01 -5.09592726e+00
 5.52000000e+01 0.00000000e+00 5.52000000e+01 6.65865633e+00 5.52000000e+01 -5.60284141e+00
 5.55000000e+01 0.00000000e+00 5.55000000e+01 6.21095311e+00 5.55000000e+01 -5.26057296e+00
 5.58000000e+01 0.00000000e+00 5.58000000e+01 5.95616070e+00 5.58000000e+01 -5.59538791e+00
 5.61000000e+01 0.00000000e+00 5.61000000e+01 5.87997383e+00 5.61000000e+01 -5.38914705e+00
 5.64000000e+01 0.00000000e+00 5.64000000e+01 5.80036894e+00 5.64000000e+01 -5.78283049e+00
 5.67000000e+01 0.00000000e+00 5.67000000e+01 6.83377312e+00 5.67000000e+01 -6.14194021e+00
 5.70000000e+01 0.00000000e+00 5.70000000e+01 6.35598410e+00 5.70000000e+01 -5.38800696e+00
 5.73000000e+01 0.00000000e+00 5.73000000e+01 5.70593785e+00 5.73000000e+01 -5.54386741e+00
 5.76000000e+01 0.00000000e+00 5.76000000e+01 6.49154508e+00 5.76000000e+01 -5.61119493e+00
 5.79000000e+01 0.00000000e+00 5.79000000e+01 6.03132833e+00 5.79000000e+01 -5.86756482e+00
 5.82000000e+01 0.00000000e+00 5.82000000e+01 6.08409326e+00 5.82000000e+01 -5.48519113e+00
 5.85000000e+01 0.00000000e+00 5.85000000e+01 6.37685803e+00 5.85000000e+01 -5.51369233e+00
 5.88000000e+01 0.00000000e+00 5.88000000e+01 5.76386259e+00 5.88000000e+01 -6.09370870e+00
 5.91000000e+01 0.00000000e+00 5.91000000e+01 6.54045220e+00 5.91000000e+01 -6.30916812e+00
 5.94000000e+01 0.00000000e+00 5.94000000e+01 5.76290754e+00 5.94000000e+01 -5.62458328e+00
 5.97000000e+01 0.00000000e+00 5.97000000e+01 6.06803291e+00 5.97000000e+01 -5.28271667e+00
