 0.00000000e+00 0.00000000e+00 0.00000000e+00 6.88706610e+00 0.00000000e+00 -6.21457026e+00
 3.00000000e-01 0.00000000e+00 3.00000000e-01 7.48950074e+00 3.00000000e-01 -6.56302171e+00
 6.00000000e-01 0.00000000e+00 6.00000000e-01 6.83470783e+00 6.00000000e-01 -5.81275844e+00
 9.00000000e-01 0.00000000e+00 9.00000000e-01 7.20962792e+00 9.00000000e-01 -6.15032978e+00
 1.20000000e+00 0.00000000e+00 1.20000000e+00 7.25927519e+00 1.20000000e+00 -6.15133011e+00
 1.50000000e+00 0.00000000e+00 1.50000000e+00 6.78559524e+00 1.50000000e+00 -6.43690137e+00
 1.80000000e+00 0.00000000e+00 1.80000000e+00 7.06863679e+00 1.80000000e+00 -6.12564872e+00
 2.10000000e+00 0.00000000e+00 2.10000000e+00 6.84023481e+00 2.10000000e+00 -5.88425819e+00
 2.40000000e+00 0.00000000e+00 2.40000000e+00 6.48976603e+00 2.40000000e+00 -5.78317565e+00
 2.70000000e+00 0.00000000e+00 2.70000000e+00 6.48404795e+00 2.70000000e+00 -5.67405678e+00
 3.00000000e+00 0.00000000e+00 3.00000000e+00 6.92994646e+00 3.00000000e+00 -5.28838682e+00
 3.30000000e+00 0.00000000e+00 3.30000000e+00 7.19942183e+00 3.30000000e+00 -5.36508218e+00
 3.60000000e+00 0.00000000e+00 3.60000000e+00 7.14758349e+00 3.60000000e+00 -5.62597917e+00
 3.90000000e+00 0.00000000e+00 3.90000000e+00 7.68041434e+00 3.90000000e+00 -5.96999656e+00
 4.20000000e+00 0.00000000e+00 4.20000000e+00 6.80003441e+00 4.20000000e+00 -5.49811667e+00
 4.50000000e+00 0.00000000e+00 4.50000000e+00 7.34291960e+00 4.50000000e+00 -5.66816771e+00
 4.80000000e+00 0.00000000e+00 4.80000000e+00 7.43835841e+00 4.80000000e+00 -5.87614929e+00
 5.10000000e+00 0.00000000e+00 5.10000000e+00 7.48446356e+00 5.10000000e+00 -6.24283013e+00
 5.40000000e+00 0.00000000e+00 5.40000000e+00 6.74350230e+00 5.40000000e+00 -5.91414813e+00
 5.70000000e+00 0.00000000e+00 5.70000000e+00 7.50328770e+00 5.70000000e+00 -6.15217951e+00
 6.00000000e+00 0.00000000e+00 6.00000000e+00 7.14413751e+00 6.00000000e+00 -5.85618221e+00
 6.30000000e+00 0.00000000e+00 6.30000000e+00 6.87775039e+00 6.30000000e+00 -5.70797611e+00
 6.60000000e+00 0.00000000e+00 6.60000000e+00 7.05970339e+00 6.60000000e+00 -6.09774759e+00
 6.90000000e+00 0.00000000e+00 6.90000000e+00 6.73569854e+00 6.90000000e+00 -6.38594586e+00
 7.20000000e+00 0.00000000e+00 7.20000000e+00 6.57953662e+00 7.20000000e+00 -6.45783825e+00
 7.50000000e+00 0.00000000e+00 7.50000000e+00 7.30402709e+00 7.50000000e+00 -6.12050153e+00
 7.80000000e+00 0.00000000e+00 7.80000000e+00 7.52192116e+00 7.80000000e+00 -5.59067707e+00
 8.10000000e+00 0.00000000e+00 8.10000000e+00 7.75041813e+00 8.10000000e+00 -5.70231921e+00
 8.40000000e+00 0.00000000e+00 8.40000000e+00 7.50042420e+00 8.40000000e+00 -6.05453992e+00
 8.70000000e+00 0.00000000e+00 8.70000000e+00 7.09500637e+00 8.70000000e+00 -5.79521973e+00
 9.00000000e+00 0.00000000e+00 9.00000000e+00 7.17549265e+00 9.00000000e+00 -6.27360068e+00
 9.30000000e+00 0.00000000e+00 9.30000000e+00 6.64943692e+00 9.30000000e+00 -5.56952045e+00
 9.60000000e+00 0.00000000e+00 9.60000000e+00 7.11494279e+00 9.60000000e+00 -5.78601181e+00
 9.90000000e+00 0.00000000e+00 9.90000000e+00 7.18224412e+00 9.90000000e+00 -6.16193115e+00
 1.02000000e+01 0.00000000e+00 1.02000000e+01 7.46445967e+00 1.02000000e+01 -5.24581738e+00
 1.05000000e+01 0.00000000e+00 1.05000000e+01 7.33358453e+00 1.05000000e+01 -6.12366265e+00
 1.08000000e+01 0.00000000e+00 1.08000000e+01 6.93955399e+00 1.08000000e+01 -6.04825302e+00
 1.11000000e+01 0.00000000e+00 1.11000000e+01 7.46899302e+00 1.11000000e+01 -6.01656247e+00
 1.14000000e+01 0.00000000e+00 1.14000000e+01 6.79479897e+00 1.14000000e+01 -5.85036373e+00
 1.17000000e+01 0.00000000e+00 1.17000000e+01 6.92749091e+00 1.17000000e+01 -6.01456284e+00
 1.20000000e+01 0.00000000e+00 1.20000000e+01 7.18294619e+00 1.20000000e+01 -5.36498945e+00
 1.23000000e+01 0.00000000e+00 1.23000000e+01 7.69258088e+00 1.23000000e+01 -5.53111090e+00
 1.26000000e+01 0.00000000e+00 1.26000000e+01 6.76576008e+00 1.26000000e+01 -6.46990998e+00
 1.29000000e+01 0.00000000e+00 1.29000000e+01 7.21867214e+00 1.29000000e+01 -5.43968674e+00
 1.32000000e+01 0.00000000e+00 1.32000000e+01 7.08220406e+00 1.32000000e+01 -5.85311382e+00
 1.35000000e+01 0.00000000e+00 1.35000000e+01 7.05370033e+00 1.35000000e+01 -6.17345407e+00
 1.38000000e+01 0.00000000e+00 1.38000000e+01 7.30169192e+00 1.38000000e+01 -5.89995706e+00
 1.41000000e+01 0.00000000e+00 1.41000000e+01 7.19578238e+00 1.41000000e+01 -6.63400280e+00
 1.44000000e+01 0.00000000e+00 1.44000000e+01 7.88505235e+00 1.44000000e+01 -5.51373848e+00
 1.47000000e+01 0.00000000e+00 1.47000000e+01 6.66165014e+00 1.47000000e+01 -5.89211925e+00
 1.50000000e+01 0.00000000e+00 1.50000000e+01 6.49400895e+00 1.50000000e+01 -5.56000154e+00
 1.53000000e+01 0.00000000e+00 1.53000000e+01 2.68356197e+00 1.53000000e+01 -6.86870977e+00
 1.56000000e+01 0.00000000e+00 1.56000000e+01 2.27834797e+00 1.56000000e+01 -7.16643066e+00
 1.59000000e+01 0.00000000e+00 1.59000000e+01 1.98314287e+00 1.59000000e+01 -6.90652520e+00
 1.62000000e+01 0.00000000e+00 1.62000000e+01 2.28945702e+00 1.62000000e+01 -7.71501237e+00
 1.65000000e+01 0.00000000e+00 1.65000000e+01 2.05130064e+00 1.65000000e+01 -7.09981955e+00
 1.68000000e+01 0.00000000e+00 1.68000000e+01 2.19008614e+00 1.68000000e+01 -7.14513321e+00
 1.71000000e+01 0.00000000e+00 1.71000000e+01 1.83473054e+00 1.71000000e+01 -7.47805847e+00
 1.74000000e+01 0.00000000e+00 1.74000000e+01 2.69173913e+00 1.74000000e+01 -7.12801728e+00
 1.77000000e+01 0.00000000e+00 1.77000000e+01 2.54700615e+00 1.77000000e+01 -7.14000435e+00
 1.80000000e+01 0.00000000e+00 1.80000000e+01 2.76300609e+00 1.80000000e+01 -7.48864733e+00
 1.83000000e+01 0.00000000e+00 1.83000000e+01 2.64582156e+00 1.83000000e+01 -7.41379243e+00
 1.86000000e+01 0.00000000e+00 1.86000000e+01 1.61465273e+00 1.86000000e+01 -6.62971025e+00
 1.89000000e+01 0.00000000e+00 1.89000000e+01 2.36610201e+00 1.89000000e+01 -7.44470441e+00
 1.92000000e+01 0.00000000e+00 1.92000000e+01 1.95597925e+00 1.92000000e+01 -8.00186950e+00
 1.95000000e+01 0.00000000e+00 1.95000000e+01 1.47437742e+00 1.95000000e+01 -6.78440419e+00
 1.98000000e+01 0.00000000e+00 1.98000000e+01 1.83614583e+00 1.98000000e+01 -7.31618195e+00
 2.01000000e+01 0.00000000e+00 2.01000000e+01 2.34881960e+00 2.01000000e+01 -7.58400055e+00
 2.04000000e+01 0.00000000e+00 2.04000000e+01 2.07708969e+00 2.04000000e+01 -7.11851939e+00
 2.07000000e+01 0.00000000e+00 2.07000000e+01 1.82633583e+00 2.07000000e+01 -6.89335961e+00
 2.10000000e+01 0.00000000e+00 2.10000000e+01 2.29522675e+00 2.10000000e+01 -6.97201680e+00
 2.13000000e+01 0.00000000e+00 2.13000000e+01 2.28021357e+00 2.13000000e+01 -7.14801370e+00
 2.16000000e+01 0.00000000e+00 2.16000000e+01 2.47783891e+00 2.16000000e+01 -6.98431033e+00
 2.19000000e+01 0.00000000e+00 2.19000000e+01 2.38337095e+00 2.19000000e+01 -6.93193915e+00
 2.22000000e+01 0.00000000e+00 2.22000000e+01 1.99549672e+00 2.22000000e+01 -7.16994745e+00
 2.25000000e+01 0.00000000e+00 2.25000000e+01 2.30155660e+00 2.25000000e+01 -7.07880019e+00
 2.28000000e+01 0.00000000e+00 2.28000000e+01 2.26255686e+00 2.28000000e+01 -7.13956865e+00
 2.31000000e+01 0.00000000e+00 2.31000000e+01 2.23276329e+00 2.31000000e+01 -7.26076911e+00
 2.34000000e+01 0.00000000e+00 2.34000000e+01 2.39929866e+00 2.34000000e+01 -7.60827049e+00
 2.37000000e+01 0.00000000e+00 2.37000000e+01 2.17608143e+00 2.37000000e+01 -6.86140750e+00
 2.40000000e+01 0.00000000e+00 2.40000000e+01 1.96806619e+00 2.40000000e+01 -6.90710107e+00
 2.43000000e+01 0.00000000e+00 2.43000000e+01 2.10703168e+00 2.43000000e+01 -7.07447740e+00
 2.46000000e+01 0.00000000e+00 2.46000000e+01 2.13747171e+00 2.46000000e+01 -7.07715235e+00
 2.49000000e+01 0.00000000e+00 2.49000000e+01 2.68857408e+00 2.49000000e+01 -7.39867607e+00
 2.52000000e+01 0.00000000e+00 2.52000000e+01 1.23097486e+00 2.52000000e+01 -5.43903945e+00
 2.55000000e+01 0.00000000e+00 2.55000000e+01 2.07694321e+00 2.55000000e+01 -6.19699176e+00
 2.58000000e+01 0.00000000e+00 2.58000000e+01 2.21778407e+00 2.58000000e+01 -6.42880522e+00
 2.61000000e+01 0.00000000e+00 2.61000000e+01 1.57480313e+00 2.61000000e+01 -5.83310987e+00
 2.64000000e+01 0.00000000e+00 2.64000000e+01 1.19022616e+00 2.64000000e+01 -5.89206589e+00
 2.67000000e+01 0.00000000e+00 2.67000000e+01 1.12930546e+00 2.67000000e+01 -6.76570805e+00
 2.70000000e+01 0.00000000e+00 2.70000000e+01 2.00715034e+00 2.70000000e+01 -5.72946518e+00
 2.73000000e+01 0.00000000e+00 2.73000000e+01 1.72486978e+00 2.73000000e+01 -6.09712561e+00
 2.76000000e+01 0.00000000e+00 2.76000000e+01 1.96947246e+00 2.76000000e+01 -5.99376287e+00
 2.79000000e+01 0.00000000e+00 2.79000000e+01 1.61571751e+00 2.79000000e+01 -5.66521998e+00
 2.82000000e+01 0.00000000e+00 2.82000000e+01 1.40121724e+00 2.82000000e+01 -5.95016777e+00
 2.85000000e+01 0.00000000e+00 2.85000000e+01 1.94327374e+00 2.85000000e+01 -6.17138364e+00
 2.88000000e+01 0.00000000e+00 2.88000000e+01 1.85921008e+00 2.88000000e+01 -6.08002444e+00
 2.91000000e+01 0.00000000e+00 2.91000000e+01 1.66609512e+00 2.91000000e+01 -6.25585192e+00
 2.94000000e+01 0.00000000e+00 2.94000000e+01 1.31075056e+00 2.94000000e+01 -5.88564492e+00
 2.97000000e+01 0.00000000e+00 2.97000000e+01 1.34822927e+00 2.97000000e+01 -5.74489446e+00
 3.00000000e+01 0.00000000e+00 3.00000000e+01 1.49011086e+00 3.00000000e+01 -5.87289733e+00
 3.03000000e+01 0.00000000e+00 3.03000000e+01 1.76328459e+00 3.03000000e+01 -5.86490481e+00
 3.06000000e+01 0.00000000e+00 3.06000000e+01 1.51624856e+00 3.06000000e+01 -5.95685295e+00
 3.09000000e+01 0.00000000e+00 3.09000000e+01 1.35794152e+00 3.09000000e+01 -6.19623076e+00
 3.12000000e+01 0.00000000e+00 3.12000000e+01 1.91341210e+00 3.12000000e+01 -6.14726640e+00
 3.15000000e+01 0.00000000e+00 3.15000000e+01 1.41101001e+00 3.15000000e+01 -5.56789540e+00
 3.18000000e+01 0.00000000e+00 3.18000000e+01 1.47747505e+00 3.18000000e+01 -6.28322044e+00
 3.21000000e+01 0.00000000e+00 3.21000000e+01 1.59987592e+00 3.21000000e+01 -5.66357845e+00
 3.24000000e+01 0.00000000e+00 3.24000000e+01 1.58464856e+00 3.24000000e+01 -6.16543722e+00
 3.27000000e+01 0.00000000e+00 3.27000000e+01 2.67638397e+00 3.27000000e+01 -6.54947769e+00
 3.30000000e+01 0.00000000e+00 3.30000000e+01 1.88298654e+00 3.30000000e+01 -5.58844699e+00
 3.33000000e+01 0.00000000e+00 3.33000000e+01 1.51081413e+00 3.33000000e+01 -6.19551911e+00
 3.36000000e+01 0.00000000e+00 3.36000000e+01 9.80459280e-01 3.36000000e+01 -5.54411865e+00
 3.39000000e+01 0.00000000e+00 3.39000000e+01 1.62221117e+00 3.39000000e+01 -5.65667429e+00
 3.42000000e+01 0.00000000e+00 3.42000000e+01 1.78205280e+00 3.42000000e+01 -6.15622390e+00
 3.45000000e+01 0.00000000e+00 3.45000000e+01 1.47421206e+00 3.45000000e+01 -5.66501649e+00
 3.48000000e+01 0.00000000e+00 3.48000000e+01 1.97776298e+00 3.48000000e+01 -6.02687697e+00
 3.51000000e+01 0.00000000e+00 3.51000000e+01 4.76490880e+00 3.51000000e+01 -2.68151506e+00
 3.54000000e+01 0.00000000e+00 3.54000000e+01 4.69956400e+00 3.54000000e+01 -2.72339395e+00
 3.57000000e+01 0.00000000e+00 3.57000000e+01 4.55899697e+00 3.57000000e+01 -2.50519699e+00
 3.60000000e+01 0.00000000e+00 3.60000000e+01 4.52756708e+00 3.60000000e+01 -2.57651485e+00
 3.63000000e+01 0.00000000e+00 3.63000000e+01 4.13181983e+00 3.63000000e+01 -2.35831566e+00
 3.66000000e+01 0.00000000e+00 3.66000000e+01 4.86495574e+00 3.66000000e+01 -3.38773743e+00
 3.69000000e+01 0.00000000e+00 3.69000000e+01 5.38296009e+00 3.69000000e+01 -2.41414777e+00
 3.72000000e+01 0.00000000e+00 3.72000000e+01 4.08487312e+00 3.72000000e+01 -2.47403516e+00
 3.75000000e+01 0.00000000e+00 3.75000000e+01 4.87568488e+00 3.75000000e+01 -3.21128679e+00
 3.78000000e+01 0.00000000e+00 3.78000000e+01 4.88764137e+00 3.78000000e+01 -2.62484131e+00
 3.81000000e+01 0.00000000e+00 3.81000000e+01 4.38278771e+00 3.81000000e+01 -2.42927087e+00
 3.84000000e+01 0.00000000e+00 3.84000000e+01 4.34493893e+00 3.84000000e+01 -1.88399804e+00
 3.87000000e+01 0.00000000e+00 3.87000000e+01 4.37590753e+00 3.87000000e+01 -2.37386906e+00
 3.90000000e+01 0.00000000e+00 3.90000000e+01 4.97267166e+00 3.90000000e+01 -2.68124365e+00
 3.93000000e+01 0.00000000e+00 3.93000000e+01 4.68153439e+00 3.93000000e+01 -3.11600135e+00
 3.96000000e+01 0.00000000e+00 3.96000000e+01 4.68208306e+00 3.96000000e+01 -3.21316696e+00
 3.99000000e+01 0.00000000e+00 3.99000000e+01 4.51108370e+00 3.99000000e+01 -2.55513020e+00
 4.02000000e+01 0.00000000e+00 4.02000000e+01 5.13012593e+00 4.02000000e+01 -1.91460553e+00
 4.05000000e+01 0.00000000e+00 4.05000000e+01 4.48878726e+00 4.05000000e+01 -2.03961384e+00
 4.08000000e+01 0.00000000e+00 4.08000000e+01 4.99472174e+00 4.08000000e+01 -2.22314438e+00
 4.11000000e+01 0.00000000e+00 4.11000000e+01 4.34591898e+00 4.11000000e+01 -1.74238954e+00
 4.14000000e+01 0.00000000e+00 4.14000000e+01 4.82929189e+00 4.14000000e+01 -1.73585939e+00
 4.17000000e+01 0.00000000e+00 4.17000000e+01 5.29684836e+00 4.17000000e+01 -1.77720873e+00
 4.20000000e+01 0.00000000e+00 4.20000000e+01 4.56250048e+00 4.20000000e+01 -1.93524756e+00
 4.23000000e+01 0.00000000e+00 4.23000000e+01 5.46666917e+00 4.23000000e+01 -1.87244788e+00
 4.26000000e+01 0.00000000e+00 4.26000000e+01 4.87767835e+00 4.26000000e+01 -1.73994455e+00
 4.29000000e+01 0.00000000e+00 4.29000000e+01 4.51059508e+00 4.29000000e+01 -2.70642541e+00
 4.32000000e+01 0.00000000e+00 4.32000000e+01 5.19110804e+00 4.32000000e+01 -2.27782009e+00
 4.35000000e+01 0.00000000e+00 4.35000000e+01 4.90163837e+00 4.35000000e+01 -2.31167576e+00
 4.38000000e+01 0.00000000e+00 4.38000000e+01 4.74165176e+00 4.38000000e+01 -2.22075325e+00
 4.41000000e+01 0.00000000e+00 4.41000000e+01 4.19168592e+00 4.41000000e+01 -1.75917361e+00
 4.44000000e+01 0.00000000e+00 4.44000000e+01 4.96853471e+00 4.44000000e+01 -1.68886407e+00
 4.47000000e+01 0.00000000e+00 4.47000000e+01 4.47006574e+00 4.47000000e+01 -1.57759209e+00
 4.50000000e+01 0.00000000e+00 4.50000000e+01 4.48195405e+00 4.50000000e+01 -1.97763822e+00
 4.53000000e+01 0.00000000e+00 4.53000000e+01 5.16921752e+00 4.53000000e+01 -2.52289475e+00
 4.56000000e+01 0.00000000e+00 4.56000000e+01 4.67731952e+00 4.56000000e+01 -1.44377727e+00
 4.59000000e+01 0.00000000e+00 4.59000000e+01 5.31152618e+00 4.59000000e+01 -1.93963627e+00
 4.62000000e+01 0.00000000e+00 4.62000000e+01 5.20882435e+00 4.62000000e+01 -1.90590616e+00
 4.65000000e+01 0.00000000e+00 4.65000000e+01 4.62856514e+00 4.65000000e+01 -1.86510723e+00
 4.68000000e+01 0.00000000e+00 4.68000000e+01 4.84915904e+00 4.68000000e+01 -2.45529530e+00
 4.71000000e+01 0.00000000e+00 4.71000000e+01 4.77541623e+00 4.71000000e+01 -1.99171246e+00
 4.74000000e+01 0.00000000e+00 4.74000000e+01 4.59529157e+00 4.74000000e+01 -1.42682462e+00
 4.77000000e+01 0.00000000e+00 4.77000000e+01 4.67905294e+00 4.77000000e+01 -2.13628678e+00
 4.80000000e+01 0.00000000e+00 4.80000000e+01 4.95811148e+00 4.80000000e+01 -1.88408842e+00
 4.83000000e+01 0.00000000e+00 4.83000000e+01 4.61857213e+00 4.83000000e+01 -1.49524618e+00
 4.86000000e+01 0.00000000e+00 4.86000000e+01 4.44716338e+00 4.86000000e+01 -1.86989854e+00
 4.89000000e+01 0.00000000e+00 4.89000000e+01 4.95981197e+00 4.89000000e+01 -1.70579967e+00
 4.92000000e+01 0.00000000e+00 4.92000000e+01 5.19412198e+00 4.92000000e+01 -1.93946965e+00
 4.95000000e+01 0.00000000e+00 4.95000000e+01 4.83820581e+00 4.95000000e+01 -1.95874398e+00
 4.98000000e+01 0.00000000e+00 4.98000000e+01 4.61004050e+00 4.98000000e+01 -1.73058195e+00
 5.01000000e+01 0.00000000e+00 5.01000000e+01 3.73007140e+00 5.01000000e+01 -4.05054142e+00
 5.04000000e+01 0.00000000e+00 5.04000000e+01 3.28840613e+00 5.04000000e+01 -3.99682550e+00
 5.07000000e+01 0.00000000e+00 5.07000000e+01 3.66691171e+00 5.07000000e+01 -3.60446721e+00
 5.10000000e+01 0.00000000e+00 5.10000000e+01 3.82300940e+00 5.10000000e+01 -3.95650199e+00
 5.13000000e+01 0.00000000e+00 5.13000000e+01 3.64583948e+00 5.13000000e+01 -3.45738923e+00
 5.16000000e+01 0.00000000e+00 5.16000000e+01 3.41231913e+00 5.16000000e+01 -3.60789127e+00
 5.19000000e+01 0.00000000e+00 5.19000000e+01 4.11495428e+00 5.19000000e+01 -3.96629636e+00
 5.22000000e+01 0.00000000e+00 5.22000000e+01 2.83076747e+00 5.22000000e+01 -3.38421151e+00
 5.25000000e+01 0.00000000e+00 5.25000000e+01 3.50145165e+00 5.25000000e+01 -3.77591760e+00
 5.28000000e+01 0.00000000e+00 5.28000000e+01 3.67723037e+00 5.28000000e+01 -3.48743013e+00
 5.31000000e+01 0.00000000e+00 5.31000000e+01 3.43944805e+00 5.31000000e+01 -3.47487647e+00
 5.34000000e+01 0.00000000e+00 5.34000000e+01 3.34058918e+00 5.34000000e+01 -3.34229622e+00
 5.37000000e+01 0.00000000e+00 5.37000000e+01 3.42287376e+00 5.37000000e+01 -3.51765445e+00
 5.40000000e+01 0.00000000e+00 5.40000000e+01 3.55161010e+00 5.40000000e+01 -3.31598088e+00
 5.43000000e+01 0.00000000e+00 5.43000000e+01 3.33806356e+00 5.43000000e+01 -3.87708111e+00
 5.46000000e+01 0.00000000e+00 5.46000000e+01 2.91683914e+00 5.46000000e+01 -3.62841224e+00
 5.49000000e+01 0.00000000e+00 5.49000000e+01 3.19318984e+00 5.49000000e+01 -3.53817982e+00
 5.52000000e+01 0.00000000e+00 5.52000000e+01 7.09854054e+00 5.52000000e+01 -5.45902969e+00
 5.55000000e+01 0.00000000e+00 5.55000000e+01 7.03365318e+00 5.55000000e+01 -5.98256705e+00
 5.58000000e+01 0.00000000e+00 5.58000000e+01 6.12960587e+00 5.58000000e+01 -5.88499835e+00
 5.61000000e+01 0.00000000e+00 5.61000000e+01 7.26629249e+00 5.61000000e+01 -5.76941563e+00
 5.64000000e+01 0.00000000e+00 5.64000000e+01 6.94618088e+00 5.64000000e+01 -5.76402284e+00
 5.67000000e+01 0.00000000e+00 5.67000000e+01 6.84534198e+00 5.67000000e+01 -5.84843211e+00
 5.70000000e+01 0.00000000e+00 5.70000000e+01 6.91500974e+00 5.70000000e+01 -5.43888351e+00
 5.73000000e+01 0.00000000e+00 5.73000000e+01 7.30451120e+00 5.73000000e+01 -5.85853366e+00
 5.76000000e+01 0.00000000e+00 5.76000000e+01 6.98166402e+00 5.76000000e+01 -5.73921046e+00
 5.79000000e+01 0.00000000e+00 5.79000000e+01 6.91311976e+00 5.79000000e+01 -5.89090389e+00
 5.82000000e+01 0.00000000e+00 5.82000000e+01 7.30811336e+00 5.82000000e+01 -5.95294501e+00
 5.85000000e+01 0.00000000e+00 5.85000000e+01 6.99102922e+00 5.85000000e+01 -5.98172047e+00
 5.88000000e+01 0.00000000e+00 5.88000000e+01 7.07644644e+00 5.88000000e+01 -5.57598045e+00
 5.91000000e+01 0.00000000e+00 5.91000000e+01 7.12052339e+00 5.91000000e+01 -5.81590724e+00
 5.94000000e+01 0.00000000e+00 5.94000000e+01 7.54967903e+00 5.94000000e+01 -6.24411269e+00
 5.97000000e+01 0.00000000e+00 5.97000000e+01 6.75323100e+00 5.97000000e+01 -5.92891855e+00
