 0.00000000e+00 0.00000000e+00 0.00000000e+00 6.15572828e+00 0.00000000e+00 -4.80767615e+00
 3.00000000e-01 0.00000000e+00 3.00000000e-01 6.24463496e+00 3.00000000e-01 -5.43467569e+00
 6.00000000e-01 0.00000000e+00 6.00000000e-01 6.07264326e+00 6.00000000e-01 -5.04136926e+00
 9.00000000e-01 0.00000000e+00 9.00000000e-01 6.21969336e+00 9.00000000e-01 -5.50074791e+00
 1.20000000e+00 0.00000000e+00 1.20000000e+00 5.23599489e+00 1.20000000e+00 -5.46153568e+00
 1.50000000e+00 0.00000000e+00 1.50000000e+00 5.66466486e+00 1.50000000e+00 -5.29137050e+00
 1.80000000e+00 0.00000000e+00 1.80000000e+00 5.97123557e+00 1.80000000e+00 -5.18334157e+00
 2.10000000e+00 0.00000000e+00 2.10000000e+00 6.08319614e+00 2.10000000e+00 -4.70222823e+00
 2.40000000e+00 0.00000000e+00 2.40000000e+00 6.49567740e+00 2.40000000e+00 -4.85520906e+00
 2.70000000e+00 0.00000000e+00 2.70000000e+00 6.33815724e+00 2.70000000e+00 -4.24701186e+00
 3.00000000e+00 0.00000000e+00 3.00000000e+00 6.58607874e+00 3.00000000e+00 -5.82397732e+00
 3.30000000e+00 0.00000000e+00 3.30000000e+00 5.83577938e+00 3.30000000e+00 -5.40037045e+00
 3.60000000e+00 0.00000000e+00 3.60000000e+00 6.02739458e+00 3.60000000e+00 -4.66008263e+00
 3.90000000e+00 0.00000000e+00 3.90000000e+00 6.32414257e+00 3.90000000e+00 -4.84710955e+00
 4.20000000e+00 0.00000000e+00 4.20000000e+00 6.57326458e+00 4.20000000e+00 -4.54495362e+00
 4.50000000e+00 0.00000000e+00 4.50000000e+00 6.08192686e+00 4.50000000e+00 -4.68631723e+00
 4.80000000e+00 0.00000000e+00 4.80000000e+00 6.04361014e+00 4.80000000e+00 -5.18337173e+00
 5.10000000e+00 0.00000000e+00 5.10000000e+00 6.58399362e+00 5.10000000e+00 -4.81252957e+00
 5.40000000e+00 0.00000000e+00 5.40000000e+00 6.26605607e+00 5.40000000e+00 -4.69368814e+00
 5.70000000e+00 0.00000000e+00 5.70000000e+00 5.75429911e+00 5.70000000e+00 -5.46921971e+00
 6.00000000e+00 0.00000000e+00 6.00000000e+00 5.91530274e+00 6.00000000e+00 -5.13035165e+00
 6.30000000e+00 0.00000000e+00 6.30000000e+00 6.30173271e+00 6.30000000e+00 -4.85610795e+00
 6.60000000e+00 0.00000000e+00 6.60000000e+00 5.66114555e+00 6.60000000e+00 -4.98592383e+00
 6.90000000e+00 0.00000000e+00 6.90000000e+00 5.99763005e+00 6.90000000e+00 -4.86085477e+00
 7.20000000e+00 0.00000000e+00 7.20000000e+00 6.33828055e+00 7.20000000e+00 -4.83323048e+00
 7.50000000e+00 0.00000000e+00 7.50000000e+00 6.16711699e+00 7.50000000e+00 -4.21320268e+00
 7.80000000e+00 0.00000000e+00 7.80000000e+00 6.27111686e+00 7.80000000e+00 -5.44386770e+00
 8.10000000e+00 0.00000000e+00 8.10000000e+00 6.01968195e+00 8.10000000e+00 -4.93957850e+00
 8.40000000e+00 0.00000000e+00 8.40000000e+00 5.72365467e+00 8.40000000e+00 -4.97196975e+00
 8.70000000e+00 0.00000000e+00 8.70000000e+00 6.50669961e+00 8.70000000e+00 -5.36816285e+00
 9.00000000e+00 0.00000000e+00 9.00000000e+00 6.27721746e+00 9.00000000e+00 -4.63446050e+00
 9.30000000e+00 0.00000000e+00 9.30000000e+00 6.11999385e+00 9.30000000e+00 -5.01335016e+00
 9.60000000e+00 0.00000000e+00 9.60000000e+00 6.08281376e+00 9.60000000e+00 -5.43004348e+00
 9.90000000e+00 0.00000000e+00 9.90000000e+00 6.27882617e+00 9.90000000e+00 -5.48106659e+00
 1.02000000e+01 0.00000000e+00 1.02000000e+01 5.87376165e+00 1.02000000e+01 -4.86709731e+00
 1.05000000e+01 0.00000000e+00 1.05000000e+01 5.47175350e+00 1.05000000e+01 -5.08801704e+00
 1.08000000e+01 0.00000000e+00 1.08000000e+01 5.93559417e+00 1.08000000e+01 -4.78876345e+00
 1.11000000e+01 0.00000000e+00 1.11000000e+01 6.32412878e+00 1.11000000e+01 -4.45550891e+00
 1.14000000e+01 0.00000000e+00 1.14000000e+01 5.68610749e+00 1.14000000e+01 -4.93204771e+00
 1.17000000e+01 0.00000000e+00 1.17000000e+01 6.49014291e+00 1.17000000e+01 -5.03048027e+00
 1.20000000e+01 0.00000000e+00 1.20000000e+01 6.23455919e+00 1.20000000e+01 -4.76356956e+00
 1.23000000e+01 0.00000000e+00 1.23000000e+01 6.11146934e+00 1.23000000e+01 -4.91518108e+00
 1.26000000e+01 0.00000000e+00 1.26000000e+01 5.72076563e+00 1.26000000e+01 -4.86555214e+00
 1.29000000e+01 0.00000000e+00 1.29000000e+01 5.59434076e+00 1.29000000e+01 -5.47880968e+00
 1.32000000e+01 0.00000000e+00 1.32000000e+01 6.41456349e+00 1.32000000e+01 -5.50083400e+00
 1.35000000e+01 0.00000000e+00 1.35000000e+01 6.18103663e+00 1.35000000e+01 -4.63889070e+00
 1.38000000e+01 0.00000000e+00 1.38000000e+01 5.63283434e+00 1.38000000e+01 -5.43888308e+00
 1.41000000e+01 0.00000000e+00 1.41000000e+01 6.48044010e+00 1.41000000e+01 -4.88918031e+00
 1.44000000e+01 0.00000000e+00 1.44000000e+01 5.87671900e+00 1.44000000e+01 -4.75428644e+00
 1.47000000e+01 0.00000000e+00 1.47000000e+01 6.21924282e+00 1.47000000e+01 -5.18806045e+00
 1.50000000e+01 0.00000000e+00 1.50000000e+01 5.56407292e+00 1.50000000e+01 -5.17464401e+00
 1.53000000e+01 0.00000000e+00 1.53000000e+01 3.78785557e+00 1.53000000e+01 -3.87486830e+00
 1.56000000e+01 0.00000000e+00 1.56000000e+01 3.36105607e+00 1.56000000e+01 -3.60600042e+00
 1.59000000e+01 0.00000000e+00 1.59000000e+01 3.23063571e+00 1.59000000e+01 -3.26556983e+00
 1.62000000e+01 0.00000000e+00 1.62000000e+01 3.67827490e+00 1.62000000e+01 -3.58330001e+00
 1.65000000e+01 0.00000000e+00 1.65000000e+01 3.44496424e+00 1.65000000e+01 -3.32208513e+00
 1.68000000e+01 0.00000000e+00 1.68000000e+01 3.17198418e+00 1.68000000e+01 -3.64271964e+00
 1.71000000e+01 0.00000000e+00 1.71000000e+01 3.69255603e+00 1.71000000e+01 -4.11017344e+00
 1.74000000e+01 0.00000000e+00 1.74000000e+01 3.23832882e+00 1.74000000e+01 -3.56389513e+00
 1.77000000e+01 0.00000000e+00 1.77000000e+01 3.05502082e+00 1.77000000e+01 -3.95330306e+00
 1.80000000e+01 0.00000000e+00 1.80000000e+01 3.36141653e+00 1.80000000e+01 -3.99486623e+00
 1.83000000e+01 0.00000000e+00 1.83000000e+01 3.25488259e+00 1.83000000e+01 -3.10044146e+00
 1.86000000e+01 0.00000000e+00 1.86000000e+01 3.08530904e+00 1.86000000e+01 -3.41816600e+00
 1.89000000e+01 0.00000000e+00 1.89000000e+01 3.89464533e+00 1.89000000e+01 -3.61131503e+00
 1.92000000e+01 0.00000000e+00 1.92000000e+01 3.85802981e+00 1.92000000e+01 -3.37883193e+00
 1.95000000e+01 0.00000000e+00 1.95000000e+01 3.99680096e+00 1.95000000e+01 -4.24929544e+00
 1.98000000e+01 0.00000000e+00 1.98000000e+01 3.81429155e+00 1.98000000e+01 -3.22373337e+00
 2.01000000e+01 0.00000000e+00 2.01000000e+01 3.62198909e+00 2.01000000e+01 -4.11769116e+00
 2.04000000e+01 0.00000000e+00 2.04000000e+01 2.96569553e+00 2.04000000e+01 -3.49604811e+00
 2.07000000e+01 0.00000000e+00 2.07000000e+01 3.37759085e+00 2.07000000e+01 -3.86468612e+00
 2.10000000e+01 0.00000000e+00 2.10000000e+01 3.07598803e+00 2.10000000e+01 -3.89664004e+00
 2.13000000e+01 0.00000000e+00 2.13000000e+01 3.43646317e+00 2.13000000e+01 -3.62340324e+00
 2.16000000e+01 0.00000000e+00 2.16000000e+01 3.11008659e+00 2.16000000e+01 -4.06420911e+00
 2.19000000e+01 0.00000000e+00 2.19000000e+01 3.82501445e+00 2.19000000e+01 -3.41511740e+00
 2.22000000e+01 0.00000000e+00 2.22000000e+01 3.52975388e+00 2.22000000e+01 -3.31514486e+00
 2.25000000e+01 0.00000000e+00 2.25000000e+01 3.83010504e+00 2.25000000e+01 -3.77442708e+00
 2.28000000e+01 0.00000000e+00 2.28000000e+01 4.60559822e+00 2.28000000e+01 -3.05562344e+00
 2.31000000e+01 0.00000000e+00 2.31000000e+01 3.57560711e+00 2.31000000e+01 -3.94424416e+00
 2.34000000e+01 0.00000000e+00 2.34000000e+01 4.06064098e+00 2.34000000e+01 -4.01841464e+00
 2.37000000e+01 0.00000000e+00 2.37000000e+01 2.94788016e+00 2.37000000e+01 -3.67275736e+00
 2.40000000e+01 0.00000000e+00 2.40000000e+01 2.78110882e+00 2.40000000e+01 -3.04149066e+00
 2.43000000e+01 0.00000000e+00 2.43000000e+01 2.96349587e+00 2.43000000e+01 -3.37078349e+00
 2.46000000e+01 0.00000000e+00 2.46000000e+01 3.51186732e+00 2.46000000e+01 -3.85992110e+00
 2.49000000e+01 0.00000000e+00 2.49000000e+01 3.62755384e+00 2.49000000e+01 -3.22536918e+00
 2.52000000e+01 0.00000000e+00 2.52000000e+01 1.58433620e+00 2.52000000e+01 -5.60604257e+00
 2.55000000e+01 0.00000000e+00 2.55000000e+01 1.49368615e+00 2.55000000e+01 -6.29389856e+00
 2.58000000e+01 0.00000000e+00 2.58000000e+01 1.83174596e+00 2.58000000e+01 -5.66298389e+00
 2.61000000e+01 0.00000000e+00 2.61000000e+01 2.01138017e+00 2.61000000e+01 -5.12316654e+00
 2.64000000e+01 0.00000000e+00 2.64000000e+01 1.59586945e+00 2.64000000e+01 -5.69035565e+00
 2.67000000e+01 0.00000000e+00 2.67000000e+01 1.72754979e+00 2.67000000e+01 -5.41924810e+00
 2.70000000e+01 0.00000000e+00 2.70000000e+01 1.65098547e+00 2.70000000e+01 -6.52955698e+00
 2.73000000e+01 0.00000000e+00 2.73000000e+01 1.63120348e+00 2.73000000e+01 -5.21065228e+00
 2.76000000e+01 0.00000000e+00 2.76000000e+01 2.64154685e+00 2.76000000e+01 -6.10476868e+00
 2.79000000e+01 0.00000000e+00 2.79000000e+01 1.32157739e+00 2.79000000e+01 -6.25708397e+00
 2.82000000e+01 0.00000000e+00 2.82000000e+01 1.62781207e+00 2.82000000e+01 -6.18302688e+00
 2.85000000e+01 0.00000000e+00 2.85000000e+01 1.15925374e+00 2.85000000e+01 -6.26614420e+00
 2.88000000e+01 0.00000000e+00 2.88000000e+01 1.89674599e+00 2.88000000e+01 -6.15240671e+00
 2.91000000e+01 0.00000000e+00 2.91000000e+01 2.03965640e+00 2.91000000e+01 -5.38143970e+00
 2.94000000e+01 0.00000000e+00 2.94000000e+01 1.65431791e+00 2.94000000e+01 -6.26202735e+00
 2.97000000e+01 0.00000000e+00 2.97000000e+01 1.81502932e+00 2.97000000e+01 -5.90728114e+00
 3.00000000e+01 0.00000000e+00 3.00000000e+01 2.05522678e+00 3.00000000e+01 -6.26164859e+00
 3.03000000e+01 0.00000000e+00 3.03000000e+01 1.94138266e+00 3.03000000e+01 -6.29477272e+00
 3.06000000e+01 0.00000000e+00 3.06000000e+01 2.12480384e+00 3.06000000e+01 -5.59978815e+00
 3.09000000e+01 0.00000000e+00 3.09000000e+01 1.76821341e+00 3.09000000e+01 -6.04269850e+00
 3.12000000e+01 0.00000000e+00 3.12000000e+01 2.13571504e+00 3.12000000e+01 -5.62813109e+00
 3.15000000e+01 0.00000000e+00 3.15000000e+01 1.89764708e+00 3.15000000e+01 -5.60174018e+00
 3.18000000e+01 0.00000000e+00 3.18000000e+01 1.51174688e+00 3.18000000e+01 -6.63693414e+00
 3.21000000e+01 0.00000000e+00 3.21000000e+01 1.58535477e+00 3.21000000e+01 -5.73877325e+00
 3.24000000e+01 0.00000000e+00 3.24000000e+01 1.97413938e+00 3.24000000e+01 -6.00130549e+00
 3.27000000e+01 0.00000000e+00 3.27000000e+01 2.31216396e+00 3.27000000e+01 -5.50104527e+00
 3.30000000e+01 0.00000000e+00 3.30000000e+01 1.91051521e+00 3.30000000e+01 -6.44932154e+00
 3.33000000e+01 0.00000000e+00 3.33000000e+01 1.92098074e+00 3.33000000e+01 -5.94140505e+00
 3.36000000e+01 0.00000000e+00 3.36000000e+01 1.55689363e+00 3.36000000e+01 -5.87069037e+00
 3.39000000e+01 0.00000000e+00 3.39000000e+01 2.30093970e+00 3.39000000e+01 -5.74453989e+00
 3.42000000e+01 0.00000000e+00 3.42000000e+01 1.97413227e+00 3.42000000e+01 -5.77946209e+00
 3.45000000e+01 0.00000000e+00 3.45000000e+01 1.64368064e+00 3.45000000e+01 -6.78828746e+00
 3.48000000e+01 0.00000000e+00 3.48000000e+01 2.17841491e+00 3.48000000e+01 -5.94131983e+00
 3.51000000e+01 0.00000000e+00 3.51000000e+01 6.06174149e+00 3.51000000e+01 -3.20268230e+00
 3.54000000e+01 0.00000000e+00 3.54000000e+01 6.68850400e+00 3.54000000e+01 -3.12960275e+00
 3.57000000e+01 0.00000000e+00 3.57000000e+01 6.17647678e+00 3.57000000e+01 -2.74088754e+00
 3.60000000e+01 0.00000000e+00 3.60000000e+01 5.38555098e+00 3.60000000e+01 -2.88201250e+00
 3.63000000e+01 0.00000000e+00 3.63000000e+01 5.70544257e+00 3.63000000e+01 -3.08285653e+00
 3.66000000e+01 0.00000000e+00 3.66000000e+01 6.41211457e+00 3.66000000e+01 -2.48934188e+00
 3.69000000e+01 0.00000000e+00 3.69000000e+01 6.15543454e+00 3.69000000e+01 -2.52376316e+00
 3.72000000e+01 0.00000000e+00 3.72000000e+01 5.49084823e+00 3.72000000e+01 -2.42645108e+00
 3.75000000e+01 0.00000000e+00 3.75000000e+01 6.29019256e+00 3.75000000e+01 -3.07464536e+00
 3.78000000e+01 0.00000000e+00 3.78000000e+01 6.18167663e+00 3.78000000e+01 -3.45925168e+00
 3.81000000e+01 0.00000000e+00 3.81000000e+01 5.95365094e+00 3.81000000e+01 -2.95256062e+00
 3.84000000e+01 0.00000000e+00 3.84000000e+01 6.36035684e+00 3.84000000e+01 -3.00092300e+00
 3.87000000e+01 0.00000000e+00 3.87000000e+01 6.36675874e+00 3.87000000e+01 -3.03170239e+00
 3.90000000e+01 0.00000000e+00 3.90000000e+01 6.75955375e+00 3.90000000e+01 -2.38249064e+00
 3.93000000e+01 0.00000000e+00 3.93000000e+01 6.22386972e+00 3.93000000e+01 -2.15588283e+00
 3.96000000e+01 0.00000000e+00 3.96000000e+01 6.17796930e+00 3.96000000e+01 -2.91184475e+00
 3.99000000e+01 0.00000000e+00 3.99000000e+01 6.81804924e+00 3.99000000e+01 -3.23856175e+00
 4.02000000e+01 0.00000000e+00 4.02000000e+01 4.19681351e+00 4.02000000e+01 -6.44282277e-01
 4.05000000e+01 0.00000000e+00 4.05000000e+01 4.68431287e+00 4.05000000e+01 -1.20637003e+00
 4.08000000e+01 0.00000000e+00 4.08000000e+01 4.29904042e+00 4.08000000e+01 -1.11870206e+00
 4.11000000e+01 0.00000000e+00 4.11000000e+01 3.76958550e+00 4.11000000e+01 -8.55105241e-01
 4.14000000e+01 0.00000000e+00 4.14000000e+01 4.00711067e+00 4.14000000e+01 -1.00701101e+00
 4.17000000e+01 0.00000000e+00 4.17000000e+01 4.53472353e+00 4.17000000e+01 -8.79055481e-01
 4.20000000e+01 0.00000000e+00 4.20000000e+01 4.69185157e+00 4.20000000e+01 2.16481265e-01
 4.23000000e+01 0.00000000e+00 4.23000000e+01 4.71470248e+00 4.23000000e+01 -8.69531624e-01
 4.26000000e+01 0.00000000e+00 4.26000000e+01 4.39029112e+00 4.26000000e+01 -2.57480823e-01
 4.29000000e+01 0.00000000e+00 4.29000000e+01 4.41486706e+00 4.29000000e+01 -6.82570440e-01
 4.32000000e+01 0.00000000e+00 4.32000000e+01 3.72678399e+00 4.32000000e+01 -1.24922624e+00
 4.35000000e+01 0.00000000e+00 4.35000000e+01 4.00368300e+00 4.35000000e+01 -1.05418348e+00
 4.38000000e+01 0.00000000e+00 4.38000000e+01 4.55812241e+00 4.38000000e+01 -1.14919906e+00
 4.41000000e+01 0.00000000e+00 4.41000000e+01 4.36970449e+00 4.41000000e+01 -1.07099877e+00
 4.44000000e+01 0.00000000e+00 4.44000000e+01 4.72415304e+00 4.44000000e+01 -8.93892631e-01
 4.47000000e+01 0.00000000e+00 4.47000000e+01 4.29220854e+00 4.47000000e+01 -9.88453982e-01
 4.50000000e+01 0.00000000e+00 4.50000000e+01 4.02180368e+00 4.50000000e+01 -1.12707809e-01
 4.53000000e+01 0.00000000e+00 4.53000000e+01 4.01833566e+00 4.53000000e+01 -4.34864906e-01
 4.56000000e+01 0.00000000e+00 4.56000000e+01 3.83533676e+00 4.56000000e+01 -6.59694175e-01
 4.59000000e+01 0.00000000e+00 4.59000000e+01 5.12311355e+00 4.59000000e+01 -6.18371451e-01
 4.62000000e+01 0.00000000e+00 4.62000000e+01 4.85714466e+00 4.62000000e+01 -1.21543713e+00
 4.65000000e+01 0.00000000e+00 4.65000000e+01 3.90277347e+00 4.65000000e+01 -9.73188008e-01
 4.68000000e+01 0.00000000e+00 4.68000000e+01 3.47069571e+00 4.68000000e+01 -8.44789911e-01
 4.71000000e+01 0.00000000e+00 4.71000000e+01 4.50267253e+00 4.71000000e+01 -9.39595716e-01
 4.74000000e+01 0.00000000e+00 4.74000000e+01 3.89547316e+00 4.74000000e+01 -4.04789671e-01
 4.77000000e+01 0.00000000e+00 4.77000000e+01 4.49385055e+00 4.77000000e+01 -9.03423411e-01
 4.80000000e+01 0.00000000e+00 4.80000000e+01 4.13863676e+00 4.80000000e+01 -7.82837577e-01
 4.83000000e+01 0.00000000e+00 4.83000000e+01 4.17125419e+00 4.83000000e+01 -9.68189477e-01
 4.86000000e+01 0.00000000e+00 4.86000000e+01 4.18088754e+00 4.86000000e+01 1.68837863e-01
 4.89000000e+01 0.00000000e+00 4.89000000e+01 4.29264459e+00 4.89000000e+01 -8.73054467e-01
 4.92000000e+01 0.00000000e+00 4.92000000e+01 4.06076044e+00 4.92000000e+01 -1.38001376e+00
 4.95000000e+01 0.00000000e+00 4.95000000e+01 4.43750575e+00 4.95000000e+01 -5.63166840e-01
 4.98000000e+01 0.00000000e+00 4.98000000e+01 4.58996685e+00 4.98000000e+01 -9.65524221e-01
 5.01000000e+01 0.00000000e+00 5.01000000e+01 2.66649449e+00 5.01000000e+01 -4.40426903e+00
 5.04000000e+01 0.00000000e+00 5.04000000e+01 3.00009912e+00 5.04000000e+01 -3.92400055e+00
 5.07000000e+01 0.00000000e+00 5.07000000e+01 2.52198354e+00 5.07000000e+01 -4.35540021e+00
 5.10000000e+01 0.00000000e+00 5.10000000e+01 2.84220442e+00 5.10000000e+01 -3.86314415e+00
 5.13000000e+01 0.00000000e+00 5.13000000e+01 2.59385135e+00 5.13000000e+01 -5.07309659e+00
 5.16000000e+01 0.00000000e+00 5.16000000e+01 3.05821883e+00 5.16000000e+01 -4.58554245e+00
 5.19000000e+01 0.00000000e+00 5.19000000e+01 2.60338886e+00 5.19000000e+01 -4.29946762e+00
 5.22000000e+01 0.00000000e+00 5.22000000e+01 3.19447683e+00 5.22000000e+01 -5.49071063e+00
 5.25000000e+01 0.00000000e+00 5.25000000e+01 2.73559122e+00 5.25000000e+01 -4.18629343e+00
 5.28000000e+01 0.00000000e+00 5.28000000e+01 2.87156604e+00 5.28000000e+01 -4.14518426e+00
 5.31000000e+01 0.00000000e+00 5.31000000e+01 2.54275400e+00 5.31000000e+01 -4.37074453e+00
 5.34000000e+01 0.00000000e+00 5.34000000e+01 2.66273811e+00 5.34000000e+01 -3.98112491e+00
 5.37000000e+01 0.00000000e+00 5.37000000e+01 2.32212272e+00 5.37000000e+01 -4.07391316e+00
 5.40000000e+01 0.00000000e+00 5.40000000e+01 3.00862678e+00 5.40000000e+01 -4.26837655e+00
 5.43000000e+01 0.00000000e+00 5.43000000e+01 2.67855454e+00 5.43000000e+01 -4.35551188e+00
 5.46000000e+01 0.00000000e+00 5.46000000e+01 3.20702010e+00 5.46000000e+01 -4.05430507e+00
 5.49000000e+01 0.00000000e+00 5.49000000e+01 3.39906431e+00 5.49000000e+01 -3.93011485e+00
 5.52000000e+01 0.00000000e+00 5.52000000e+01 6.22966467e+00 5.52000000e+01 -4.62209863e+00
 5.55000000e+01 0.00000000e+00 5.55000000e+01 5.69011674e+00 5.55000000e+01 -5.32513840e+00
 5.58000000e+01 0.00000000e+00 5.58000000e+01 6.04088876e+00 5.58000000e+01 -4.62299537e+00
 5.61000000e+01 0.00000000e+00 5.61000000e+01 5.67824903e+00 5.61000000e+01 -4.99073372e+00
 5.64000000e+01 0.00000000e+00 5.64000000e+01 6.31275724e+00 5.64000000e+01 -5.14457345e+00
 5.67000000e+01 0.00000000e+00 5.67000000e+01 5.72904728e+00 5.67000000e+01 -4.85209864e+00
 5.70000000e+01 0.00000000e+00 5.70000000e+01 6.47695106e+00 5.70000000e+01 -4.78646626e+00
 5.73000000e+01 0.00000000e+00 5.73000000e+01 5.86616780e+00 5.73000000e+01 -5.09519187e+00
 5.76000000e+01 0.00000000e+00 5.76000000e+01 6.09629352e+00 5.76000000e+01 -4.45695841e+00
 5.79000000e+01 0.00000000e+00 5.79000000e+01 6.21704140e+00 5.79000000e+01 -5.27569823e+00
 5.82000000e+01 0.00000000e+00 5.82000000e+01 6.65618778e+00 5.82000000e+01 -5.44868599e+00
 5.85000000e+01 0.00000000e+00 5.85000000e+01 5.39860259e+00 5.85000000e+01 -4.89118088e+00
 5.88000000e+01 0.00000000e+00 5.88000000e+01 6.46095581e+00 5.88000000e+01 -5.15672775e+00
 5.91000000e+01 0.00000000e+00 5.91000000e+01 5.81301061e+00 5.91000000e+01 -4.60485344e+00
 5.94000000e+01 0.00000000e+00 5.94000000e+01 6.45379640e+00 5.94000000e+01 -4.77183471e+00
 5.97000000e+01 0.00000000e+00 5.97000000e+01 6.31707288e+00 5.97000000e+01 -4.40160292e+00
