 0.00000000e+00 0.00000000e+00 0.00000000e+00 7.81653093e+00 0.00000000e+00 -3.57525368e+00
 3.00000000e-01 0.00000000e+00 3.00000000e-01 7.92503858e+00 3.00000000e-01 -3.60826378e+00
 6.00000000e-01 0.00000000e+00 6.00000000e-01 8.08739069e+00 6.00000000e-01 -3.42888549e+00
 9.00000000e-01 0.00000000e+00 9.00000000e-01 7.95941930e+00 9.00000000e-01 -2.98626326e+00
 1.20000000e+00 0.00000000e+00 1.20000000e+00 7.99903124e+00 1.20000000e+00 -4.04842305e+00
 1.50000000e+00 0.00000000e+00 1.50000000e+00 7.73299078e+00 1.50000000e+00 -3.68913431e+00
 1.80000000e+00 0.00000000e+00 1.80000000e+00 7.90532273e+00 1.80000000e+00 -3.69989302e+00
 2.10000000e+00 0.00000000e+00 2.10000000e+00 8.40658882e+00 2.10000000e+00 -3.31645697e+00
 2.40000000e+00 0.00000000e+00 2.40000000e+00 7.58968535e+00 2.40000000e+00 -3.48622360e+00
 2.70000000e+00 0.00000000e+00 2.70000000e+00 8.23256398e+00 2.70000000e+00 -3.33734593e+00
 3.00000000e+00 0.00000000e+00 3.00000000e+00 8.02987530e+00 3.00000000e+00 -3.81014250e+00
 3.30000000e+00 0.00000000e+00 3.30000000e+00 7.71933963e+00 3.30000000e+00 -3.40503429e+00
 3.60000000e+00 0.00000000e+00 3.60000000e+00 8.81255977e+00 3.60000000e+00 -3.33870664e+00
 3.90000000e+00 0.00000000e+00 3.90000000e+00 8.01136584e+00 3.90000000e+00 -3.58222922e+00
 4.20000000e+00 0.00000000e+00 4.20000000e+00 7.76939413e+00 4.20000000e+00 -3.25896146e+00
 4.50000000e+00 0.00000000e+00 4.50000000e+00 7.93158052e+00 4.50000000e+00 -3.29618718e+00
 4.80000000e+00 0.00000000e+00 4.80000000e+00 8.20465136e+00 4.80000000e+00 -3.77337801e+00
 5.10000000e+00 0.00000000e+00 5.10000000e+00 7.90806188e+00 5.10000000e+00 -3.71507668e+00
 5.40000000e+00 0.00000000e+00 5.40000000e+00 7.98302226e+00 5.40000000e+00 -2.57773227e+00
 5.70000000e+00 0.00000000e+00 5.70000000e+00 7.86528951e+00 5.70000000e+00 -2.95216519e+00
 6.00000000e+00 0.00000000e+00 6.00000000e+00 7.97485321e+00 6.00000000e+00 -3.27993965e+00
 6.30000000e+00 0.00000000e+00 6.30000000e+00 8.48980250e+00 6.30000000e+00 -3.34205466e+00
 6.60000000e+00 0.00000000e+00 6.60000000e+00 8.17025693e+00 6.60000000e+00 -3.60045866e+00
 6.90000000e+00 0.00000000e+00 6.90000000e+00 7.95816922e+00 6.90000000e+00 -3.13512884e+00
 7.20000000e+00 0.00000000e+00 7.20000000e+00 8.36935904e+00 7.20000000e+00 -3.49086593e+00
 7.50000000e+00 0.00000000e+00 7.50000000e+00 7.68953202e+00 7.50000000e+00 -3.26373700e+00
 7.80000000e+00 0.00000000e+00 7.80000000e+00 7.72320951e+00 7.80000000e+00 -3.19483512e+00
 8.10000000e+00 0.00000000e+00 8.10000000e+00 8.40864851e+00 8.10000000e+00 -3.32492491e+00
 8.40000000e+00 0.00000000e+00 8.40000000e+00 8.21245463e+00 8.40000000e+00 -3.58375188e+00
 8.70000000e+00 0.00000000e+00 8.70000000e+00 8.01134190e+00 8.70000000e+00 -3.97037996e+00
 9.00000000e+00 0.00000000e+00 9.00000000e+00 7.90521033e+00 9.00000000e+00 -2.61925942e+00
 9.30000000e+00 0.00000000e+00 9.30000000e+00 7.71516416e+00 9.30000000e+00 -3.45096124e+00
 9.60000000e+00 0.00000000e+00 9.60000000e+00 8.36004695e+00 9.60000000e+00 -3.71302067e+00
 9.90000000e+00 0.00000000e+00 9.90000000e+00 7.93439070e+00 9.90000000e+00 -3.91266361e+00
 1.02000000e+01 0.00000000e+00 1.02000000e+01 8.74410153e+00 1.02000000e+01 -3.56438368e+00
 1.05000000e+01 0.00000000e+00 1.05000000e+01 8.13787671e+00 1.05000000e+01 -2.97522064e+00
 1.08000000e+01 0.00000000e+00 1.08000000e+01 8.45740443e+00 1.08000000e+01 -3.75130351e+00
 1.11000000e+01 0.00000000e+00 1.11000000e+01 8.41384128e+00 1.11000000e+01 -4.10889628e+00
 1.14000000e+01 0.00000000e+00 1.14000000e+01 8.84565968e+00 1.14000000e+01 -3.55729512e+00
 1.17000000e+01 0.00000000e+00 1.17000000e+01 7.89042288e+00 1.17000000e+01 -3.60436642e+00
 1.20000000e+01 0.00000000e+00 1.20000000e+01 7.90520448e+00 1.20000000e+01 -3.44947868e+00
 1.23000000e+01 0.00000000e+00 1.23000000e+01 7.68279513e+00 1.23000000e+01 -3.56298100e+00
 1.26000000e+01 0.00000000e+00 1.26000000e+01 7.44391491e+00 1.26000000e+01 -3.65597638e+00
 1.29000000e+01 0.00000000e+00 1.29000000e+01 8.03355860e+00 1.29000000e+01 -2.92647868e+00
 1.32000000e+01 0.00000000e+00 1.32000000e+01 7.38653168e+00 1.32000000e+01 -3.10601116e+00
 1.35000000e+01 0.00000000e+00 1.35000000e+01 8.61841204e+00 1.35000000e+01 -3.47766797e+00
 1.38000000e+01 0.00000000e+00 1.38000000e+01 7.62631689e+00 1.38000000e+01 -3.59052011e+00
 1.41000000e+01 0.00000000e+00 1.41000000e+01 7.67900806e+00 1.41000000e+01 -2.82241827e+00
 1.44000000e+01 0.00000000e+00 1.44000000e+01 7.56786668e+00 1.44000000e+01 -2.92664752e+00
 1.47000000e+01 0.00000000e+00 1.47000000e+01 7.71368134e+00 1.47000000e+01 -3.92537824e+00
 1.50000000e+01 0.00000000e+00 1.50000000e+01 7.82983660e+00 1.50000000e+01 -3.49969356e+00
 1.53000000e+01 0.00000000e+00 1.53000000e+01 1.69393040e+00 1.53000000e+01 -4.93229897e+00
 1.56000000e+01 0.00000000e+00 1.56000000e+01 1.80672266e+00 1.56000000e+01 -4.46358027e+00
 1.59000000e+01 0.00000000e+00 1.59000000e+01 2.35028986e+00 1.59000000e+01 -4.42948527e+00
 1.62000000e+01 0.00000000e+00 1.62000000e+01 1.98443747e+00 1.62000000e+01 -5.10034751e+00
 1.65000000e+01 0.00000000e+00 1.65000000e+01 2.72460973e+00 1.65000000e+01 -4.87341304e+00
 1.68000000e+01 0.00000000e+00 1.68000000e+01 1.59548203e+00 1.68000000e+01 -5.13460585e+00
 1.71000000e+01 0.00000000e+00 1.71000000e+01 1.30278504e+00 1.71000000e+01 -5.42329663e+00
 1.74000000e+01 0.00000000e+00 1.74000000e+01 1.97143367e+00 1.74000000e+01 -3.97922000e+00
 1.77000000e+01 0.00000000e+00 1.77000000e+01 1.71325489e+00 1.77000000e+01 -5.62176285e+00
 1.80000000e+01 0.00000000e+00 1.80000000e+01 2.21727457e+00 1.80000000e+01 -4.94804675e+00
 1.83000000e+01 0.00000000e+00 1.83000000e+01 2.26755242e+00 1.83000000e+01 -5.01092311e+00
 1.86000000e+01 0.00000000e+00 1.86000000e+01 2.38289504e+00 1.86000000e+01 -4.53249282e+00
 1.89000000e+01 0.00000000e+00 1.89000000e+01 2.02155150e+00 1.89000000e+01 -3.93136570e+00
 1.92000000e+01 0.00000000e+00 1.92000000e+01 2.25475887e+00 1.92000000e+01 -5.18333058e+00
 1.95000000e+01 0.00000000e+00 1.95000000e+01 2.17101459e+00 1.95000000e+01 -5.20080845e+00
 1.98000000e+01 0.00000000e+00 1.98000000e+01 2.50552230e+00 1.98000000e+01 -4.48721117e+00
 2.01000000e+01 0.00000000e+00 2.01000000e+01 1.78007021e+00 2.01000000e+01 -5.03204272e+00
 2.04000000e+01 0.00000000e+00 2.04000000e+01 2.20444709e+00 2.04000000e+01 -4.57016673e+00
 2.07000000e+01 0.00000000e+00 2.07000000e+01 1.63984935e+00 2.07000000e+01 -4.30537609e+00
 2.10000000e+01 0.00000000e+00 2.10000000e+01 1.95788665e+00 2.10000000e+01 -4.90102282e+00
 2.13000000e+01 0.00000000e+00 2.13000000e+01 2.25859940e+00 2.13000000e+01 -3.89991501e+00
 2.16000000e+01 0.00000000e+00 2.16000000e+01 1.81766753e+00 2.16000000e+01 -4.60238216e+00
 2.19000000e+01 0.00000000e+00 2.19000000e+01 1.33049887e+00 2.19000000e+01 -4.55823786e+00
 2.22000000e+01 0.00000000e+00 2.22000000e+01 2.09450336e+00 2.22000000e+01 -4.76969023e+00
 2.25000000e+01 0.00000000e+00 2.25000000e+01 2.38255873e+00 2.25000000e+01 -4.51063961e+00
 2.28000000e+01 0.00000000e+00 2.28000000e+01 2.50721561e+00 2.28000000e+01 -4.26626368e+00
 2.31000000e+01 0.00000000e+00 2.31000000e+01 1.76903703e+00 2.31000000e+01 -4.87086333e+00
 2.34000000e+01 0.00000000e+00 2.34000000e+01 2.22237056e+00 2.34000000e+01 -5.07083903e+00
 2.37000000e+01 0.00000000e+00 2.37000000e+01 2.05991985e+00 2.37000000e+01 -4.99358757e+00
 2.40000000e+01 0.00000000e+00 2.40000000e+01 1.91434180e+00 2.40000000e+01 -5.27588336e+00
 2.43000000e+01 0.00000000e+00 2.43000000e+01 2.14623715e+00 2.43000000e+01 -4.52825330e+00
 2.46000000e+01 0.00000000e+00 2.46000000e+01 1.79808736e+00 2.46000000e+01 -5.14502431e+00
 2.49000000e+01 0.00000000e+00 2.49000000e+01 2.26534960e+00 2.49000000e+01 -3.95636930e+00
 2.52000000e+01 0.00000000e+00 2.52000000e+01 4.31376518e-01 2.52000000e+01 -5.77529257e+00
 2.55000000e+01 0.00000000e+00 2.55000000e+01 9.94524691e-01 2.55000000e+01 -5.44098566e+00
 2.58000000e+01 0.00000000e+00 2.58000000e+01 1.05644174e+00 2.58000000e+01 -5.28663389e+00
 2.61000000e+01 0.00000000e+00 2.61000000e+01 1.16492119e+00 2.61000000e+01 -5.79367483e+00
 2.64000000e+01 0.00000000e+00 2.64000000e+01 9.81581063e-01 2.64000000e+01 -5.85114697e+00
 2.67000000e+01 0.00000000e+00 2.67000000e+01 8.76454945e-01 2.67000000e+01 -5.10067641e+00
 2.70000000e+01 0.00000000e+00 2.70000000e+01 7.73146280e-01 2.70000000e+01 -5.60644957e+00
 2.73000000e+01 0.00000000e+00 2.73000000e+01 5.00473379e-01 2.73000000e+01 -4.59946723e+00
 2.76000000e+01 0.00000000e+00 2.76000000e+01 1.08369548e+00 2.76000000e+01 -5.44515358e+00
 2.79000000e+01 0.00000000e+00 2.79000000e+01 1.01574778e+00 2.79000000e+01 -5.41203264e+00
 2.82000000e+01 0.00000000e+00 2.82000000e+01 8.34840357e-01 2.82000000e+01 -6.41703074e+00
 2.85000000e+01 0.00000000e+00 2.85000000e+01 7.13492954e-01 2.85000000e+01 -5.77005799e+00
 2.88000000e+01 0.00000000e+00 2.88000000e+01 1.41301061e+00 2.88000000e+01 -5.66495381e+00
 2.91000000e+01 0.00000000e+00 2.91000000e+01 7.15224252e-01 2.91000000e+01 -5.33457211e+00
 2.94000000e+01 0.00000000e+00 2.94000000e+01 1.15439209e+00 2.94000000e+01 -5.42621220e+00
 2.97000000e+01 0.00000000e+00 2.97000000e+01 1.37286264e+00 2.97000000e+01 -5.70304567e+00
 3.00000000e+01 0.00000000e+00 3.00000000e+01 9.73295853e-01 3.00000000e+01 -5.23367602e+00
 3.03000000e+01 0.00000000e+00 3.03000000e+01 2.36194752e-01 3.03000000e+01 -5.66336216e+00
 3.06000000e+01 0.00000000e+00 3.06000000e+01 1.16959646e+00 3.06000000e+01 -5.10062170e+00
 3.09000000e+01 0.00000000e+00 3.09000000e+01 1.37946171e+00 3.09000000e+01 -5.16722276e+00
 3.12000000e+01 0.00000000e+00 3.12000000e+01 1.22616685e+00 3.12000000e+01 -5.75648165e+00
 3.15000000e+01 0.00000000e+00 3.15000000e+01 8.31583190e-01 3.15000000e+01 -5.52717102e+00
 3.18000000e+01 0.00000000e+00 3.18000000e+01 1.16453282e+00 3.18000000e+01 -5.64533291e+00
 3.21000000e+01 0.00000000e+00 3.21000000e+01 5.15958725e-01 3.21000000e+01 -5.11772197e+00
 3.24000000e+01 0.00000000e+00 3.24000000e+01 1.19451251e+00 3.24000000e+01 -5.40176252e+00
 3.27000000e+01 0.00000000e+00 3.27000000e+01 1.46078433e+00 3.27000000e+01 -5.60465337e+00
 3.30000000e+01 0.00000000e+00 3.30000000e+01 6.88010219e-01 3.30000000e+01 -5.46970610e+00
 3.33000000e+01 0.00000000e+00 3.33000000e+01 8.93735809e-01 3.33000000e+01 -4.88071015e+00
 3.36000000e+01 0.00000000e+00 3.36000000e+01 4.71230570e-01 3.36000000e+01 -5.50196493e+00
 3.39000000e+01 0.00000000e+00 3.39000000e+01 1.38162240e+00 3.39000000e+01 -5.98092278e+00
 3.42000000e+01 0.00000000e+00 3.42000000e+01 9.09038530e-01 3.42000000e+01 -5.26094790e+00
 3.45000000e+01 0.00000000e+00 3.45000000e+01 1.08230088e+00 3.45000000e+01 -5.90378801e+00
 3.48000000e+01 0.00000000e+00 3.48000000e+01 7.53627756e-01 3.48000000e+01 -5.78370783e+00
 3.51000000e+01 0.00000000e+00 3.51000000e+01 4.01988916e+00 3.51000000e+01 -1.92390515e+00
 3.54000000e+01 0.00000000e+00 3.54000000e+01 3.98436866e+00 3.54000000e+01 -1.79167458e+00
 3.57000000e+01 0.00000000e+00 3.57000000e+01 4.44109669e+00 3.57000000e+01 -1.70539402e+00
 3.60000000e+01 0.00000000e+00 3.60000000e+01 4.31091971e+00 3.60000000e+01 -1.97540536e+00
 3.63000000e+01 0.00000000e+00 3.63000000e+01 4.38804656e+00 3.63000000e+01 -1.58576139e+00
 3.66000000e+01 0.00000000e+00 3.66000000e+01 3.99963620e+00 3.66000000e+01 -1.63166564e+00
 3.69000000e+01 0.00000000e+00 3.69000000e+01 4.09903721e+00 3.69000000e+01 -2.52283139e+00
 3.72000000e+01 0.00000000e+00 3.72000000e+01 4.13196053e+00 3.72000000e+01 -1.68841032e+00
 3.75000000e+01 0.00000000e+00 3.75000000e+01 3.82261146e+00 3.75000000e+01 -2.24474516e+00
 3.78000000e+01 0.00000000e+00 3.78000000e+01 4.39272083e+00 3.78000000e+01 -2.11595998e+00
 3.81000000e+01 0.00000000e+00 3.81000000e+01 3.88786951e+00 3.81000000e+01 -2.12734650e+00
 3.84000000e+01 0.00000000e+00 3.84000000e+01 3.92148344e+00 3.84000000e+01 -1.77957779e+00
 3.87000000e+01 0.00000000e+00 3.87000000e+01 4.39234812e+00 3.87000000e+01 -1.84946009e+00
 3.90000000e+01 0.00000000e+00 3.90000000e+01 4.26453014e+00 3.90000000e+01 -2.10578816e+00
 3.93000000e+01 0.00000000e+00 3.93000000e+01 4.39037483e+00 3.93000000e+01 -1.95917608e+00
 3.96000000e+01 0.00000000e+00 3.96000000e+01 3.99800345e+00 3.96000000e+01 -2.35544671e+00
 3.99000000e+01 0.00000000e+00 3.99000000e+01 4.20686049e+00 3.99000000e+01 -2.22184964e+00
 4.02000000e+01 0.00000000e+00 4.02000000e+01 5.30497139e+00 4.02000000e+01 -3.41967365e+00
 4.05000000e+01 0.00000000e+00 4.05000000e+01 4.88404432e+00 4.05000000e+01 -2.86720081e+00
 4.08000000e+01 0.00000000e+00 4.08000000e+01 5.60299276e+00 4.08000000e+01 -2.76947907e+00
 4.11000000e+01 0.00000000e+00 4.11000000e+01 5.16461469e+00 4.11000000e+01 -2.79844268e+00
 4.14000000e+01 0.00000000e+00 4.14000000e+01 5.20724928e+00 4.14000000e+01 -3.58308034e+00
 4.17000000e+01 0.00000000e+00 4.17000000e+01 5.74271983e+00 4.17000000e+01 -2.67736267e+00
 4.20000000e+01 0.00000000e+00 4.20000000e+01 4.94099802e+00 4.20000000e+01 -3.44033986e+00
 4.23000000e+01 0.00000000e+00 4.23000000e+01 5.89523891e+00 4.23000000e+01 -3.32965113e+00
 4.26000000e+01 0.00000000e+00 4.26000000e+01 5.22577068e+00 4.26000000e+01 -3.19993943e+00
 4.29000000e+01 0.00000000e+00 4.29000000e+01 5.41409025e+00 4.29000000e+01 -3.24271038e+00
 4.32000000e+01 0.00000000e+00 4.32000000e+01 5.19373683e+00 4.32000000e+01 -3.29445446e+00
 4.35000000e+01 0.00000000e+00 4.35000000e+01 5.84393759e+00 4.35000000e+01 -3.39446284e+00
 4.38000000e+01 0.00000000e+00 4.38000000e+01 5.66728907e+00 4.38000000e+01 -3.33625663e+00
 4.41000000e+01 0.00000000e+00 4.41000000e+01 5.45326018e+00 4.41000000e+01 -3.50532975e+00
 4.44000000e+01 0.00000000e+00 4.44000000e+01 5.77070013e+00 4.44000000e+01 -3.63295701e+00
 4.47000000e+01 0.00000000e+00 4.47000000e+01 5.30832651e+00 4.47000000e+01 -3.65586201e+00
 4.50000000e+01 0.00000000e+00 4.50000000e+01 5.70621091e+00 4.50000000e+01 -3.17240812e+00
 4.53000000e+01 0.00000000e+00 4.53000000e+01 5.11182744e+00 4.53000000e+01 -3.16169676e+00
 4.56000000e+01 0.00000000e+00 4.56000000e+01 5.45150315e+00 4.56000000e+01 -2.99847870e+00
 4.59000000e+01 0.00000000e+00 4.59000000e+01 5.15420977e+00 4.59000000e+01 -3.68844774e+00
 4.62000000e+01 0.00000000e+00 4.62000000e+01 5.90064987e+00 4.62000000e+01 -3.13590785e+00
 4.65000000e+01 0.00000000e+00 4.65000000e+01 5.32288184e+00 4.65000000e+01 -2.96814056e+00
 4.68000000e+01 0.00000000e+00 4.68000000e+01 4.91136410e+00 4.68000000e+01 -3.50222857e+00
 4.71000000e+01 0.00000000e+00 4.71000000e+01 4.91884016e+00 4.71000000e+01 -3.15402330e+00
 4.74000000e+01 0.00000000e+00 4.74000000e+01 4.87953718e+00 4.74000000e+01 -3.33637132e+00
 4.77000000e+01 0.00000000e+00 4.77000000e+01 5.30122937e+00 4.77000000e+01 -2.93316675e+00
 4.80000000e+01 0.00000000e+00 4.80000000e+01 5.76580035e+00 4.80000000e+01 -3.60766316e+00
 4.83000000e+01 0.00000000e+00 4.83000000e+01 5.50532104e+00 4.83000000e+01 -3.58678071e+00
 4.86000000e+01 0.00000000e+00 4.86000000e+01 5.21413187e+00 4.86000000e+01 -3.40746020e+00
 4.89000000e+01 0.00000000e+00 4.89000000e+01 5.00454530e+00 4.89000000e+01 -3.68080245e+00
 4.92000000e+01 0.00000000e+00 4.92000000e+01 5.53259360e+00 4.92000000e+01 -3.53284044e+00
 4.95000000e+01 0.00000000e+00 4.95000000e+01 5.01711855e+00 4.95000000e+01 -3.53007429e+00
 4.98000000e+01 0.00000000e+00 4.98000000e+01 5.33655428e+00 4.98000000e+01 -3.05051575e+00
 5.01000000e+01 0.00000000e+00 5.01000000e+01 2.45312197e+00 5.01000000e+01 -4.62831926e+00
 5.04000000e+01 0.00000000e+00 5.04000000e+01 2.34771281e+00 5.04000000e+01 -4.78526474e+00
 5.07000000e+01 0.00000000e+00 5.07000000e+01 2.47088671e+00 5.07000000e+01 -5.20649088e+00
 5.10000000e+01 0.00000000e+00 5.10000000e+01 2.87247210e+00 5.10000000e+01 -4.82749615e+00
 5.13000000e+01 0.00000000e+00 5.13000000e+01 2.91976459e+00 5.13000000e+01 -4.89855550e+00
 5.16000000e+01 0.00000000e+00 5.16000000e+01 3.11375152e+00 5.16000000e+01 -4.65264550e+00
 5.19000000e+01 0.00000000e+00 5.19000000e+01 2.63924782e+00 5.19000000e+01 -4.71014857e+00
 5.22000000e+01 0.00000000e+00 5.22000000e+01 2.34790116e+00 5.22000000e+01 -4.55327792e+00
 5.25000000e+01 0.00000000e+00 5.25000000e+01 2.30979302e+00 5.25000000e+01 -5.38442471e+00
 5.28000000e+01 0.00000000e+00 5.28000000e+01 2.36391144e+00 5.28000000e+01 -4.09132260e+00
 5.31000000e+01 0.00000000e+00 5.31000000e+01 2.24459743e+00 5.31000000e+01 -5.58768000e+00
 5.34000000e+01 0.00000000e+00 5.34000000e+01 2.59957524e+00 5.34000000e+01 -4.95869271e+00
 5.37000000e+01 0.00000000e+00 5.37000000e+01 1.83525630e+00 5.37000000e+01 -4.07122769e+00
 5.40000000e+01 0.00000000e+00 5.40000000e+01 2.74351777e+00 5.40000000e+01 -4.81805330e+00
 5.43000000e+01 0.00000000e+00 5.43000000e+01 1.99702128e+00 5.43000000e+01 -4.59730234e+00
 5.46000000e+01 0.00000000e+00 5.46000000e+01 2.61182132e+00 5.46000000e+01 -5.18412446e+00
 5.49000000e+01 0.00000000e+00 5.49000000e+01 2.26963684e+00 5.49000000e+01 -5.04821228e+00
 5.52000000e+01 0.00000000e+00 5.52000000e+01 8.55632261e+00 5.52000000e+01 -3.21057099e+00
 5.55000000e+01 0.00000000e+00 5.55000000e+01 8.16691424e+00 5.55000000e+01 -3.96634368e+00
 5.58000000e+01 0.00000000e+00 5.58000000e+01 8.00311897e+00 5.58000000e+01 -4.07101106e+00
 5.61000000e+01 0.00000000e+00 5.61000000e+01 8.25710640e+00 5.61000000e+01 -3.25953235e+00
 5.64000000e+01 0.00000000e+00 5.64000000e+01 8.00311869e+00 5.64000000e+01 -3.44442006e+00
 5.67000000e+01 0.00000000e+00 5.67000000e+01 8.06537819e+00 5.67000000e+01 -3.49590379e+00
 5.70000000e+01 0.00000000e+00 5.70000000e+01 8.36987361e+00 5.70000000e+01 -3.65592376e+00
 5.73000000e+01 0.00000000e+00 5.73000000e+01 7.80599226e+00 5.73000000e+01 -3.73117132e+00
 5.76000000e+01 0.00000000e+00 5.76000000e+01 8.10857488e+00 5.76000000e+01 -3.01911376e+00
 5.79000000e+01 0.00000000e+00 5.79000000e+01 7.62094051e+00 5.79000000e+01 -3.51061800e+00
 5.82000000e+01 0.00000000e+00 5.82000000e+01 7.93954808e+00 5.82000000e+01 -4.08369698e+00
 5.85000000e+01 0.00000000e+00 5.85000000e+01 7.84640451e+00 5.85000000e+01 -3.52538197e+00
 5.88000000e+01 0.00000000e+00 5.88000000e+01 8.32029625e+00 5.88000000e+01 -3.24776914e+00
 5.91000000e+01 0.00000000e+00 5.91000000e+01 8.02107355e+00 5.91000000e+01 -3.28974589e+00
 5.94000000e+01 0.00000000e+00 5.94000000e+01 8.49883375e+00 5.94000000e+01 -3.89359251e+00
 5.97000000e+01 0.00000000e+00 5.97000000e+01 8.08255268e+00 5.97000000e+01 -3.19333544e+00
