 0.00000000e+00 0.00000000e+00 0.00000000e+00 6.48041229e+00 0.00000000e+00 -4.10929267e+00
 3.00000000e-01 0.00000000e+00 3.00000000e-01 5.90479107e+00 3.00000000e-01 -4.06644709e+00
 6.00000000e-01 0.00000000e+00 6.00000000e-01 5.51530291e+00 6.00000000e-01 -3.99374504e+00
 9.00000000e-01 0.00000000e+00 9.00000000e-01 5.94884277e+00 9.00000000e-01 -4.60592071e+00
 1.20000000e+00 0.00000000e+00 1.20000000e+00 6.76319722e+00 1.20000000e+00 -3.84243969e+00
 1.50000000e+00 0.00000000e+00 1.50000000e+00 6.19528441e+00 1.50000000e+00 -4.21184732e+00
 1.80000000e+00 0.00000000e+00 1.80000000e+00 6.14072874e+00 1.80000000e+00 -4.68978565e+00
 2.10000000e+00 0.00000000e+00 2.10000000e+00 6.61484020e+00 2.10000000e+00 -3.91569281e+00
 2.40000000e+00 0.00000000e+00 2.40000000e+00 6.34469079e+00 2.40000000e+00 -4.99646257e+00
 2.70000000e+00 0.00000000e+00 2.70000000e+00 6.46137344e+00 2.70000000e+00 -3.95056594e+00
 3.00000000e+00 0.00000000e+00 3.00000000e+00 6.04259507e+00 3.00000000e+00 -4.69876902e+00
 3.30000000e+00 0.00000000e+00 3.30000000e+00 7.05572013e+00 3.30000000e+00 -4.45787607e+00
 3.60000000e+00 0.00000000e+00 3.60000000e+00 5.63565200e+00 3.60000000e+00 -4.31546754e+00
 3.90000000e+00 0.00000000e+00 3.90000000e+00 5.73831634e+00 3.90000000e+00 -4.17789933e+00
 4.20000000e+00 0.00000000e+00 4.20000000e+00 6.11234010e+00 4.20000000e+00 -4.05055100e+00
 4.50000000e+00 0.00000000e+00 4.50000000e+00 6.47335813e+00 4.50000000e+00 -3.98190930e+00
 4.80000000e+00 0.00000000e+00 4.80000000e+00 6.60815003e+00 4.80000000e+00 -4.51537792e+00
 5.10000000e+00 0.00000000e+00 5.10000000e+00 5.63599848e+00 5.10000000e+00 -4.36979381e+00
 5.40000000e+00 0.00000000e+00 5.40000000e+00 5.99406042e+00 5.40000000e+00 -3.66756912e+00
 5.70000000e+00 0.00000000e+00 5.70000000e+00 5.63431115e+00 5.70000000e+00 -4.26920033e+00
 6.00000000e+00 0.00000000e+00 6.00000000e+00 6.59670123e+00 6.00000000e+00 -4.09113793e+00
 6.30000000e+00 0.00000000e+00 6.30000000e+00 6.15020114e+00 6.30000000e+00 -4.58312258e+00
 6.60000000e+00 0.00000000e+00 6.60000000e+00 6.39435782e+00 6.60000000e+00 -4.15202642e+00
 6.90000000e+00 0.00000000e+00 6.90000000e+00 6.15671623e+00 6.90000000e+00 -4.20028617e+00
 7.20000000e+00 0.00000000e+00 7.20000000e+00 6.53816165e+00 7.20000000e+00 -4.50020818e+00
 7.50000000e+00 0.00000000e+00 7.50000000e+00 6.11698565e+00 7.50000000e+00 -4.74066155e+00
 7.80000000e+00 0.00000000e+00 7.80000000e+00 5.91112660e+00 7.80000000e+00 -4.32934229e+00
 8.10000000e+00 0.00000000e+00 8.10000000e+00 5.86975100e+00 8.10000000e+00 -4.41985583e+00
 8.40000000e+00 0.00000000e+00 8.40000000e+00 6.82882271e+00 8.40000000e+00 -4.06155089e+00
 8.70000000e+00 0.00000000e+00 8.70000000e+00 6.54060408e+00 8.70000000e+00 -4.23492450e+00
 9.00000000e+00 0.00000000e+00 9.00000000e+00 6.27301828e+00 9.00000000e+00 -4.56700716e+00
 9.30000000e+00 0.00000000e+00 9.30000000e+00 6.39574103e+00 9.30000000e+00 -4.01514278e+00
 9.60000000e+00 0.00000000e+00 9.60000000e+00 6.48835996e+00 9.60000000e+00 -4.37500469e+00
 9.90000000e+00 0.00000000e+00 9.90000000e+00 5.90039173e+00 9.90000000e+00 -4.27368902e+00
 1.02000000e+01 0.00000000e+00 1.02000000e+01 6.37251281e+00 1.02000000e+01 -4.73095818e+00
 1.05000000e+01 0.00000000e+00 1.05000000e+01 6.53824076e+00 1.05000000e+01 -4.17512958e+00
 1.08000000e+01 0.00000000e+00 1.08000000e+01 6.49094778e+00 1.08000000e+01 -4.18200874e+00
 1.11000000e+01 0.00000000e+00 1.11000000e+01 5.67202908e+00 1.11000000e+01 -4.36951944e+00
 1.14000000e+01 0.00000000e+00 1.14000000e+01 6.04759409e+00 1.14000000e+01 -4.03715252e+00
 1.17000000e+01 0.00000000e+00 1.17000000e+01 5.73840553e+00 1.17000000e+01 -4.09763711e+00
 1.20000000e+01 0.00000000e+00 1.20000000e+01 6.52574325e+00 1.20000000e+01 -3.95714531e+00
 1.23000000e+01 0.00000000e+00 1.23000000e+01 6.06783693e+00 1.23000000e+01 -4.21179437e+00
 1.26000000e+01 0.00000000e+00 1.26000000e+01 6.22012142e+00 1.26000000e+01 -4.30292788e+00
 1.29000000e+01 0.00000000e+00 1.29000000e+01 5.72156723e+00 1.29000000e+01 -4.75189362e+00
 1.32000000e+01 0.00000000e+00 1.32000000e+01 5.65411928e+00 1.32000000e+01 -3.66082813e+00
 1.35000000e+01 0.00000000e+00 1.35000000e+01 5.93494457e+00 1.35000000e+01 -4.24860696e+00
 1.38000000e+01 0.00000000e+00 1.38000000e+01 6.54264963e+00 1.38000000e+01 -4.04292334e+00
 1.41000000e+01 0.00000000e+00 1.41000000e+01 6.31829389e+00 1.41000000e+01 -3.80410647e+00
 1.44000000e+01 0.00000000e+00 1.44000000e+01 5.47783333e+00 1.44000000e+01 -4.54701732e+00
 1.47000000e+01 0.00000000e+00 1.47000000e+01 5.79845225e+00 1.47000000e+01 -4.77851027e+00
 1.50000000e+01 0.00000000e+00 1.50000000e+01 6.28004964e+00 1.50000000e+01 -3.96482403e+00
 1.53000000e+01 0.00000000e+00 1.53000000e+01 2.56194366e+00 1.53000000e+01 -5.06680726e+00
 1.56000000e+01 0.00000000e+00 1.56000000e+01 2.17722409e+00 1.56000000e+01 -5.29958993e+00
 1.59000000e+01 0.00000000e+00 1.59000000e+01 2.46578984e+00 1.59000000e+01 -4.78197765e+00
 1.62000000e+01 0.00000000e+00 1.62000000e+01 2.20855020e+00 1.62000000e+01 -5.15976533e+00
 1.65000000e+01 0.00000000e+00 1.65000000e+01 2.00966411e+00 1.65000000e+01 -4.40659804e+00
 1.68000000e+01 0.00000000e+00 1.68000000e+01 2.05368041e+00 1.68000000e+01 -4.96011825e+00
 1.71000000e+01 0.00000000e+00 1.71000000e+01 2.19418825e+00 1.71000000e+01 -5.50225347e+00
 1.74000000e+01 0.00000000e+00 1.74000000e+01 2.50188177e+00 1.74000000e+01 -4.92526040e+00
 1.77000000e+01 0.00000000e+00 1.77000000e+01 1.71570717e+00 1.77000000e+01 -5.44891223e+00
 1.80000000e+01 0.00000000e+00 1.80000000e+01 2.18995978e+00 1.80000000e+01 -5.21162145e+00
 1.83000000e+01 0.00000000e+00 1.83000000e+01 1.96832294e+00 1.83000000e+01 -4.91716096e+00
 1.86000000e+01 0.00000000e+00 1.86000000e+01 2.09321980e+00 1.86000000e+01 -5.22588853e+00
 1.89000000e+01 0.00000000e+00 1.89000000e+01 2.20219755e+00 1.89000000e+01 -4.69882287e+00
 1.92000000e+01 0.00000000e+00 1.92000000e+01 2.77299953e+00 1.92000000e+01 -5.20218839e+00
 1.95000000e+01 0.00000000e+00 1.95000000e+01 2.44295465e+00 1.95000000e+01 -5.10380909e+00
 1.98000000e+01 0.00000000e+00 1.98000000e+01 1.50261632e+00 1.98000000e+01 -5.17343583e+00
 2.01000000e+01 0.00000000e+00 2.01000000e+01 2.14302014e+00 2.01000000e+01 -4.98947053e+00
 2.04000000e+01 0.00000000e+00 2.04000000e+01 2.40487764e+00 2.04000000e+01 -4.88956583e+00
 2.07000000e+01 0.00000000e+00 2.07000000e+01 2.32546020e+00 2.07000000e+01 -5.70898442e+00
 2.10000000e+01 0.00000000e+00 2.10000000e+01 1.95711591e+00 2.10000000e+01 -5.20052178e+00
 2.13000000e+01 0.00000000e+00 2.13000000e+01 2.21770667e+00 2.13000000e+01 -5.31361697e+00
 2.16000000e+01 0.00000000e+00 2.16000000e+01 2.04372762e+00 2.16000000e+01 -5.09413887e+00
 2.19000000e+01 0.00000000e+00 2.19000000e+01 1.81257691e+00 2.19000000e+01 -5.50786830e+00
 2.22000000e+01 0.00000000e+00 2.22000000e+01 1.53601170e+00 2.22000000e+01 -4.61894921e+00
 2.25000000e+01 0.00000000e+00 2.25000000e+01 2.31548701e+00 2.25000000e+01 -5.20178807e+00
 2.28000000e+01 0.00000000e+00 2.28000000e+01 1.92340298e+00 2.28000000e+01 -5.35750788e+00
 2.31000000e+01 0.00000000e+00 2.31000000e+01 1.78690721e+00 2.31000000e+01 -5.18325001e+00
 2.34000000e+01 0.00000000e+00 2.34000000e+01 2.58071752e+00 2.34000000e+01 -4.14601087e+00
 2.37000000e+01 0.00000000e+00 2.37000000e+01 1.91389581e+00 2.37000000e+01 -4.84253919e+00
 2.40000000e+01 0.00000000e+00 2.40000000e+01 2.11994287e+00 2.40000000e+01 -4.83758300e+00
 2.43000000e+01 0.00000000e+00 2.43000000e+01 2.15709744e+00 2.43000000e+01 -5.00671053e+00
 2.46000000e+01 0.00000000e+00 2.46000000e+01 1.42906445e+00 2.46000000e+01 -4.57518762e+00
 2.49000000e+01 0.00000000e+00 2.49000000e+01 2.66347706e+00 2.49000000e+01 -5.40240987e+00
 2.52000000e+01 0.00000000e+00 2.52000000e+01 2.21267039e+00 2.52000000e+01 -3.60376127e+00
 2.55000000e+01 0.00000000e+00 2.55000000e+01 1.71616937e+00 2.55000000e+01 -4.17588622e+00
 2.58000000e+01 0.00000000e+00 2.58000000e+01 1.58417077e+00 2.58000000e+01 -3.88927019e+00
 2.61000000e+01 0.00000000e+00 2.61000000e+01 1.81198325e+00 2.61000000e+01 -3.70897957e+00
 2.64000000e+01 0.00000000e+00 2.64000000e+01 2.09477651e+00 2.64000000e+01 -4.00725700e+00
 2.67000000e+01 0.00000000e+00 2.67000000e+01 2.23894427e+00 2.67000000e+01 -3.65722984e+00
 2.70000000e+01 0.00000000e+00 2.70000000e+01 2.46256251e+00 2.70000000e+01 -3.14777666e+00
 2.73000000e+01 0.00000000e+00 2.73000000e+01 1.95001800e+00 2.73000000e+01 -4.66243811e+00
 2.76000000e+01 0.00000000e+00 2.76000000e+01 1.98713701e+00 2.76000000e+01 -3.97309440e+00
 2.79000000e+01 0.00000000e+00 2.79000000e+01 2.47404789e+00 2.79000000e+01 -4.10752971e+00
 2.82000000e+01 0.00000000e+00 2.82000000e+01 2.25046868e+00 2.82000000e+01 -4.41436535e+00
 2.85000000e+01 0.00000000e+00 2.85000000e+01 2.23075462e+00 2.85000000e+01 -3.96741036e+00
 2.88000000e+01 0.00000000e+00 2.88000000e+01 2.80962206e+00 2.88000000e+01 -4.12485503e+00
 2.91000000e+01 0.00000000e+00 2.91000000e+01 2.40897056e+00 2.91000000e+01 -3.84565034e+00
 2.94000000e+01 0.00000000e+00 2.94000000e+01 1.80378950e+00 2.94000000e+01 -4.07415406e+00
 2.97000000e+01 0.00000000e+00 2.97000000e+01 1.90148563e+00 2.97000000e+01 -4.13913325e+00
 3.00000000e+01 0.00000000e+00 3.00000000e+01 2.44462586e+00 3.00000000e+01 -3.99849338e+00
 3.03000000e+01 0.00000000e+00 3.03000000e+01 2.10183650e+00 3.03000000e+01 -4.01454000e+00
 3.06000000e+01 0.00000000e+00 3.06000000e+01 2.21372322e+00 3.06000000e+01 -3.99907005e+00
 3.09000000e+01 0.00000000e+00 3.09000000e+01 2.08196901e+00 3.09000000e+01 -4.25508453e+00
 3.12000000e+01 0.00000000e+00 3.12000000e+01 1.83804932e+00 3.12000000e+01 -3.96580770e+00
 3.15000000e+01 0.00000000e+00 3.15000000e+01 1.58712680e+00 3.15000000e+01 -3.73007646e+00
 3.18000000e+01 0.00000000e+00 3.18000000e+01 2.33449455e+00 3.18000000e+01 -3.78634629e+00
 3.21000000e+01 0.00000000e+00 3.21000000e+01 2.03537283e+00 3.21000000e+01 -4.64087624e+00
 3.24000000e+01 0.00000000e+00 3.24000000e+01 1.94477761e+00 3.24000000e+01 -3.47218096e+00
 3.27000000e+01 0.00000000e+00 3.27000000e+01 2.02650071e+00 3.27000000e+01 -4.10436806e+00
 3.30000000e+01 0.00000000e+00 3.30000000e+01 2.01578982e+00 3.30000000e+01 -3.93909310e+00
 3.33000000e+01 0.00000000e+00 3.33000000e+01 2.07586919e+00 3.33000000e+01 -3.61647799e+00
 3.36000000e+01 0.00000000e+00 3.36000000e+01 2.32981524e+00 3.36000000e+01 -3.88641544e+00
 3.39000000e+01 0.00000000e+00 3.39000000e+01 1.63570434e+00 3.39000000e+01 -4.03301835e+00
 3.42000000e+01 0.00000000e+00 3.42000000e+01 2.27033553e+00 3.42000000e+01 -4.30841252e+00
 3.45000000e+01 0.00000000e+00 3.45000000e+01 1.67332047e+00 3.45000000e+01 -4.64853325e+00
 3.48000000e+01 0.00000000e+00 3.48000000e+01 1.56496281e+00 3.48000000e+01 -3.93426816e+00
 3.51000000e+01 0.00000000e+00 3.51000000e+01 4.15812913e+00 3.51000000e+01 -4.17390024e-01
 3.54000000e+01 0.00000000e+00 3.54000000e+01 4.60128665e+00 3.54000000e+01 1.83599897e-01
 3.57000000e+01 0.00000000e+00 3.57000000e+01 4.44775676e+00 3.57000000e+01 1.24399305e-01
 3.60000000e+01 0.00000000e+00 3.60000000e+01 4.33896664e+00 3.60000000e+01 -2.18814303e-01
 3.63000000e+01 0.00000000e+00 3.63000000e+01 4.38467817e+00 3.63000000e+01 1.54185092e-02
 3.66000000e+01 0.00000000e+00 3.66000000e+01 5.06799940e+00 3.66000000e+01 2.22014872e-01
 3.69000000e+01 0.00000000e+00 3.69000000e+01 5.04697866e+00 3.69000000e+01 3.76349341e-01
 3.72000000e+01 0.00000000e+00 3.72000000e+01 4.46375258e+00 3.72000000e+01 3.63628265e-01
 3.75000000e+01 0.00000000e+00 3.75000000e+01 5.36306928e+00 3.75000000e+01 -1.01042670e-01
 3.78000000e+01 0.00000000e+00 3.78000000e+01 4.68017618e+00 3.78000000e+01 3.33887722e-01
 3.81000000e+01 0.00000000e+00 3.81000000e+01 4.16822657e+00 3.81000000e+01 6.38902567e-01
 3.84000000e+01 0.00000000e+00 3.84000000e+01 4.86010459e+00 3.84000000e+01 -3.76416442e-01
 3.87000000e+01 0.00000000e+00 3.87000000e+01 4.11855790e+00 3.87000000e+01 3.28328032e-01
 3.90000000e+01 0.00000000e+00 3.90000000e+01 4.42189867e+00 3.90000000e+01 -2.92837479e-01
 3.93000000e+01 0.00000000e+00 3.93000000e+01 4.95417146e+00 3.93000000e+01 7.74930512e-01
 3.96000000e+01 0.00000000e+00 3.96000000e+01 4.89503823e+00 3.96000000e+01 4.69941879e-01
 3.99000000e+01 0.00000000e+00 3.99000000e+01 4.12340817e+00 3.99000000e+01 7.83964034e-01
 4.02000000e+01 0.00000000e+00 4.02000000e+01 3.52809110e+00 4.02000000e+01 -1.29466472e+00
 4.05000000e+01 0.00000000e+00 4.05000000e+01 3.59934828e+00 4.05000000e+01 -1.55759995e+00
 4.08000000e+01 0.00000000e+00 4.08000000e+01 4.36374610e+00 4.08000000e+01 -1.73630291e+00
 4.11000000e+01 0.00000000e+00 4.11000000e+01 4.14448964e+00 4.11000000e+01 -1.53330203e+00
 4.14000000e+01 0.00000000e+00 4.14000000e+01 3.66936140e+00 4.14000000e+01 -1.24560051e+00
 4.17000000e+01 0.00000000e+00 4.17000000e+01 3.54138874e+00 4.17000000e+01 -1.80849465e+00
 4.20000000e+01 0.00000000e+00 4.20000000e+01 3.74356629e+00 4.20000000e+01 -1.73158587e+00
 4.23000000e+01 0.00000000e+00 4.23000000e+01 3.34315229e+00 4.23000000e+01 -2.16814868e+00
 4.26000000e+01 0.00000000e+00 4.26000000e+01 4.30383519e+00 4.26000000e+01 -1.70034140e+00
 4.29000000e+01 0.00000000e+00 4.29000000e+01 3.44060990e+00 4.29000000e+01 -1.33065960e+00
 4.32000000e+01 0.00000000e+00 4.32000000e+01 3.64382622e+00 4.32000000e+01 -1.57498709e+00
 4.35000000e+01 0.00000000e+00 4.35000000e+01 3.29947656e+00 4.35000000e+01 -1.60210037e+00
 4.38000000e+01 0.00000000e+00 4.38000000e+01 4.67661747e+00 4.38000000e+01 -1.78429106e+00
 4.41000000e+01 0.00000000e+00 4.41000000e+01 3.65826191e+00 4.41000000e+01 -1.19494931e+00
 4.44000000e+01 0.00000000e+00 4.44000000e+01 3.91009245e+00 4.44000000e+01 -1.64881493e+00
 4.47000000e+01 0.00000000e+00 4.47000000e+01 3.55363904e+00 4.47000000e+01 -1.31966104e+00
 4.50000000e+01 0.00000000e+00 4.50000000e+01 3.33544968e+00 4.50000000e+01 -2.65907578e+00
 4.53000000e+01 0.00000000e+00 4.53000000e+01 4.53684401e+00 4.53000000e+01 -2.25488852e+00
 4.56000000e+01 0.00000000e+00 4.56000000e+01 3.84169091e+00 4.56000000e+01 -1.37518541e+00
 4.59000000e+01 0.00000000e+00 4.59000000e+01 3.96354205e+00 4.59000000e+01 -9.79331043e-01
 4.62000000e+01 0.00000000e+00 4.62000000e+01 3.82299399e+00 4.62000000e+01 -2.31578734e+00
 4.65000000e+01 0.00000000e+00 4.65000000e+01 3.85852019e+00 4.65000000e+01 -1.79956378e+00
 4.68000000e+01 0.00000000e+00 4.68000000e+01 4.12990662e+00 4.68000000e+01 -1.85373061e+00
 4.71000000e+01 0.00000000e+00 4.71000000e+01 4.06386182e+00 4.71000000e+01 -1.71510132e+00
 4.74000000e+01 0.00000000e+00 4.74000000e+01 3.92431723e+00 4.74000000e+01 -1.40429178e+00
 4.77000000e+01 0.00000000e+00 4.77000000e+01 3.48926560e+00 4.77000000e+01 -2.23717329e+00
 4.80000000e+01 0.00000000e+00 4.80000000e+01 3.12563610e+00 4.80000000e+01 -2.04003464e+00
 4.83000000e+01 0.00000000e+00 4.83000000e+01 3.84035907e+00 4.83000000e+01 -1.92719307e+00
 4.86000000e+01 0.00000000e+00 4.86000000e+01 3.28687856e+00 4.86000000e+01 -1.75763430e+00
 4.89000000e+01 0.00000000e+00 4.89000000e+01 4.14008021e+00 4.89000000e+01 -2.07779097e+00
 4.92000000e+01 0.00000000e+00 4.92000000e+01 4.18153457e+00 4.92000000e+01 -1.69716464e+00
 4.95000000e+01 0.00000000e+00 4.95000000e+01 3.66492189e+00 4.95000000e+01 -1.75929889e+00
 4.98000000e+01 0.00000000e+00 4.98000000e+01 4.76329105e+00 4.98000000e+01 -1.84855777e+00
 5.01000000e+01 0.00000000e+00 5.01000000e+01 1.80835943e+00 5.01000000e+01 -4.23315399e+00
 5.04000000e+01 0.00000000e+00 5.04000000e+01 2.11432564e+00 5.04000000e+01 -3.74743800e+00
 5.07000000e+01 0.00000000e+00 5.07000000e+01 1.49244910e+00 5.07000000e+01 -3.73775286e+00
 5.10000000e+01 0.00000000e+00 5.10000000e+01 1.40500319e+00 5.10000000e+01 -4.45758210e+00
 5.13000000e+01 0.00000000e+00 5.13000000e+01 1.49232531e+00 5.13000000e+01 -3.46937086e+00
 5.16000000e+01 0.00000000e+00 5.16000000e+01 2.36171709e+00 5.16000000e+01 -3.77469434e+00
 5.19000000e+01 0.00000000e+00 5.19000000e+01 2.82548225e+00 5.19000000e+01 -4.06740334e+00
 5.22000000e+01 0.00000000e+00 5.22000000e+01 2.62475911e+00 5.22000000e+01 -4.05494323e+00
 5.25000000e+01 0.00000000e+00 5.25000000e+01 1.97780628e+00 5.25000000e+01 -3.84568760e+00
 5.28000000e+01 0.00000000e+00 5.28000000e+01 1.57163390e+00 5.28000000e+01 -3.69540908e+00
 5.31000000e+01 0.00000000e+00 5.31000000e+01 2.06851806e+00 5.31000000e+01 -3.97474521e+00
 5.34000000e+01 0.00000000e+00 5.34000000e+01 2.36501147e+00 5.34000000e+01 -4.27371523e+00
 5.37000000e+01 0.00000000e+00 5.37000000e+01 2.04396844e+00 5.37000000e+01 -3.81214715e+00
 5.40000000e+01 0.00000000e+00 5.40000000e+01 2.05458119e+00 5.40000000e+01 -3.69110956e+00
 5.43000000e+01 0.00000000e+00 5.43000000e+01 1.81077647e+00 5.43000000e+01 -3.90614461e+00
 5.46000000e+01 0.00000000e+00 5.46000000e+01 1.79857663e+00 5.46000000e+01 -4.36147849e+00
 5.49000000e+01 0.00000000e+00 5.49000000e+01 2.68502922e+00 5.49000000e+01 -4.01807028e+00
 5.52000000e+01 0.00000000e+00 5.52000000e+01 6.14370344e+00 5.52000000e+01 -4.39857591e+00
 5.55000000e+01 0.00000000e+00 5.55000000e+01 6.60016988e+00 5.55000000e+01 -4.13912963e+00
 5.58000000e+01 0.00000000e+00 5.58000000e+01 6.06855671e+00 5.58000000e+01 -4.18060836e+00
 5.61000000e+01 0.00000000e+00 5.61000000e+01 5.83814654e+00 5.61000000e+01 -4.55037807e+00
 5.64000000e+01 0.00000000e+00 5.64000000e+01 6.05507439e+00 5.64000000e+01 -4.42218222e+00
 5.67000000e+01 0.00000000e+00 5.67000000e+01 5.67279848e+00 5.67000000e+01 -4.34467804e+00
 5.70000000e+01 0.00000000e+00 5.70000000e+01 6.19725003e+00 5.70000000e+01 -3.71171106e+00
 5.73000000e+01 0.00000000e+00 5.73000000e+01 6.27286149e+00 5.73000000e+01 -4.30012012e+00
 5.76000000e+01 0.00000000e+00 5.76000000e+01 6.36815558e+00 5.76000000e+01 -4.18786947e+00
 5.79000000e+01 0.00000000e+00 5.79000000e+01 6.25677291e+00 5.79000000e+01 -4.59793897e+00
 5.82000000e+01 0.00000000e+00 5.82000000e+01 6.01542593e+00 5.82000000e+01 -4.00625217e+00
 5.85000000e+01 0.00000000e+00 5.85000000e+01 6.78753243e+00 5.85000000e+01 -4.87788425e+00
 5.88000000e+01 0.00000000e+00 5.88000000e+01 6.03676640e+00 5.88000000e+01 -4.41834175e+00
 5.91000000e+01 0.00000000e+00 5.91000000e+01 6.18705513e+00 5.91000000e+01 -4.08225432e+00
 5.94000000e+01 0.00000000e+00 5.94000000e+01 6.00467644e+00 5.94000000e+01 -4.27036995e+00
 5.97000000e+01 0.00000000e+00 5.97000000e+01 6.23079513e+00 5.97000000e+01 -4.49852782e+00
