 0.00000000e+00 0.00000000e+00 0.00000000e+00 7.86574214e+00 0.00000000e+00 -3.90188745e+00
 3.00000000e-01 0.00000000e+00 3.00000000e-01 7.02380974e+00 3.00000000e-01 -4.47308028e+00
 6.00000000e-01 0.00000000e+00 6.00000000e-01 7.10546465e+00 6.00000000e-01 -3.50958910e+00
 9.00000000e-01 0.00000000e+00 9.00000000e-01 7.06345625e+00 9.00000000e-01 -3.28187479e+00
 1.20000000e+00 0.00000000e+00 1.20000000e+00 7.07317875e+00 1.20000000e+00 -3.37783367e+00
 1.50000000e+00 0.00000000e+00 1.50000000e+00 7.63608611e+00 1.50000000e+00 -3.27506971e+00
 1.80000000e+00 0.00000000e+00 1.80000000e+00 7.32678849e+00 1.80000000e+00 -3.48630745e+00
 2.10000000e+00 0.00000000e+00 2.10000000e+00 6.98664369e+00 2.10000000e+00 -3.46791334e+00
 2.40000000e+00 0.00000000e+00 2.40000000e+00 7.27530366e+00 2.40000000e+00 -3.95375168e+00
 2.70000000e+00 0.00000000e+00 2.70000000e+00 6.99135096e+00 2.70000000e+00 -3.49349893e+00
 3.00000000e+00 0.00000000e+00 3.00000000e+00 7.37979353e+00 3.00000000e+00 -3.20944567e+00
 3.30000000e+00 0.00000000e+00 3.30000000e+00 7.29101409e+00 3.30000000e+00 -3.57576717e+00
 3.60000000e+00 0.00000000e+00 3.60000000e+00 7.03930491e+00 3.60000000e+00 -2.82702227e+00
 3.90000000e+00 0.00000000e+00 3.90000000e+00 7.54298747e+00 3.90000000e+00 -3.92314438e+00
 4.20000000e+00 0.00000000e+00 4.20000000e+00 7.16455377e+00 4.20000000e+00 -3.42110152e+00
 4.50000000e+00 0.00000000e+00 4.50000000e+00 7.83721248e+00 4.50000000e+00 -3.56657114e+00
 4.80000000e+00 0.00000000e+00 4.80000000e+00 7.03065619e+00 4.80000000e+00 -2.76773187e+00
 5.10000000e+00 0.00000000e+00 5.10000000e+00 7.53709783e+00 5.10000000e+00 -4.09048574e+00
 5.40000000e+00 0.00000000e+00 5.40000000e+00 6.98019423e+00 5.40000000e+00 -4.86642107e+00
 5.70000000e+00 0.00000000e+00 5.70000000e+00 7.30623741e+00 5.70000000e+00 -3.26000132e+00
 6.00000000e+00 0.00000000e+00 6.00000000e+00 7.27080564e+00 6.00000000e+00 -3.48989106e+00
 6.30000000e+00 0.00000000e+00 6.30000000e+00 7.41677045e+00 6.30000000e+00 -3.40581882e+00
 6.60000000e+00 0.00000000e+00 6.60000000e+00 7.31360585e+00 6.60000000e+00 -3.33391655e+00
 6.90000000e+00 0.00000000e+00 6.90000000e+00 7.04703321e+00 6.90000000e+00 -3.30932868e+00
 7.20000000e+00 0.00000000e+00 7.20000000e+00 6.90206550e+00 7.20000000e+00 -3.38832697e+00
 7.50000000e+00 0.00000000e+00 7.50000000e+00 7.20351271e+00 7.50000000e+00 -4.03207627e+00
 7.80000000e+00 0.00000000e+00 7.80000000e+00 7.25618347e+00 7.80000000e+00 -4.16568421e+00
 8.10000000e+00 0.00000000e+00 8.10000000e+00 7.54524995e+00 8.10000000e+00 -3.69090801e+00
 8.40000000e+00 0.00000000e+00 8.40000000e+00 7.14645815e+00 8.40000000e+00 -3.74675036e+00
 8.70000000e+00 0.00000000e+00 8.70000000e+00 6.28112179e+00 8.70000000e+00 -3.84866186e+00
 9.00000000e+00 0.00000000e+00 9.00000000e+00 7.30641039e+00 9.00000000e+00 -3.32846866e+00
 9.30000000e+00 0.00000000e+00 9.30000000e+00 7.38160861e+00 9.30000000e+00 -3.68432344e+00
 9.60000000e+00 0.00000000e+00 9.60000000e+00 7.24447281e+00 9.60000000e+00 -3.84738734e+00
 9.90000000e+00 0.00000000e+00 9.90000000e+00 6.99347164e+00 9.90000000e+00 -3.79710052e+00
 1.02000000e+01 0.00000000e+00 1.02000000e+01 6.70302211e+00 1.02000000e+01 -3.01857781e+00
 1.05000000e+01 0.00000000e+00 1.05000000e+01 6.78255224e+00 1.05000000e+01 -3.50496681e+00
 1.08000000e+01 0.00000000e+00 1.08000000e+01 7.76541562e+00 1.08000000e+01 -3.74605890e+00
 1.11000000e+01 0.00000000e+00 1.11000000e+01 7.01147051e+00 1.11000000e+01 -3.44060732e+00
 1.14000000e+01 0.00000000e+00 1.14000000e+01 7.41023229e+00 1.14000000e+01 -3.57366617e+00
 1.17000000e+01 0.00000000e+00 1.17000000e+01 7.87057009e+00 1.17000000e+01 -3.56101862e+00
 1.20000000e+01 0.00000000e+00 1.20000000e+01 7.17041591e+00 1.20000000e+01 -3.46355073e+00
 1.23000000e+01 0.00000000e+00 1.23000000e+01 7.30943492e+00 1.23000000e+01 -4.15641715e+00
 1.26000000e+01 0.00000000e+00 1.26000000e+01 7.44190732e+00 1.26000000e+01 -3.33732009e+00
 1.29000000e+01 0.00000000e+00 1.29000000e+01 7.35976333e+00 1.29000000e+01 -4.00057766e+00
 1.32000000e+01 0.00000000e+00 1.32000000e+01 7.31947758e+00 1.32000000e+01 -3.72948465e+00
 1.35000000e+01 0.00000000e+00 1.35000000e+01 7.42088826e+00 1.35000000e+01 -3.42905600e+00
 1.38000000e+01 0.00000000e+00 1.38000000e+01 7.05447658e+00 1.38000000e+01 -3.30370648e+00
 1.41000000e+01 0.00000000e+00 1.41000000e+01 7.18655518e+00 1.41000000e+01 -4.10800845e+00
 1.44000000e+01 0.00000000e+00 1.44000000e+01 7.84738379e+00 1.44000000e+01 -3.84924321e+00
 1.47000000e+01 0.00000000e+00 1.47000000e+01 7.12158027e+00 1.47000000e+01 -3.67551982e+00
 1.50000000e+01 0.00000000e+00 1.50000000e+01 7.71917433e+00 1.50000000e+01 -3.46662606e+00
 1.53000000e+01 0.00000000e+00 1.53000000e+01 3.73539993e+00 1.53000000e+01 -4.79766771e+00
 1.56000000e+01 0.00000000e+00 1.56000000e+01 3.01359119e+00 1.56000000e+01 -4.32522747e+00
 1.59000000e+01 0.00000000e+00 1.59000000e+01 2.87409277e+00 1.59000000e+01 -5.28827663e+00
 1.62000000e+01 0.00000000e+00 1.62000000e+01 3.35172567e+00 1.62000000e+01 -5.40415640e+00
 1.65000000e+01 0.00000000e+00 1.65000000e+01 2.94560688e+00 1.65000000e+01 -4.98976949e+00
 1.68000000e+01 0.00000000e+00 1.68000000e+01 3.44807198e+00 1.68000000e+01 -5.11325275e+00
 1.71000000e+01 0.00000000e+00 1.71000000e+01 2.92479253e+00 1.71000000e+01 -4.79428116e+00
 1.74000000e+01 0.00000000e+00 1.74000000e+01 3.44002169e+00 1.74000000e+01 -4.98131484e+00
 1.77000000e+01 0.00000000e+00 1.77000000e+01 3.21826524e+00 1.77000000e+01 -5.10057309e+00
 1.80000000e+01 0.00000000e+00 1.80000000e+01 2.16739785e+00 1.80000000e+01 -5.42094331e+00
 1.83000000e+01 0.00000000e+00 1.83000000e+01 2.84515202e+00 1.83000000e+01 -5.27873093e+00
 1.86000000e+01 0.00000000e+00 1.86000000e+01 3.29568928e+00 1.86000000e+01 -5.05826757e+00
 1.89000000e+01 0.00000000e+00 1.89000000e+01 3.23508113e+00 1.89000000e+01 -4.96117190e+00
 1.92000000e+01 0.00000000e+00 1.92000000e+01 3.04383139e+00 1.92000000e+01 -5.42821555e+00
 1.95000000e+01 0.00000000e+00 1.95000000e+01 3.02141270e+00 1.95000000e+01 -4.72101049e+00
 1.98000000e+01 0.00000000e+00 1.98000000e+01 2.91835256e+00 1.98000000e+01 -4.63137985e+00
 2.01000000e+01 0.00000000e+00 2.01000000e+01 3.31557534e+00 2.01000000e+01 -5.24042922e+00
 2.04000000e+01 0.00000000e+00 2.04000000e+01 3.96394324e+00 2.04000000e+01 -5.35410632e+00
 2.07000000e+01 0.00000000e+00 2.07000000e+01 2.64708779e+00 2.07000000e+01 -4.73292878e+00
 2.10000000e+01 0.00000000e+00 2.10000000e+01 3.08438676e+00 2.10000000e+01 -4.93552285e+00
 2.13000000e+01 0.00000000e+00 2.13000000e+01 3.40547010e+00 2.13000000e+01 -4.97013613e+00
 2.16000000e+01 0.00000000e+00 2.16000000e+01 3.59913252e+00 2.16000000e+01 -4.30644382e+00
 2.19000000e+01 0.00000000e+00 2.19000000e+01 3.43581325e+00 2.19000000e+01 -4.86492383e+00
 2.22000000e+01 0.00000000e+00 2.22000000e+01 3.10392982e+00 2.22000000e+01 -4.79680556e+00
 2.25000000e+01 0.00000000e+00 2.25000000e+01 3.29015373e+00 2.25000000e+01 -4.34948451e+00
 2.28000000e+01 0.00000000e+00 2.28000000e+01 2.56935124e+00 2.28000000e+01 -5.33055365e+00
 2.31000000e+01 0.00000000e+00 2.31000000e+01 2.88131207e+00 2.31000000e+01 -4.90123394e+00
 2.34000000e+01 0.00000000e+00 2.34000000e+01 3.51511289e+00 2.34000000e+01 -4.47615441e+00
 2.37000000e+01 0.00000000e+00 2.37000000e+01 2.97826450e+00 2.37000000e+01 -4.94561193e+00
 2.40000000e+01 0.00000000e+00 2.40000000e+01 2.73663257e+00 2.40000000e+01 -5.21635755e+00
 2.43000000e+01 0.00000000e+00 2.43000000e+01 3.35025862e+00 2.43000000e+01 -4.76116835e+00
 2.46000000e+01 0.00000000e+00 2.46000000e+01 3.00237202e+00 2.46000000e+01 -5.18914131e+00
 2.49000000e+01 0.00000000e+00 2.49000000e+01 3.00125405e+00 2.49000000e+01 -4.74967391e+00
 2.52000000e+01 0.00000000e+00 2.52000000e+01 2.12652478e+00 2.52000000e+01 -5.83314123e+00
 2.55000000e+01 0.00000000e+00 2.55000000e+01 2.35710092e+00 2.55000000e+01 -5.80256687e+00
 2.58000000e+01 0.00000000e+00 2.58000000e+01 2.39480735e+00 2.58000000e+01 -5.34384476e+00
 2.61000000e+01 0.00000000e+00 2.61000000e+01 1.71787929e+00 2.61000000e+01 -5.62117974e+00
 2.64000000e+01 0.00000000e+00 2.64000000e+01 2.07227102e+00 2.64000000e+01 -5.71470657e+00
 2.67000000e+01 0.00000000e+00 2.67000000e+01 1.78578182e+00 2.67000000e+01 -6.09400412e+00
 2.70000000e+01 0.00000000e+00 2.70000000e+01 2.18798589e+00 2.70000000e+01 -5.95432575e+00
 2.73000000e+01 0.00000000e+00 2.73000000e+01 2.15620349e+00 2.73000000e+01 -5.46679337e+00
 2.76000000e+01 0.00000000e+00 2.76000000e+01 2.39369147e+00 2.76000000e+01 -5.98509227e+00
 2.79000000e+01 0.00000000e+00 2.79000000e+01 1.60138812e+00 2.79000000e+01 -5.93227208e+00
 2.82000000e+01 0.00000000e+00 2.82000000e+01 1.42801147e+00 2.82000000e+01 -7.01809062e+00
 2.85000000e+01 0.00000000e+00 2.85000000e+01 1.64838426e+00 2.85000000e+01 -5.88943925e+00
 2.88000000e+01 0.00000000e+00 2.88000000e+01 1.40684045e+00 2.88000000e+01 -6.39100326e+00
 2.91000000e+01 0.00000000e+00 2.91000000e+01 1.77645890e+00 2.91000000e+01 -6.54810670e+00
 2.94000000e+01 0.00000000e+00 2.94000000e+01 2.31301852e+00 2.94000000e+01 -6.25831709e+00
 2.97000000e+01 0.00000000e+00 2.97000000e+01 2.21925343e+00 2.97000000e+01 -5.91547113e+00
 3.00000000e+01 0.00000000e+00 3.00000000e+01 2.12719149e+00 3.00000000e+01 -5.72951513e+00
 3.03000000e+01 0.00000000e+00 3.03000000e+01 1.35807764e+00 3.03000000e+01 -6.07663869e+00
 3.06000000e+01 0.00000000e+00 3.06000000e+01 1.78030522e+00 3.06000000e+01 -6.33749119e+00
 3.09000000e+01 0.00000000e+00 3.09000000e+01 2.13913177e+00 3.09000000e+01 -6.30309414e+00
 3.12000000e+01 0.00000000e+00 3.12000000e+01 1.90517197e+00 3.12000000e+01 -5.70332741e+00
 3.15000000e+01 0.00000000e+00 3.15000000e+01 2.09580187e+00 3.15000000e+01 -5.97617226e+00
 3.18000000e+01 0.00000000e+00 3.18000000e+01 2.37106281e+00 3.18000000e+01 -6.12248854e+00
 3.21000000e+01 0.00000000e+00 3.21000000e+01 1.66585240e+00 3.21000000e+01 -5.56379202e+00
 3.24000000e+01 0.00000000e+00 3.24000000e+01 2.34679174e+00 3.24000000e+01 -6.31612703e+00
 3.27000000e+01 0.00000000e+00 3.27000000e+01 2.71312713e+00 3.27000000e+01 -6.14128582e+00
 3.30000000e+01 0.00000000e+00 3.30000000e+01 2.15078757e+00 3.30000000e+01 -5.72453767e+00
 3.33000000e+01 0.00000000e+00 3.33000000e+01 1.85148522e+00 3.33000000e+01 -5.82669268e+00
 3.36000000e+01 0.00000000e+00 3.36000000e+01 1.92653047e+00 3.36000000e+01 -6.16527934e+00
 3.39000000e+01 0.00000000e+00 3.39000000e+01 2.15618319e+00 3.39000000e+01 -6.45430125e+00
 3.42000000e+01 0.00000000e+00 3.42000000e+01 2.40025368e+00 3.42000000e+01 -5.76579603e+00
 3.45000000e+01 0.00000000e+00 3.45000000e+01 2.48620020e+00 3.45000000e+01 -5.66283589e+00
 3.48000000e+01 0.00000000e+00 3.48000000e+01 2.22370003e+00 3.48000000e+01 -6.42076572e+00
 3.51000000e+01 0.00000000e+00 3.51000000e+01 4.74383243e+00 3.51000000e+01 -2.83153795e+00
 3.54000000e+01 0.00000000e+00 3.54000000e+01 4.02063260e+00 3.54000000e+01 -2.17040734e+00
 3.57000000e+01 0.00000000e+00 3.57000000e+01 4.35453386e+00 3.57000000e+01 -1.60064595e+00
 3.60000000e+01 0.00000000e+00 3.60000000e+01 3.90850896e+00 3.60000000e+01 -1.62962560e+00
 3.63000000e+01 0.00000000e+00 3.63000000e+01 4.62204816e+00 3.63000000e+01 -2.54151549e+00
 3.66000000e+01 0.00000000e+00 3.66000000e+01 4.58155984e+00 3.66000000e+01 -1.81795547e+00
 3.69000000e+01 0.00000000e+00 3.69000000e+01 4.43833760e+00 3.69000000e+01 -2.62566796e+00
 3.72000000e+01 0.00000000e+00 3.72000000e+01 4.22472135e+00 3.72000000e+01 -1.68695251e+00
 3.75000000e+01 0.00000000e+00 3.75000000e+01 3.65325942e+00 3.75000000e+01 -1.81991895e+00
 3.78000000e+01 0.00000000e+00 3.78000000e+01 4.42124380e+00 3.78000000e+01 -1.58365879e+00
 3.81000000e+01 0.00000000e+00 3.81000000e+01 4.56986160e+00 3.81000000e+01 -2.15559675e+00
 3.84000000e+01 0.00000000e+00 3.84000000e+01 4.53132979e+00 3.84000000e+01 -1.66735266e+00
 3.87000000e+01 0.00000000e+00 3.87000000e+01 4.40750193e+00 3.87000000e+01 -1.57284146e+00
 3.90000000e+01 0.00000000e+00 3.90000000e+01 4.22591539e+00 3.90000000e+01 -1.96632577e+00
 3.93000000e+01 0.00000000e+00 3.93000000e+01 4.12953538e+00 3.93000000e+01 -2.01113874e+00
 3.96000000e+01 0.00000000e+00 3.96000000e+01 4.79202148e+00 3.96000000e+01 -2.17901983e+00
 3.99000000e+01 0.00000000e+00 3.99000000e+01 4.53520816e+00 3.99000000e+01 -2.24593417e+00
 4.02000000e+01 0.00000000e+00 4.02000000e+01 6.39319444e+00 4.02000000e+01 -4.16579581e+00
 4.05000000e+01 0.00000000e+00 4.05000000e+01 6.46014948e+00 4.05000000e+01 -4.36423679e+00
 4.08000000e+01 0.00000000e+00 4.08000000e+01 6.43402079e+00 4.08000000e+01 -4.47448891e+00
 4.11000000e+01 0.00000000e+00 4.11000000e+01 6.16382643e+00 4.11000000e+01 -3.74217976e+00
 4.14000000e+01 0.00000000e+00 4.14000000e+01 6.61895237e+00 4.14000000e+01 -3.75875372e+00
 4.17000000e+01 0.00000000e+00 4.17000000e+01 6.30350767e+00 4.17000000e+01 -4.06389727e+00
 4.20000000e+01 0.00000000e+00 4.20000000e+01 5.73050545e+00 4.20000000e+01 -4.02690531e+00
 4.23000000e+01 0.00000000e+00 4.23000000e+01 6.34579006e+00 4.23000000e+01 -4.20293071e+00
 4.26000000e+01 0.00000000e+00 4.26000000e+01 5.78133877e+00 4.26000000e+01 -3.85072995e+00
 4.29000000e+01 0.00000000e+00 4.29000000e+01 6.01086105e+00 4.29000000e+01 -3.96020088e+00
 4.32000000e+01 0.00000000e+00 4.32000000e+01 6.17592107e+00 4.32000000e+01 -4.09231564e+00
 4.35000000e+01 0.00000000e+00 4.35000000e+01 6.75391200e+00 4.35000000e+01 -4.43046166e+00
 4.38000000e+01 0.00000000e+00 4.38000000e+01 6.21110109e+00 4.38000000e+01 -3.96666853e+00
 4.41000000e+01 0.00000000e+00 4.41000000e+01 6.13803536e+00 4.41000000e+01 -3.68464013e+00
 4.44000000e+01 0.00000000e+00 4.44000000e+01 6.08778641e+00 4.44000000e+01 -4.53767216e+00
 4.47000000e+01 0.00000000e+00 4.47000000e+01 5.67323549e+00 4.47000000e+01 -4.24734529e+00
 4.50000000e+01 0.00000000e+00 4.50000000e+01 6.00834930e+00 4.50000000e+01 -3.14626532e+00
 4.53000000e+01 0.00000000e+00 4.53000000e+01 5.44494218e+00 4.53000000e+01 -3.90316578e+00
 4.56000000e+01 0.00000000e+00 4.56000000e+01 6.19958303e+00 4.56000000e+01 -3.84258339e+00
 4.59000000e+01 0.00000000e+00 4.59000000e+01 6.22333176e+00 4.59000000e+01 -3.30351040e+00
 4.62000000e+01 0.00000000e+00 4.62000000e+01 5.87128171e+00 4.62000000e+01 -3.79816041e+00
 4.65000000e+01 0.00000000e+00 4.65000000e+01 6.66237688e+00 4.65000000e+01 -3.89000598e+00
 4.68000000e+01 0.00000000e+00 4.68000000e+01 6.38255376e+00 4.68000000e+01 -3.57193773e+00
 4.71000000e+01 0.00000000e+00 4.71000000e+01 5.57622732e+00 4.71000000e+01 -3.85875406e+00
 4.74000000e+01 0.00000000e+00 4.74000000e+01 6.36239983e+00 4.74000000e+01 -4.18673007e+00
 4.77000000e+01 0.00000000e+00 4.77000000e+01 6.26492196e+00 4.77000000e+01 -4.52651372e+00
 4.80000000e+01 0.00000000e+00 4.80000000e+01 5.70712374e+00 4.80000000e+01 -3.72158533e+00
 4.83000000e+01 0.00000000e+00 4.83000000e+01 6.14576724e+00 4.83000000e+01 -4.86338368e+00
 4.86000000e+01 0.00000000e+00 4.86000000e+01 5.98362587e+00 4.86000000e+01 -4.53889454e+00
 4.89000000e+01 0.00000000e+00 4.89000000e+01 6.03265685e+00 4.89000000e+01 -4.04033588e+00
 4.92000000e+01 0.00000000e+00 4.92000000e+01 6.43332343e+00 4.92000000e+01 -3.73241657e+00
 4.95000000e+01 0.00000000e+00 4.95000000e+01 6.20134089e+00 4.95000000e+01 -4.10374831e+00
 4.98000000e+01 0.00000000e+00 4.98000000e+01 6.22892515e+00 4.98000000e+01 -4.39336466e+00
 5.01000000e+01 0.00000000e+00 5.01000000e+01 2.59216993e+00 5.01000000e+01 -3.93560409e+00
 5.04000000e+01 0.00000000e+00 5.04000000e+01 2.95557781e+00 5.04000000e+01 -4.19195180e+00
 5.07000000e+01 0.00000000e+00 5.07000000e+01 3.65058002e+00 5.07000000e+01 -4.31839347e+00
 5.10000000e+01 0.00000000e+00 5.10000000e+01 2.99294115e+00 5.10000000e+01 -4.07935171e+00
 5.13000000e+01 0.00000000e+00 5.13000000e+01 2.49382167e+00 5.13000000e+01 -4.30553612e+00
 5.16000000e+01 0.00000000e+00 5.16000000e+01 2.82265444e+00 5.16000000e+01 -3.84028884e+00
 5.19000000e+01 0.00000000e+00 5.19000000e+01 2.57046215e+00 5.19000000e+01 -4.10161883e+00
 5.22000000e+01 0.00000000e+00 5.22000000e+01 2.95359869e+00 5.22000000e+01 -3.65896096e+00
 5.25000000e+01 0.00000000e+00 5.25000000e+01 2.86639467e+00 5.25000000e+01 -4.16836495e+00
 5.28000000e+01 0.00000000e+00 5.28000000e+01 2.91202650e+00 5.28000000e+01 -4.32254664e+00
 5.31000000e+01 0.00000000e+00 5.31000000e+01 2.94191420e+00 5.31000000e+01 -3.96808029e+00
 5.34000000e+01 0.00000000e+00 5.34000000e+01 2.55045100e+00 5.34000000e+01 -3.60099655e+00
 5.37000000e+01 0.00000000e+00 5.37000000e+01 3.42900923e+00 5.37000000e+01 -3.82021707e+00
 5.40000000e+01 0.00000000e+00 5.40000000e+01 2.47749881e+00 5.40000000e+01 -3.85839297e+00
 5.43000000e+01 0.00000000e+00 5.43000000e+01 2.20284101e+00 5.43000000e+01 -4.39729774e+00
 5.46000000e+01 0.00000000e+00 5.46000000e+01 2.75780471e+00 5.46000000e+01 -4.20550902e+00
 5.49000000e+01 0.00000000e+00 5.49000000e+01 3.02599643e+00 5.49000000e+01 -4.10218834e+00
 5.52000000e+01 0.00000000e+00 5.52000000e+01 6.99951592e+00 5.52000000e+01 -2.97153818e+00
 5.55000000e+01 0.00000000e+00 5.55000000e+01 6.79773855e+00 5.55000000e+01 -4.35411677e+00
 5.58000000e+01 0.00000000e+00 5.58000000e+01 7.13864730e+00 5.58000000e+01 -3.04630110e+00
 5.61000000e+01 0.00000000e+00 5.61000000e+01 7.56836741e+00 5.61000000e+01 -3.77159873e+00
 5.64000000e+01 0.00000000e+00 5.64000000e+01 7.61962871e+00 5.64000000e+01 -4.06895621e+00
 5.67000000e+01 0.00000000e+00 5.67000000e+01 7.82362577e+00 5.67000000e+01 -3.94418938e+00
 5.70000000e+01 0.00000000e+00 5.70000000e+01 6.99726513e+00 5.70000000e+01 -3.88161049e+00
 5.73000000e+01 0.00000000e+00 5.73000000e+01 7.30454943e+00 5.73000000e+01 -3.66438211e+00
 5.76000000e+01 0.00000000e+00 5.76000000e+01 7.26076572e+00 5.76000000e+01 -3.85669151e+00
 5.79000000e+01 0.00000000e+00 5.79000000e+01 7.37681503e+00 5.79000000e+01 -3.12864143e+00
 5.82000000e+01 0.00000000e+00 5.82000000e+01 8.10663426e+00 5.82000000e+01 -3.72624421e+00
 5.85000000e+01 0.00000000e+00 5.85000000e+01 7.19523964e+00 5.85000000e+01 -3.27558771e+00
 5.88000000e+01 0.00000000e+00 5.88000000e+01 6.97192747e+00 5.88000000e+01 -3.51638351e+00
 5.91000000e+01 0.00000000e+00 5.91000000e+01 7.29837174e+00 5.91000000e+01 -4.04973875e+00
 5.94000000e+01 0.00000000e+00 5.94000000e+01 6.79982456e+00 5.94000000e+01 -3.62854961e+00
 5.97000000e+01 0.00000000e+00 5.97000000e+01 7.72773236e+00 5.97000000e+01 -3.96637625e+00
