 0.00000000e+00 0.00000000e+00 0.00000000e+00 5.20027109e+00 0.00000000e+00 -5.36692304e+00
 3.00000000e-01 0.00000000e+00 3.00000000e-01 5.76917512e+00 3.00000000e-01 -5.12334541e+00
 6.00000000e-01 0.00000000e+00 6.00000000e-01 5.34244338e+00 6.00000000e-01 -4.98124068e+00
 9.00000000e-01 0.00000000e+00 9.00000000e-01 6.03751002e+00 9.00000000e-01 -5.15468216e+00
 1.20000000e+00 0.00000000e+00 1.20000000e+00 5.88103064e+00 1.20000000e+00 -5.03060985e+00
 1.50000000e+00 0.00000000e+00 1.50000000e+00 5.78093783e+00 1.50000000e+00 -5.21923992e+00
 1.80000000e+00 0.00000000e+00 1.80000000e+00 5.49710486e+00 1.80000000e+00 -5.09134446e+00
 2.10000000e+00 0.00000000e+00 2.10000000e+00 6.40512115e+00 2.10000000e+00 -5.06821578e+00
 2.40000000e+00 0.00000000e+00 2.40000000e+00 5.47091681e+00 2.40000000e+00 -5.53369148e+00
 2.70000000e+00 0.00000000e+00 2.70000000e+00 5.96397166e+00 2.70000000e+00 -5.38867130e+00
 3.00000000e+00 0.00000000e+00 3.00000000e+00 5.97848543e+00 3.00000000e+00 -5.45687056e+00
 3.30000000e+00 0.00000000e+00 3.30000000e+00 6.09550544e+00 3.30000000e+00 -4.89703656e+00
 3.60000000e+00 0.00000000e+00 3.60000000e+00 5.70330893e+00 3.60000000e+00 -5.15166737e+00
 3.90000000e+00 0.00000000e+00 3.90000000e+00 6.13823335e+00 3.90000000e+00 -4.93172462e+00
 4.20000000e+00 0.00000000e+00 4.20000000e+00 5.83999236e+00 4.20000000e+00 -4.38817163e+00
 4.50000000e+00 0.00000000e+00 4.50000000e+00 5.87718675e+00 4.50000000e+00 -5.04317505e+00
 4.80000000e+00 0.00000000e+00 4.80000000e+00 5.45966804e+00 4.80000000e+00 -5.15877880e+00
 5.10000000e+00 0.00000000e+00 5.10000000e+00 6.29567121e+00 5.10000000e+00 -4.94518559e+00
 5.40000000e+00 0.00000000e+00 5.40000000e+00 5.95626717e+00 5.40000000e+00 -4.91095430e+00
 5.70000000e+00 0.00000000e+00 5.70000000e+00 5.44063314e+00 5.70000000e+00 -5.09679874e+00
 6.00000000e+00 0.00000000e+00 6.00000000e+00 5.58099748e+00 6.00000000e+00 -5.13106024e+00
 6.30000000e+00 0.00000000e+00 6.30000000e+00 6.08456402e+00 6.30000000e+00 -5.53872645e+00
 6.60000000e+00 0.00000000e+00 6.60000000e+00 5.92114086e+00 6.60000000e+00 -5.50090914e+00
 6.90000000e+00 0.00000000e+00 6.90000000e+00 5.63617974e+00 6.90000000e+00 -6.05035705e+00
 7.20000000e+00 0.00000000e+00 7.20000000e+00 5.93307307e+00 7.20000000e+00 -5.41447843e+00
 7.50000000e+00 0.00000000e+00 7.50000000e+00 6.34798943e+00 7.50000000e+00 -5.30077586e+00
 7.80000000e+00 0.00000000e+00 7.80000000e+00 5.73244787e+00 7.80000000e+00 -5.58584072e+00
 8.10000000e+00 0.00000000e+00 8.10000000e+00 5.67590608e+00 8.10000000e+00 -5.09822262e+00
 8.40000000e+00 0.00000000e+00 8.40000000e+00 5.82883400e+00 8.40000000e+00 -5.67553699e+00
 8.70000000e+00 0.00000000e+00 8.70000000e+00 6.29944406e+00 8.70000000e+00 -5.32735839e+00
 9.00000000e+00 0.00000000e+00 9.00000000e+00 6.44732294e+00 9.00000000e+00 -5.03429464e+00
 9.30000000e+00 0.00000000e+00 9.30000000e+00 5.91004514e+00 9.30000000e+00 -5.45772512e+00
 9.60000000e+00 0.00000000e+00 9.60000000e+00 5.24277969e+00 9.60000000e+00 -5.64391783e+00
 9.90000000e+00 0.00000000e+00 9.90000000e+00 5.78126350e+00 9.90000000e+00 -5.39081085e+00
 1.02000000e+01 0.00000000e+00 1.02000000e+01 5.87060815e+00 1.02000000e+01 -4.90309094e+00
 1.05000000e+01 0.00000000e+00 1.05000000e+01 5.49077747e+00 1.05000000e+01 -5.22293616e+00
 1.08000000e+01 0.00000000e+00 1.08000000e+01 6.04527202e+00 1.08000000e+01 -5.35451186e+00
 1.11000000e+01 0.00000000e+00 1.11000000e+01 5.97650279e+00 1.11000000e+01 -4.83677605e+00
 1.14000000e+01 0.00000000e+00 1.14000000e+01 6.16211466e+00 1.14000000e+01 -5.75435064e+00
 1.17000000e+01 0.00000000e+00 1.17000000e+01 5.65386245e+00 1.17000000e+01 -5.86192180e+00
 1.20000000e+01 0.00000000e+00 1.20000000e+01 6.50049925e+00 1.20000000e+01 -5.82291756e+00
 1.23000000e+01 0.00000000e+00 1.23000000e+01 5.83282436e+00 1.23000000e+01 -5.70535362e+00
 1.26000000e+01 0.00000000e+00 1.26000000e+01 6.47228593e+00 1.26000000e+01 -5.55525886e+00
 1.29000000e+01 0.00000000e+00 1.29000000e+01 5.73738692e+00 1.29000000e+01 -5.70375211e+00
 1.32000000e+01 0.00000000e+00 1.32000000e+01 6.26813261e+00 1.32000000e+01 -5.31017087e+00
 1.35000000e+01 0.00000000e+00 1.35000000e+01 5.87409344e+00 1.35000000e+01 -5.12962432e+00
 1.38000000e+01 0.00000000e+00 1.38000000e+01 5.28386770e+00 1.38000000e+01 -5.28634676e+00
 1.41000000e+01 0.00000000e+00 1.41000000e+01 6.17500533e+00 1.41000000e+01 -5.89515249e+00
 1.44000000e+01 0.00000000e+00 1.44000000e+01 5.70086651e+00 1.44000000e+01 -5.05845876e+00
 1.47000000e+01 0.00000000e+00 1.47000000e+01 6.04733533e+00 1.47000000e+01 -5.07226181e+00
 1.50000000e+01 0.00000000e+00 1.50000000e+01 6.00980985e+00 1.50000000e+01 -5.15443695e+00
 1.53000000e+01 0.00000000e+00 1.53000000e+01 7.27412731e-01 1.53000000e+01 -3.94738121e+00
 1.56000000e+01 0.00000000e+00 1.56000000e+01 2.65270475e-01 1.56000000e+01 -4.60254177e+00
 1.59000000e+01 0.00000000e+00 1.59000000e+01 3.77739127e-01 1.59000000e+01 -4.99217438e+00
 1.62000000e+01 0.00000000e+00 1.62000000e+01 5.40673864e-01 1.62000000e+01 -4.90123382e+00
 1.65000000e+01 0.00000000e+00 1.65000000e+01 7.65585110e-01 1.65000000e+01 -4.06203397e+00
 1.68000000e+01 0.00000000e+00 1.68000000e+01 1.19279273e+00 1.68000000e+01 -4.65759192e+00
 1.71000000e+01 0.00000000e+00 1.71000000e+01 7.12739744e-01 1.71000000e+01 -4.64374558e+00
 1.74000000e+01 0.00000000e+00 1.74000000e+01 9.60646708e-01 1.74000000e+01 -4.19804976e+00
 1.77000000e+01 0.00000000e+00 1.77000000e+01 9.45679101e-01 1.77000000e+01 -4.40314901e+00
 1.80000000e+01 0.00000000e+00 1.80000000e+01 1.04454169e+00 1.80000000e+01 -4.30656904e+00
 1.83000000e+01 0.00000000e+00 1.83000000e+01 8.53421817e-01 1.83000000e+01 -4.89373344e+00
 1.86000000e+01 0.00000000e+00 1.86000000e+01 5.48831436e-01 1.86000000e+01 -5.14545218e+00
 1.89000000e+01 0.00000000e+00 1.89000000e+01 6.52095666e-01 1.89000000e+01 -4.46637988e+00
 1.92000000e+01 0.00000000e+00 1.92000000e+01 9.19012252e-01 1.92000000e+01 -4.65457312e+00
 1.95000000e+01 0.00000000e+00 1.95000000e+01 8.91432416e-01 1.95000000e+01 -4.67022852e+00
 1.98000000e+01 0.00000000e+00 1.98000000e+01 9.48485743e-01 1.98000000e+01 -4.48716943e+00
 2.01000000e+01 0.00000000e+00 2.01000000e+01 1.13155788e+00 2.01000000e+01 -5.06566702e+00
 2.04000000e+01 0.00000000e+00 2.04000000e+01 1.21993222e+00 2.04000000e+01 -5.23564665e+00
 2.07000000e+01 0.00000000e+00 2.07000000e+01 1.24107885e+00 2.07000000e+01 -4.51583457e+00
 2.10000000e+01 0.00000000e+00 2.10000000e+01 1.14384538e+00 2.10000000e+01 -4.26557064e+00
 2.13000000e+01 0.00000000e+00 2.13000000e+01 1.27829952e+00 2.13000000e+01 -4.57810203e+00
 2.16000000e+01 0.00000000e+00 2.16000000e+01 5.55501170e-01 2.16000000e+01 -4.46534905e+00
 2.19000000e+01 0.00000000e+00 2.19000000e+01 6.83491031e-01 2.19000000e+01 -3.82338012e+00
 2.22000000e+01 0.00000000e+00 2.22000000e+01 3.85548481e-01 2.22000000e+01 -4.34778131e+00
 2.25000000e+01 0.00000000e+00 2.25000000e+01 1.34061121e+00 2.25000000e+01 -4.77830714e+00
 2.28000000e+01 0.00000000e+00 2.28000000e+01 9.61496461e-01 2.28000000e+01 -5.10151863e+00
 2.31000000e+01 0.00000000e+00 2.31000000e+01 1.04159985e+00 2.31000000e+01 -4.77968815e+00
 2.34000000e+01 0.00000000e+00 2.34000000e+01 1.14420743e+00 2.34000000e+01 -4.95974426e+00
 2.37000000e+01 0.00000000e+00 2.37000000e+01 1.24290628e+00 2.37000000e+01 -4.40442572e+00
 2.40000000e+01 0.00000000e+00 2.40000000e+01 6.90407788e-01 2.40000000e+01 -5.05251107e+00
 2.43000000e+01 0.00000000e+00 2.43000000e+01 1.40515226e+00 2.43000000e+01 -5.44134656e+00
 2.46000000e+01 0.00000000e+00 2.46000000e+01 4.28594658e-01 2.46000000e+01 -4.95647736e+00
 2.49000000e+01 0.00000000e+00 2.49000000e+01 8.77833385e-01 2.49000000e+01 -4.45773731e+00
 2.52000000e+01 0.00000000e+00 2.52000000e+01 3.18407265e+00 2.52000000e+01 -5.63825343e+00
 2.55000000e+01 0.00000000e+00 2.55000000e+01 3.34251717e+00 2.55000000e+01 -5.96987555e+00
 2.58000000e+01 0.00000000e+00 2.58000000e+01 2.97711929e+00 2.58000000e+01 -5.88040263e+00
 2.61000000e+01 0.00000000e+00 2.61000000e+01 3.61715032e+00 2.61000000e+01 -6.49621464e+00
 2.64000000e+01 0.00000000e+00 2.64000000e+01 2.69890167e+00 2.64000000e+01 -5.89964991e+00
 2.67000000e+01 0.00000000e+00 2.67000000e+01 2.53668985e+00 2.67000000e+01 -6.47449175e+00
 2.70000000e+01 0.00000000e+00 2.70000000e+01 2.80028347e+00 2.70000000e+01 -5.39244143e+00
 2.73000000e+01 0.00000000e+00 2.73000000e+01 3.27869325e+00 2.73000000e+01 -5.82145987e+00
 2.76000000e+01 0.00000000e+00 2.76000000e+01 3.10087965e+00 2.76000000e+01 -5.97827367e+00
 2.79000000e+01 0.00000000e+00 2.79000000e+01 3.50285122e+00 2.79000000e+01 -6.02849163e+00
 2.82000000e+01 0.00000000e+00 2.82000000e+01 3.31934149e+00 2.82000000e+01 -6.04839757e+00
 2.85000000e+01 0.00000000e+00 2.85000000e+01 2.55194924e+00 2.85000000e+01 -6.24059663e+00
 2.88000000e+01 0.00000000e+00 2.88000000e+01 2.89474596e+00 2.88000000e+01 -5.70333188e+00
 2.91000000e+01 0.00000000e+00 2.91000000e+01 2.96425294e+00 2.91000000e+01 -6.17925901e+00
 2.94000000e+01 0.00000000e+00 2.94000000e+01 2.92531525e+00 2.94000000e+01 -6.06339524e+00
 2.97000000e+01 0.00000000e+00 2.97000000e+01 2.86860988e+00 2.97000000e+01 -5.97198950e+00
 3.00000000e+01 0.00000000e+00 3.00000000e+01 2.47489796e+00 3.00000000e+01 -6.39092051e+00
 3.03000000e+01 0.00000000e+00 3.03000000e+01 3.35485161e+00 3.03000000e+01 -6.33347649e+00
 3.06000000e+01 0.00000000e+00 3.06000000e+01 3.44238999e+00 3.06000000e+01 -6.67913427e+00
 3.09000000e+01 0.00000000e+00 3.09000000e+01 2.71192197e+00 3.09000000e+01 -6.27624017e+00
 3.12000000e+01 0.00000000e+00 3.12000000e+01 3.19821197e+00 3.12000000e+01 -6.23474700e+00
 3.15000000e+01 0.00000000e+00 3.15000000e+01 3.53160437e+00 3.15000000e+01 -6.63031876e+00
 3.18000000e+01 0.00000000e+00 3.18000000e+01 3.53828503e+00 3.18000000e+01 -6.19917050e+00
 3.21000000e+01 0.00000000e+00 3.21000000e+01 2.93466655e+00 3.21000000e+01 -6.70067401e+00
 3.24000000e+01 0.00000000e+00 3.24000000e+01 4.08052877e+00 3.24000000e+01 -5.72111272e+00
 3.27000000e+01 0.00000000e+00 3.27000000e+01 3.42884075e+00 3.27000000e+01 -6.57874225e+00
 3.30000000e+01 0.00000000e+00 3.30000000e+01 2.86195480e+00 3.30000000e+01 -7.07711653e+00
 3.33000000e+01 0.00000000e+00 3.33000000e+01 2.98361748e+00 3.33000000e+01 -6.10760331e+00
 3.36000000e+01 0.00000000e+00 3.36000000e+01 2.77682382e+00 3.36000000e+01 -6.02908167e+00
 3.39000000e+01 0.00000000e+00 3.39000000e+01 2.77288732e+00 3.39000000e+01 -6.04392241e+00
 3.42000000e+01 0.00000000e+00 3.42000000e+01 2.42939056e+00 3.42000000e+01 -6.33874203e+00
 3.45000000e+01 0.00000000e+00 3.45000000e+01 2.97603202e+00 3.45000000e+01 -6.05481091e+00
 3.48000000e+01 0.00000000e+00 3.48000000e+01 2.89326158e+00 3.48000000e+01 -6.21152824e+00
 3.51000000e+01 0.00000000e+00 3.51000000e+01 4.07585368e+00 3.51000000e+01 -1.49610602e+00
 3.54000000e+01 0.00000000e+00 3.54000000e+01 4.42377457e+00 3.54000000e+01 -1.07314147e+00
 3.57000000e+01 0.00000000e+00 3.57000000e+01 4.14600777e+00 3.57000000e+01 -1.04710011e+00
 3.60000000e+01 0.00000000e+00 3.60000000e+01 4.53073357e+00 3.60000000e+01 -1.29720262e+00
 3.63000000e+01 0.00000000e+00 3.63000000e+01 4.39861729e+00 3.63000000e+01 -1.38664082e+00
 3.66000000e+01 0.00000000e+00 3.66000000e+01 3.85311334e+00 3.66000000e+01 -1.43130558e+00
 3.69000000e+01 0.00000000e+00 3.69000000e+01 4.50584950e+00 3.69000000e+01 -1.34773537e+00
 3.72000000e+01 0.00000000e+00 3.72000000e+01 4.61443940e+00 3.72000000e+01 -1.48916337e+00
 3.75000000e+01 0.00000000e+00 3.75000000e+01 4.49350321e+00 3.75000000e+01 -1.94958114e+00
 3.78000000e+01 0.00000000e+00 3.78000000e+01 4.28130631e+00 3.78000000e+01 -7.98686515e-01
 3.81000000e+01 0.00000000e+00 3.81000000e+01 3.65247313e+00 3.81000000e+01 -1.51000902e+00
 3.84000000e+01 0.00000000e+00 3.84000000e+01 4.36974503e+00 3.84000000e+01 -1.99593658e+00
 3.87000000e+01 0.00000000e+00 3.87000000e+01 3.61009831e+00 3.87000000e+01 -1.71031903e+00
 3.90000000e+01 0.00000000e+00 3.90000000e+01 4.07220215e+00 3.90000000e+01 -1.59442935e+00
 3.93000000e+01 0.00000000e+00 3.93000000e+01 3.92759017e+00 3.93000000e+01 -1.54000919e+00
 3.96000000e+01 0.00000000e+00 3.96000000e+01 4.17637670e+00 3.96000000e+01 -1.61426127e+00
 3.99000000e+01 0.00000000e+00 3.99000000e+01 3.97996794e+00 3.99000000e+01 -1.68032972e+00
 4.02000000e+01 0.00000000e+00 4.02000000e+01 5.19670412e+00 4.02000000e+01 -8.56055967e-01
 4.05000000e+01 0.00000000e+00 4.05000000e+01 4.76531763e+00 4.05000000e+01 -8.55364905e-01
 4.08000000e+01 0.00000000e+00 4.08000000e+01 5.85639248e+00 4.08000000e+01 -1.47083599e+00
 4.11000000e+01 0.00000000e+00 4.11000000e+01 5.97354846e+00 4.11000000e+01 -9.41357452e-01
 4.14000000e+01 0.00000000e+00 4.14000000e+01 5.21916757e+00 4.14000000e+01 -1.48148556e+00
 4.17000000e+01 0.00000000e+00 4.17000000e+01 5.48017029e+00 4.17000000e+01 -8.77119974e-01
 4.20000000e+01 0.00000000e+00 4.20000000e+01 5.23535780e+00 4.20000000e+01 -9.66156671e-01
 4.23000000e+01 0.00000000e+00 4.23000000e+01 5.65308690e+00 4.23000000e+01 -1.80596012e+00
 4.26000000e+01 0.00000000e+00 4.26000000e+01 5.28384579e+00 4.26000000e+01 -1.02495952e+00
 4.29000000e+01 0.00000000e+00 4.29000000e+01 5.71908139e+00 4.29000000e+01 -1.07451317e+00
 4.32000000e+01 0.00000000e+00 4.32000000e+01 5.23166948e+00 4.32000000e+01 -1.46995912e+00
 4.35000000e+01 0.00000000e+00 4.35000000e+01 5.91391027e+00 4.35000000e+01 -9.32691186e-01
 4.38000000e+01 0.00000000e+00 4.38000000e+01 5.76876971e+00 4.38000000e+01 -1.10384807e+00
 4.41000000e+01 0.00000000e+00 4.41000000e+01 5.76021912e+00 4.41000000e+01 -1.47179372e+00
 4.44000000e+01 0.00000000e+00 4.44000000e+01 5.48890766e+00 4.44000000e+01 -1.60404702e+00
 4.47000000e+01 0.00000000e+00 4.47000000e+01 5.60144386e+00 4.47000000e+01 -1.53136269e+00
 4.50000000e+01 0.00000000e+00 4.50000000e+01 5.04277212e+00 4.50000000e+01 -1.49220405e+00
 4.53000000e+01 0.00000000e+00 4.53000000e+01 5.64789451e+00 4.53000000e+01 -1.32104271e+00
 4.56000000e+01 0.00000000e+00 4.56000000e+01 5.82696733e+00 4.56000000e+01 -1.51600261e+00
 4.59000000e+01 0.00000000e+00 4.59000000e+01 5.05124055e+00 4.59000000e+01 -1.27533582e+00
 4.62000000e+01 0.00000000e+00 4.62000000e+01 5.22418659e+00 4.62000000e+01 -1.65675901e+00
 4.65000000e+01 0.00000000e+00 4.65000000e+01 5.94041680e+00 4.65000000e+01 -1.96952887e+00
 4.68000000e+01 0.00000000e+00 4.68000000e+01 5.74561844e+00 4.68000000e+01 -1.23504757e+00
 4.71000000e+01 0.00000000e+00 4.71000000e+01 5.62631742e+00 4.71000000e+01 -1.44128018e+00
 4.74000000e+01 0.00000000e+00 4.74000000e+01 5.27317668e+00 4.74000000e+01 -1.66272898e+00
 4.77000000e+01 0.00000000e+00 4.77000000e+01 5.72771351e+00 4.77000000e+01 -1.51278651e+00
 4.80000000e+01 0.00000000e+00 4.80000000e+01 6.03887277e+00 4.80000000e+01 -1.32944917e+00
 4.83000000e+01 0.00000000e+00 4.83000000e+01 5.12228995e+00 4.83000000e+01 -4.31388056e-01
 4.86000000e+01 0.00000000e+00 4.86000000e+01 5.88984576e+00 4.86000000e+01 -1.34478965e+00
 4.89000000e+01 0.00000000e+00 4.89000000e+01 5.45756447e+00 4.89000000e+01 -1.45798932e+00
 4.92000000e+01 0.00000000e+00 4.92000000e+01 5.95960368e+00 4.92000000e+01 -1.89372796e+00
 4.95000000e+01 0.00000000e+00 4.95000000e+01 6.13343412e+00 4.95000000e+01 -1.10920141e+00
 4.98000000e+01 0.00000000e+00 4.98000000e+01 5.66867185e+00 4.98000000e+01 -1.53520286e+00
 5.01000000e+01 0.00000000e+00 5.01000000e+01 1.18663576e+00 5.01000000e+01 -3.38742316e+00
 5.04000000e+01 0.00000000e+00 5.04000000e+01 7.00040837e-01 5.04000000e+01 -4.00252637e+00
 5.07000000e+01 0.00000000e+00 5.07000000e+01 9.84559089e-01 5.07000000e+01 -3.79751791e+00
 5.10000000e+01 0.00000000e+00 5.10000000e+01 9.32065985e-01 5.10000000e+01 -3.27978035e+00
 5.13000000e+01 0.00000000e+00 5.13000000e+01 8.09924848e-01 5.13000000e+01 -3.70583645e+00
 5.16000000e+01 0.00000000e+00 5.16000000e+01 4.41364024e-01 5.16000000e+01 -3.71634430e+00
 5.19000000e+01 0.00000000e+00 5.19000000e+01 3.73681920e-01 5.19000000e+01 -2.67929781e+00
 5.22000000e+01 0.00000000e+00 5.22000000e+01 5.65339574e-01 5.22000000e+01 -3.63369768e+00
 5.25000000e+01 0.00000000e+00 5.25000000e+01 5.82085889e-01 5.25000000e+01 -3.68282392e+00
 5.28000000e+01 0.00000000e+00 5.28000000e+01 6.26739049e-01 5.28000000e+01 -4.36007927e+00
 5.31000000e+01 0.00000000e+00 5.31000000e+01 1.02110464e+00 5.31000000e+01 -3.63708144e+00
 5.34000000e+01 0.00000000e+00 5.34000000e+01 2.34459924e-01 5.34000000e+01 -3.54373346e+00
 5.37000000e+01 0.00000000e+00 5.37000000e+01 2.53469232e-01 5.37000000e+01 -3.73452369e+00
 5.40000000e+01 0.00000000e+00 5.40000000e+01 2.20263560e-01 5.40000000e+01 -3.59197387e+00
 5.43000000e+01 0.00000000e+00 5.43000000e+01 1.01055035e+00 5.43000000e+01 -4.21950856e+00
 5.46000000e+01 0.00000000e+00 5.46000000e+01 6.87042340e-01 5.46000000e+01 -3.91088518e+00
 5.49000000e+01 0.00000000e+00 5.49000000e+01 3.72298613e-01 5.49000000e+01 -2.90680358e+00
 5.52000000e+01 0.00000000e+00 5.52000000e+01 5.64367206e+00 5.52000000e+01 -5.24692701e+00
 5.55000000e+01 0.00000000e+00 5.55000000e+01 5.75866311e+00 5.55000000e+01 -5.10196122e+00
 5.58000000e+01 0.00000000e+00 5.58000000e+01 6.09828495e+00 5.58000000e+01 -5.32829789e+00
 5.61000000e+01 0.00000000e+00 5.61000000e+01 6.23542863e+00 5.61000000e+01 -5.13518438e+00
 5.64000000e+01 0.00000000e+00 5.64000000e+01 6.47711548e+00 5.64000000e+01 -5.19150336e+00
 5.67000000e+01 0.00000000e+00 5.67000000e+01 5.83207378e+00 5.67000000e+01 -5.02632686e+00
 5.70000000e+01 0.00000000e+00 5.70000000e+01 5.69365542e+00 5.70000000e+01 -5.54317995e+00
 5.73000000e+01 0.00000000e+00 5.73000000e+01 6.17863157e+00 5.73000000e+01 -5.22886764e+00
 5.76000000e+01 0.00000000e+00 5.76000000e+01 5.88899912e+00 5.76000000e+01 -5.26511612e+00
 5.79000000e+01 0.00000000e+00 5.79000000e+01 5.76856745e+00 5.79000000e+01 -5.42739151e+00
 5.82000000e+01 0.00000000e+00 5.82000000e+01 6.07228130e+00 5.82000000e+01 -5.70951232e+00
 5.85000000e+01 0.00000000e+00 5.85000000e+01 5.95997074e+00 5.85000000e+01 -5.54130142e+00
 5.88000000e+01 0.00000000e+00 5.88000000e+01 5.46299513e+00 5.88000000e+01 -5.80917342e+00
 5.91000000e+01 0.00000000e+00 5.91000000e+01 5.99610359e+00 5.91000000e+01 -5.68976433e+00
 5.94000000e+01 0.00000000e+00 5.94000000e+01 6.00302489e+00 5.94000000e+01 -5.47951769e+00
 5.97000000e+01 0.00000000e+00 5.97000000e+01 5.80184002e+00 5.97000000e+01 -5.83895441e+00
