 0.00000000e+00 0.00000000e+00 0.00000000e+00 6.69740128e+00 0.00000000e+00 -4.87287499e+00
 3.00000000e-01 0.00000000e+00 3.00000000e-01 7.52355124e+00 3.00000000e-01 -4.21738307e+00
 6.00000000e-01 0.00000000e+00 6.00000000e-01 6.33767951e+00 6.00000000e-01 -4.74081810e+00
 9.00000000e-01 0.00000000e+00 9.00000000e-01 6.96061786e+00 9.00000000e-01 -4.70225732e+00
 1.20000000e+00 0.00000000e+00 1.20000000e+00 6.82700915e+00 1.20000000e+00 -5.16990269e+00
 1.50000000e+00 0.00000000e+00 1.50000000e+00 6.20536521e+00 1.50000000e+00 -4.23740091e+00
 1.80000000e+00 0.00000000e+00 1.80000000e+00 6.96197647e+00 1.80000000e+00 -4.15404176e+00
 2.10000000e+00 0.00000000e+00 2.10000000e+00 6.98785544e+00 2.10000000e+00 -5.07295741e+00
 2.40000000e+00 0.00000000e+00 2.40000000e+00 7.60890346e+00 2.40000000e+00 -4.72079834e+00
 2.70000000e+00 0.00000000e+00 2.70000000e+00 7.04728115e+00 2.70000000e+00 -4.60622842e+00
 3.00000000e+00 0.00000000e+00 3.00000000e+00 6.62545978e+00 3.00000000e+00 -4.54732774e+00
 3.30000000e+00 0.00000000e+00 3.30000000e+00 6.70836745e+00 3.30000000e+00 -5.28619394e+00
 3.60000000e+00 0.00000000e+00 3.60000000e+00 6.92269273e+00 3.60000000e+00 -4.54243098e+00
 3.90000000e+00 0.00000000e+00 3.90000000e+00 6.80907090e+00 3.90000000e+00 -4.53637447e+00
 4.20000000e+00 0.00000000e+00 4.20000000e+00 6.92117437e+00 4.20000000e+00 -4.35849327e+00
 4.50000000e+00 0.00000000e+00 4.50000000e+00 7.16136532e+00 4.50000000e+00 -4.35754910e+00
 4.80000000e+00 0.00000000e+00 4.80000000e+00 6.79636418e+00 4.80000000e+00 -4.95692686e+00
 5.10000000e+00 0.00000000e+00 5.10000000e+00 6.47051148e+00 5.10000000e+00 -4.40394781e+00
 5.40000000e+00 0.00000000e+00 5.40000000e+00 6.89704780e+00 5.40000000e+00 -5.01733434e+00
 5.70000000e+00 0.00000000e+00 5.70000000e+00 6.40463189e+00 5.70000000e+00 -4.94775533e+00
 6.00000000e+00 0.00000000e+00 6.00000000e+00 6.81743318e+00 6.00000000e+00 -5.16619307e+00
 6.30000000e+00 0.00000000e+00 6.30000000e+00 6.87841032e+00 6.30000000e+00 -4.39060820e+00
 6.60000000e+00 0.00000000e+00 6.60000000e+00 6.59923831e+00 6.60000000e+00 -5.06709042e+00
 6.90000000e+00 0.00000000e+00 6.90000000e+00 7.16877104e+00 6.90000000e+00 -4.59888839e+00
 7.20000000e+00 0.00000000e+00 7.20000000e+00 7.18434748e+00 7.20000000e+00 -4.88491198e+00
 7.50000000e+00 0.00000000e+00 7.50000000e+00 6.74390443e+00 7.50000000e+00 -4.39694115e+00
 7.80000000e+00 0.00000000e+00 7.80000000e+00 7.48231527e+00 7.80000000e+00 -4.39172764e+00
 8.10000000e+00 0.00000000e+00 8.10000000e+00 7.05913836e+00 8.10000000e+00 -4.55422972e+00
 8.40000000e+00 0.00000000e+00 8.40000000e+00 6.55290746e+00 8.40000000e+00 -5.07168605e+00
 8.70000000e+00 0.00000000e+00 8.70000000e+00 7.20734267e+00 8.70000000e+00 -4.85100152e+00
 9.00000000e+00 0.00000000e+00 9.00000000e+00 6.76571366e+00 9.00000000e+00 -4.95198260e+00
 9.30000000e+00 0.00000000e+00 9.30000000e+00 7.03216032e+00 9.30000000e+00 -4.18503673e+00
 9.60000000e+00 0.00000000e+00 9.60000000e+00 7.29943048e+00 9.60000000e+00 -5.01919363e+00
 9.90000000e+00 0.00000000e+00 9.90000000e+00 6.98033613e+00 9.90000000e+00 -4.08459564e+00
 1.02000000e+01 0.00000000e+00 1.02000000e+01 7.08411187e+00 1.02000000e+01 -5.02601495e+00
 1.05000000e+01 0.00000000e+00 1.05000000e+01 6.70929308e+00 1.05000000e+01 -4.63691259e+00
 1.08000000e+01 0.00000000e+00 1.08000000e+01 6.87893811e+00 1.08000000e+01 -5.13478209e+00
 1.11000000e+01 0.00000000e+00 1.11000000e+01 6.75324610e+00 1.11000000e+01 -5.00134811e+00
 1.14000000e+01 0.00000000e+00 1.14000000e+01 7.07782479e+00 1.14000000e+01 -4.86421152e+00
 1.17000000e+01 0.00000000e+00 1.17000000e+01 7.01743720e+00 1.17000000e+01 -5.03015646e+00
 1.20000000e+01 0.00000000e+00 1.20000000e+01 6.45478402e+00 1.20000000e+01 -4.49495634e+00
 1.23000000e+01 0.00000000e+00 1.23000000e+01 6.70123300e+00 1.23000000e+01 -4.48288013e+00
 1.26000000e+01 0.00000000e+00 1.26000000e+01 6.51716229e+00 1.26000000e+01 -4.75632885e+00
 1.29000000e+01 0.00000000e+00 1.29000000e+01 6.66000329e+00 1.29000000e+01 -4.73310354e+00
 1.32000000e+01 0.00000000e+00 1.32000000e+01 7.01532460e+00 1.32000000e+01 -4.95797145e+00
 1.35000000e+01 0.00000000e+00 1.35000000e+01 7.43017174e+00 1.35000000e+01 -4.50656590e+00
 1.38000000e+01 0.00000000e+00 1.38000000e+01 7.15029079e+00 1.38000000e+01 -4.38009285e+00
 1.41000000e+01 0.00000000e+00 1.41000000e+01 7.04631694e+00 1.41000000e+01 -4.98201497e+00
 1.44000000e+01 0.00000000e+00 1.44000000e+01 6.68676215e+00 1.44000000e+01 -4.74145351e+00
 1.47000000e+01 0.00000000e+00 1.47000000e+01 6.75399660e+00 1.47000000e+01 -5.01887514e+00
 1.50000000e+01 0.00000000e+00 1.50000000e+01 6.96553572e+00 1.50000000e+01 -5.05721101e+00
 1.53000000e+01 0.00000000e+00 1.53000000e+01 2.36261790e+00 1.53000000e+01 -5.00018340e+00
 1.56000000e+01 0.00000000e+00 1.56000000e+01 2.30087079e+00 1.56000000e+01 -4.77465102e+00
 1.59000000e+01 0.00000000e+00 1.59000000e+01 2.68747739e+00 1.59000000e+01 -4.55977162e+00
 1.62000000e+01 0.00000000e+00 1.62000000e+01 2.46200712e+00 1.62000000e+01 -4.15961696e+00
 1.65000000e+01 0.00000000e+00 1.65000000e+01 2.56278466e+00 1.65000000e+01 -4.77658542e+00
 1.68000000e+01 0.00000000e+00 1.68000000e+01 1.83351819e+00 1.68000000e+01 -4.15353253e+00
 1.71000000e+01 0.00000000e+00 1.71000000e+01 2.11156477e+00 1.71000000e+01 -3.98513394e+00
 1.74000000e+01 0.00000000e+00 1.74000000e+01 2.66338418e+00 1.74000000e+01 -4.56558148e+00
 1.77000000e+01 0.00000000e+00 1.77000000e+01 2.30160088e+00 1.77000000e+01 -4.32218994e+00
 1.80000000e+01 0.00000000e+00 1.80000000e+01 1.96353721e+00 1.80000000e+01 -5.20432849e+00
 1.83000000e+01 0.00000000e+00 1.83000000e+01 2.35134308e+00 1.83000000e+01 -5.15154168e+00
 1.86000000e+01 0.00000000e+00 1.86000000e+01 2.74539741e+00 1.86000000e+01 -4.61951588e+00
 1.89000000e+01 0.00000000e+00 1.89000000e+01 2.05858327e+00 1.89000000e+01 -4.24344204e+00
 1.92000000e+01 0.00000000e+00 1.92000000e+01 2.45342594e+00 1.92000000e+01 -4.69692719e+00
 1.95000000e+01 0.00000000e+00 1.95000000e+01 2.05071066e+00 1.95000000e+01 -4.29400297e+00
 1.98000000e+01 0.00000000e+00 1.98000000e+01 2.45892642e+00 1.98000000e+01 -4.72318374e+00
 2.01000000e+01 0.00000000e+00 2.01000000e+01 2.29364167e+00 2.01000000e+01 -4.35243489e+00
 2.04000000e+01 0.00000000e+00 2.04000000e+01 2.85643830e+00 2.04000000e+01 -4.76687621e+00
 2.07000000e+01 0.00000000e+00 2.07000000e+01 2.61011747e+00 2.07000000e+01 -4.39881980e+00
 2.10000000e+01 0.00000000e+00 2.10000000e+01 2.30125098e+00 2.10000000e+01 -4.74149113e+00
 2.13000000e+01 0.00000000e+00 2.13000000e+01 2.52739441e+00 2.13000000e+01 -4.80954571e+00
 2.16000000e+01 0.00000000e+00 2.16000000e+01 1.68034365e+00 2.16000000e+01 -4.73027104e+00
 2.19000000e+01 0.00000000e+00 2.19000000e+01 2.36430436e+00 2.19000000e+01 -4.20084251e+00
 2.22000000e+01 0.00000000e+00 2.22000000e+01 2.04081250e+00 2.22000000e+01 -4.04898963e+00
 2.25000000e+01 0.00000000e+00 2.25000000e+01 2.03758634e+00 2.25000000e+01 -5.38627809e+00
 2.28000000e+01 0.00000000e+00 2.28000000e+01 2.13159262e+00 2.28000000e+01 -4.22722591e+00
 2.31000000e+01 0.00000000e+00 2.31000000e+01 2.50334513e+00 2.31000000e+01 -4.32894684e+00
 2.34000000e+01 0.00000000e+00 2.34000000e+01 2.55085690e+00 2.34000000e+01 -4.70049077e+00
 2.37000000e+01 0.00000000e+00 2.37000000e+01 2.45108243e+00 2.37000000e+01 -4.80310059e+00
 2.40000000e+01 0.00000000e+00 2.40000000e+01 1.53017570e+00 2.40000000e+01 -4.86845829e+00
 2.43000000e+01 0.00000000e+00 2.43000000e+01 2.28911081e+00 2.43000000e+01 -3.98977762e+00
 2.46000000e+01 0.00000000e+00 2.46000000e+01 2.19395269e+00 2.46000000e+01 -4.32540243e+00
 2.49000000e+01 0.00000000e+00 2.49000000e+01 2.68053204e+00 2.49000000e+01 -4.65696276e+00
 2.52000000e+01 0.00000000e+00 2.52000000e+01 2.51212144e+00 2.52000000e+01 -5.29856491e+00
 2.55000000e+01 0.00000000e+00 2.55000000e+01 1.91388789e+00 2.55000000e+01 -4.66664588e+00
 2.58000000e+01 0.00000000e+00 2.58000000e+01 1.38387254e+00 2.58000000e+01 -5.13724049e+00
 2.61000000e+01 0.00000000e+00 2.61000000e+01 1.73661174e+00 2.61000000e+01 -4.86536728e+00
 2.64000000e+01 0.00000000e+00 2.64000000e+01 2.49437227e+00 2.64000000e+01 -5.12049805e+00
 2.67000000e+01 0.00000000e+00 2.67000000e+01 1.83281708e+00 2.67000000e+01 -5.01745510e+00
 2.70000000e+01 0.00000000e+00 2.70000000e+01 2.11780521e+00 2.70000000e+01 -4.69177498e+00
 2.73000000e+01 0.00000000e+00 2.73000000e+01 2.04601373e+00 2.73000000e+01 -4.91171088e+00
 2.76000000e+01 0.00000000e+00 2.76000000e+01 2.36406200e+00 2.76000000e+01 -5.22814357e+00
 2.79000000e+01 0.00000000e+00 2.79000000e+01 3.08764350e+00 2.79000000e+01 -4.74077108e+00
 2.82000000e+01 0.00000000e+00 2.82000000e+01 1.17458166e+00 2.82000000e+01 -4.97580601e+00
 2.85000000e+01 0.00000000e+00 2.85000000e+01 1.52979482e+00 2.85000000e+01 -4.81739882e+00
 2.88000000e+01 0.00000000e+00 2.88000000e+01 1.91546655e+00 2.88000000e+01 -5.11756897e+00
 2.91000000e+01 0.00000000e+00 2.91000000e+01 1.72216327e+00 2.91000000e+01 -5.85306933e+00
 2.94000000e+01 0.00000000e+00 2.94000000e+01 1.40163526e+00 2.94000000e+01 -4.88751651e+00
 2.97000000e+01 0.00000000e+00 2.97000000e+01 2.41978398e+00 2.97000000e+01 -5.09792278e+00
 3.00000000e+01 0.00000000e+00 3.00000000e+01 2.22047849e+00 3.00000000e+01 -5.11346449e+00
 3.03000000e+01 0.00000000e+00 3.03000000e+01 2.19360217e+00 3.03000000e+01 -5.04602562e+00
 3.06000000e+01 0.00000000e+00 3.06000000e+01 1.54013576e+00 3.06000000e+01 -5.05298111e+00
 3.09000000e+01 0.00000000e+00 3.09000000e+01 2.41180668e+00 3.09000000e+01 -4.96246055e+00
 3.12000000e+01 0.00000000e+00 3.12000000e+01 2.08722065e+00 3.12000000e+01 -4.96021772e+00
 3.15000000e+01 0.00000000e+00 3.15000000e+01 1.90062298e+00 3.15000000e+01 -5.44595025e+00
 3.18000000e+01 0.00000000e+00 3.18000000e+01 1.51469346e+00 3.18000000e+01 -4.92031317e+00
 3.21000000e+01 0.00000000e+00 3.21000000e+01 1.41514358e+00 3.21000000e+01 -4.59952533e+00
 3.24000000e+01 0.00000000e+00 3.24000000e+01 2.38755619e+00 3.24000000e+01 -4.97432053e+00
 3.27000000e+01 0.00000000e+00 3.27000000e+01 2.04348078e+00 3.27000000e+01 -4.75777314e+00
 3.30000000e+01 0.00000000e+00 3.30000000e+01 1.50190373e+00 3.30000000e+01 -4.72340896e+00
 3.33000000e+01 0.00000000e+00 3.33000000e+01 1.99544973e+00 3.33000000e+01 -4.87665761e+00
 3.36000000e+01 0.00000000e+00 3.36000000e+01 1.99601299e+00 3.36000000e+01 -5.52686342e+00
 3.39000000e+01 0.00000000e+00 3.39000000e+01 1.96801998e+00 3.39000000e+01 -4.55504668e+00
 3.42000000e+01 0.00000000e+00 3.42000000e+01 1.67588961e+00 3.42000000e+01 -4.32622534e+00
 3.45000000e+01 0.00000000e+00 3.45000000e+01 1.39614049e+00 3.45000000e+01 -4.95672451e+00
 3.48000000e+01 0.00000000e+00 3.48000000e+01 1.34702263e+00 3.48000000e+01 -4.97439079e+00
 3.51000000e+01 0.00000000e+00 3.51000000e+01 5.69198154e+00 3.51000000e+01 -2.94219248e+00
 3.54000000e+01 0.00000000e+00 3.54000000e+01 5.47281138e+00 3.54000000e+01 -3.91010441e+00
 3.57000000e+01 0.00000000e+00 3.57000000e+01 5.38846013e+00 3.57000000e+01 -2.81619078e+00
 3.60000000e+01 0.00000000e+00 3.60000000e+01 4.76409150e+00 3.60000000e+01 -2.20506214e+00
 3.63000000e+01 0.00000000e+00 3.63000000e+01 5.18574916e+00 3.63000000e+01 -2.75440450e+00
 3.66000000e+01 0.00000000e+00 3.66000000e+01 5.05673474e+00 3.66000000e+01 -2.78082948e+00
 3.69000000e+01 0.00000000e+00 3.69000000e+01 4.82824517e+00 3.69000000e+01 -2.85221892e+00
 3.72000000e+01 0.00000000e+00 3.72000000e+01 5.80161789e+00 3.72000000e+01 -2.48265547e+00
 3.75000000e+01 0.00000000e+00 3.75000000e+01 5.44873406e+00 3.75000000e+01 -3.56735968e+00
 3.78000000e+01 0.00000000e+00 3.78000000e+01 5.37392797e+00 3.78000000e+01 -2.71808520e+00
 3.81000000e+01 0.00000000e+00 3.81000000e+01 5.30876291e+00 3.81000000e+01 -2.64335364e+00
 3.84000000e+01 0.00000000e+00 3.84000000e+01 5.39323623e+00 3.84000000e+01 -2.82171715e+00
 3.87000000e+01 0.00000000e+00 3.87000000e+01 5.40048616e+00 3.87000000e+01 -3.03454146e+00
 3.90000000e+01 0.00000000e+00 3.90000000e+01 4.92038239e+00 3.90000000e+01 -2.82679524e+00
 3.93000000e+01 0.00000000e+00 3.93000000e+01 5.30016611e+00 3.93000000e+01 -3.58385035e+00
 3.96000000e+01 0.00000000e+00 3.96000000e+01 5.10278844e+00 3.96000000e+01 -2.65967244e+00
 3.99000000e+01 0.00000000e+00 3.99000000e+01 5.18675024e+00 3.99000000e+01 -2.32522132e+00
 4.02000000e+01 0.00000000e+00 4.02000000e+01 4.93367649e+00 4.02000000e+01 -4.12461868e+00
 4.05000000e+01 0.00000000e+00 4.05000000e+01 4.69481710e+00 4.05000000e+01 -4.07221612e+00
 4.08000000e+01 0.00000000e+00 4.08000000e+01 5.04233927e+00 4.08000000e+01 -3.23882649e+00
 4.11000000e+01 0.00000000e+00 4.11000000e+01 4.78686922e+00 4.11000000e+01 -4.09929481e+00
 4.14000000e+01 0.00000000e+00 4.14000000e+01 5.15462389e+00 4.14000000e+01 -4.65510944e+00
 4.17000000e+01 0.00000000e+00 4.17000000e+01 4.98652873e+00 4.17000000e+01 -3.86748657e+00
 4.20000000e+01 0.00000000e+00 4.20000000e+01 4.59464937e+00 4.20000000e+01 -3.56410193e+00
 4.23000000e+01 0.00000000e+00 4.23000000e+01 4.18640738e+00 4.23000000e+01 -3.64597334e+00
 4.26000000e+01 0.00000000e+00 4.26000000e+01 5.23458647e+00 4.26000000e+01 -3.74259331e+00
 4.29000000e+01 0.00000000e+00 4.29000000e+01 4.64294439e+00 4.29000000e+01 -4.16370258e+00
 4.32000000e+01 0.00000000e+00 4.32000000e+01 4.59992924e+00 4.32000000e+01 -3.58872208e+00
 4.35000000e+01 0.00000000e+00 4.35000000e+01 4.72269778e+00 4.35000000e+01 -4.70896886e+00
 4.38000000e+01 0.00000000e+00 4.38000000e+01 4.26061723e+00 4.38000000e+01 -3.67753604e+00
 4.41000000e+01 0.00000000e+00 4.41000000e+01 5.15879330e+00 4.41000000e+01 -3.62172556e+00
 4.44000000e+01 0.00000000e+00 4.44000000e+01 5.13593056e+00 4.44000000e+01 -3.93615610e+00
 4.47000000e+01 0.00000000e+00 4.47000000e+01 4.97392757e+00 4.47000000e+01 -4.01665728e+00
 4.50000000e+01 0.00000000e+00 4.50000000e+01 4.94944309e+00 4.50000000e+01 -3.63335754e+00
 4.53000000e+01 0.00000000e+00 4.53000000e+01 4.58707367e+00 4.53000000e+01 -4.07234561e+00
 4.56000000e+01 0.00000000e+00 4.56000000e+01 4.61742203e+00 4.56000000e+01 -4.40664698e+00
 4.59000000e+01 0.00000000e+00 4.59000000e+01 5.20879141e+00 4.59000000e+01 -3.94032547e+00
 4.62000000e+01 0.00000000e+00 4.62000000e+01 4.52856566e+00 4.62000000e+01 -3.75985521e+00
 4.65000000e+01 0.00000000e+00 4.65000000e+01 4.23448867e+00 4.65000000e+01 -3.85357882e+00
 4.68000000e+01 0.00000000e+00 4.68000000e+01 4.75028224e+00 4.68000000e+01 -3.40225692e+00
 4.71000000e+01 0.00000000e+00 4.71000000e+01 4.93164101e+00 4.71000000e+01 -4.17450986e+00
 4.74000000e+01 0.00000000e+00 4.74000000e+01 5.46095004e+00 4.74000000e+01 -4.01557650e+00
 4.77000000e+01 0.00000000e+00 4.77000000e+01 4.74646493e+00 4.77000000e+01 -3.86351674e+00
 4.80000000e+01 0.00000000e+00 4.80000000e+01 4.76139823e+00 4.80000000e+01 -3.55439202e+00
 4.83000000e+01 0.00000000e+00 4.83000000e+01 4.86163102e+00 4.83000000e+01 -4.52510251e+00
 4.86000000e+01 0.00000000e+00 4.86000000e+01 5.02442493e+00 4.86000000e+01 -3.89682805e+00
 4.89000000e+01 0.00000000e+00 4.89000000e+01 4.87717981e+00 4.89000000e+01 -4.04209927e+00
 4.92000000e+01 0.00000000e+00 4.92000000e+01 4.52509052e+00 4.92000000e+01 -3.73691380e+00
 4.95000000e+01 0.00000000e+00 4.95000000e+01 4.80566937e+00 4.95000000e+01 -3.54506393e+00
 4.98000000e+01 0.00000000e+00 4.98000000e+01 5.07224308e+00 4.98000000e+01 -4.25156883e+00
 5.01000000e+01 0.00000000e+00 5.01000000e+01 4.23106860e+00 5.01000000e+01 -2.98219680e+00
 5.04000000e+01 0.00000000e+00 5.04000000e+01 4.01601416e+00 5.04000000e+01 -2.64380708e+00
 5.07000000e+01 0.00000000e+00 5.07000000e+01 4.52666413e+00 5.07000000e+01 -3.38897247e+00
 5.10000000e+01 0.00000000e+00 5.10000000e+01 3.69189327e+00 5.10000000e+01 -3.04899701e+00
 5.13000000e+01 0.00000000e+00 5.13000000e+01 4.50554129e+00 5.13000000e+01 -3.10922186e+00
 5.16000000e+01 0.00000000e+00 5.16000000e+01 4.09679565e+00 5.16000000e+01 -3.18256825e+00
 5.19000000e+01 0.00000000e+00 5.19000000e+01 4.40569422e+00 5.19000000e+01 -2.61382098e+00
 5.22000000e+01 0.00000000e+00 5.22000000e+01 4.69789571e+00 5.22000000e+01 -3.06413204e+00
 5.25000000e+01 0.00000000e+00 5.25000000e+01 4.35414019e+00 5.25000000e+01 -2.50321833e+00
 5.28000000e+01 0.00000000e+00 5.28000000e+01 2.99720465e+00 5.28000000e+01 -3.05079216e+00
 5.31000000e+01 0.00000000e+00 5.31000000e+01 3.84420726e+00 5.31000000e+01 -3.15792458e+00
 5.34000000e+01 0.00000000e+00 5.34000000e+01 4.52252280e+00 5.34000000e+01 -3.13185089e+00
 5.37000000e+01 0.00000000e+00 5.37000000e+01 4.49856013e+00 5.37000000e+01 -3.36721904e+00
 5.40000000e+01 0.00000000e+00 5.40000000e+01 4.26139305e+00 5.40000000e+01 -2.79208978e+00
 5.43000000e+01 0.00000000e+00 5.43000000e+01 3.56089253e+00 5.43000000e+01 -2.60455505e+00
 5.46000000e+01 0.00000000e+00 5.46000000e+01 4.06935588e+00 5.46000000e+01 -3.34991981e+00
 5.49000000e+01 0.00000000e+00 5.49000000e+01 3.90454461e+00 5.49000000e+01 -2.93564599e+00
 5.52000000e+01 0.00000000e+00 5.52000000e+01 6.98424725e+00 5.52000000e+01 -4.56509415e+00
 5.55000000e+01 0.00000000e+00 5.55000000e+01 6.70057334e+00 5.55000000e+01 -4.93320922e+00
 5.58000000e+01 0.00000000e+00 5.58000000e+01 6.61277663e+00 5.58000000e+01 -4.44560332e+00
 5.61000000e+01 0.00000000e+00 5.61000000e+01 7.23455537e+00 5.61000000e+01 -4.80339807e+00
 5.64000000e+01 0.00000000e+00 5.64000000e+01 7.20547205e+00 5.64000000e+01 -4.90590125e+00
 5.67000000e+01 0.00000000e+00 5.67000000e+01 6.35910945e+00 5.67000000e+01 -4.56206447e+00
 5.70000000e+01 0.00000000e+00 5.70000000e+01 7.48689661e+00 5.70000000e+01 -4.26369719e+00
 5.73000000e+01 0.00000000e+00 5.73000000e+01 6.59274787e+00 5.73000000e+01 -4.72573047e+00
 5.76000000e+01 0.00000000e+00 5.76000000e+01 6.65214984e+00 5.76000000e+01 -4.97246541e+00
 5.79000000e+01 0.00000000e+00 5.79000000e+01 7.29361098e+00 5.79000000e+01 -4.54193070e+00
 5.82000000e+01 0.00000000e+00 5.82000000e+01 7.28631999e+00 5.82000000e+01 -4.04138183e+00
 5.85000000e+01 0.00000000e+00 5.85000000e+01 6.80652363e+00 5.85000000e+01 -4.72829925e+00
 5.88000000e+01 0.00000000e+00 5.88000000e+01 7.03984052e+00 5.88000000e+01 -4.31776978e+00
 5.91000000e+01 0.00000000e+00 5.91000000e+01 6.29882630e+00 5.91000000e+01 -5.20982233e+00
 5.94000000e+01 0.00000000e+00 5.94000000e+01 7.01824219e+00 5.94000000e+01 -4.91678734e+00
 5.97000000e+01 0.00000000e+00 5.97000000e+01 7.03829261e+00 5.97000000e+01 -5.15749420e+00
