 0.00000000e+00 0.00000000e+00 0.00000000e+00 6.95621950e+00 0.00000000e+00 -4.41419948e+00
 3.00000000e-01 0.00000000e+00 3.00000000e-01 7.07377134e+00 3.00000000e-01 -4.03215994e+00
 6.00000000e-01 0.00000000e+00 6.00000000e-01 6.60371342e+00 6.00000000e-01 -5.04820925e+00
 9.00000000e-01 0.00000000e+00 9.00000000e-01 7.26992473e+00 9.00000000e-01 -4.72031600e+00
 1.20000000e+00 0.00000000e+00 1.20000000e+00 6.99951869e+00 1.20000000e+00 -4.88241506e+00
 1.50000000e+00 0.00000000e+00 1.50000000e+00 6.80115286e+00 1.50000000e+00 -4.67421276e+00
 1.80000000e+00 0.00000000e+00 1.80000000e+00 7.07767111e+00 1.80000000e+00 -4.79205851e+00
 2.10000000e+00 0.00000000e+00 2.10000000e+00 6.94063063e+00 2.10000000e+00 -4.93282620e+00
 2.40000000e+00 0.00000000e+00 2.40000000e+00 6.94490161e+00 2.40000000e+00 -4.54375705e+00
 2.70000000e+00 0.00000000e+00 2.70000000e+00 6.72209940e+00 2.70000000e+00 -4.80061226e+00
 3.00000000e+00 0.00000000e+00 3.00000000e+00 6.74242957e+00 3.00000000e+00 -4.51918113e+00
 3.30000000e+00 0.00000000e+00 3.30000000e+00 6.80244185e+00 3.30000000e+00 -5.62864662e+00
 3.60000000e+00 0.00000000e+00 3.60000000e+00 7.13526915e+00 3.60000000e+00 -4.82359861e+00
 3.90000000e+00 0.00000000e+00 3.90000000e+00 7.03700867e+00 3.90000000e+00 -4.55544718e+00
 4.20000000e+00 0.00000000e+00 4.20000000e+00 6.87784783e+00 4.20000000e+00 -4.89066677e+00
 4.50000000e+00 0.00000000e+00 4.50000000e+00 7.24016108e+00 4.50000000e+00 -4.70374928e+00
 4.80000000e+00 0.00000000e+00 4.80000000e+00 6.89379398e+00 4.80000000e+00 -5.30122796e+00
 5.10000000e+00 0.00000000e+00 5.10000000e+00 6.65502963e+00 5.10000000e+00 -4.29061930e+00
 5.40000000e+00 0.00000000e+00 5.40000000e+00 6.42353853e+00 5.40000000e+00 -4.79568163e+00
 5.70000000e+00 0.00000000e+00 5.70000000e+00 6.50440096e+00 5.70000000e+00 -4.53578340e+00
 6.00000000e+00 0.00000000e+00 6.00000000e+00 6.78896482e+00 6.00000000e+00 -4.89493531e+00
 6.30000000e+00 0.00000000e+00 6.30000000e+00 6.98878775e+00 6.30000000e+00 -4.57568420e+00
 6.60000000e+00 0.00000000e+00 6.60000000e+00 6.76126699e+00 6.60000000e+00 -4.64012544e+00
 6.90000000e+00 0.00000000e+00 6.90000000e+00 7.37003064e+00 6.90000000e+00 -5.02211171e+00
 7.20000000e+00 0.00000000e+00 7.20000000e+00 6.98420080e+00 7.20000000e+00 -4.51629911e+00
 7.50000000e+00 0.00000000e+00 7.50000000e+00 7.12659448e+00 7.50000000e+00 -4.27656279e+00
 7.80000000e+00 0.00000000e+00 7.80000000e+00 7.53011406e+00 7.80000000e+00 -5.22228636e+00
 8.10000000e+00 0.00000000e+00 8.10000000e+00 6.69063014e+00 8.10000000e+00 -4.69912754e+00
 8.40000000e+00 0.00000000e+00 8.40000000e+00 7.10166405e+00 8.40000000e+00 -4.28979789e+00
 8.70000000e+00 0.00000000e+00 8.70000000e+00 6.86341479e+00 8.70000000e+00 -4.43512725e+00
 9.00000000e+00 0.00000000e+00 9.00000000e+00 6.85377279e+00 9.00000000e+00 -4.60177183e+00
 9.30000000e+00 0.00000000e+00 9.30000000e+00 7.57799286e+00 9.30000000e+00 -4.70064100e+00
 9.60000000e+00 0.00000000e+00 9.60000000e+00 6.44914560e+00 9.60000000e+00 -5.14196555e+00
 9.90000000e+00 0.00000000e+00 9.90000000e+00 6.66897576e+00 9.90000000e+00 -4.32977424e+00
 1.02000000e+01 0.00000000e+00 1.02000000e+01 6.71330473e+00 1.02000000e+01 -4.84727487e+00
 1.05000000e+01 0.00000000e+00 1.05000000e+01 7.34092025e+00 1.05000000e+01 -4.58386777e+00
 1.08000000e+01 0.00000000e+00 1.08000000e+01 7.38580516e+00 1.08000000e+01 -4.63812569e+00
 1.11000000e+01 0.00000000e+00 1.11000000e+01 7.27656826e+00 1.11000000e+01 -3.89657841e+00
 1.14000000e+01 0.00000000e+00 1.14000000e+01 6.17899720e+00 1.14000000e+01 -4.74468441e+00
 1.17000000e+01 0.00000000e+00 1.17000000e+01 6.86170371e+00 1.17000000e+01 -4.50095636e+00
 1.20000000e+01 0.00000000e+00 1.20000000e+01 7.28246485e+00 1.20000000e+01 -4.80729066e+00
 1.23000000e+01 0.00000000e+00 1.23000000e+01 7.17703050e+00 1.23000000e+01 -5.27007443e+00
 1.26000000e+01 0.00000000e+00 1.26000000e+01 7.22316956e+00 1.26000000e+01 -4.55584249e+00
 1.29000000e+01 0.00000000e+00 1.29000000e+01 6.74070527e+00 1.29000000e+01 -5.25182252e+00
 1.32000000e+01 0.00000000e+00 1.32000000e+01 7.49709035e+00 1.32000000e+01 -4.74038158e+00
 1.35000000e+01 0.00000000e+00 1.35000000e+01 7.24006817e+00 1.35000000e+01 -4.66218445e+00
 1.38000000e+01 0.00000000e+00 1.38000000e+01 6.88737400e+00 1.38000000e+01 -4.75305578e+00
 1.41000000e+01 0.00000000e+00 1.41000000e+01 6.60801103e+00 1.41000000e+01 -4.38482443e+00
 1.44000000e+01 0.00000000e+00 1.44000000e+01 6.99972071e+00 1.44000000e+01 -4.85357052e+00
 1.47000000e+01 0.00000000e+00 1.47000000e+01 6.77696261e+00 1.47000000e+01 -5.16982939e+00
 1.50000000e+01 0.00000000e+00 1.50000000e+01 6.41620458e+00 1.50000000e+01 -3.99084531e+00
 1.53000000e+01 0.00000000e+00 1.53000000e+01 1.90088797e+00 1.53000000e+01 -4.93126372e+00
 1.56000000e+01 0.00000000e+00 1.56000000e+01 1.88655558e+00 1.56000000e+01 -4.39267107e+00
 1.59000000e+01 0.00000000e+00 1.59000000e+01 1.61307324e+00 1.59000000e+01 -5.16055022e+00
 1.62000000e+01 0.00000000e+00 1.62000000e+01 1.86143289e+00 1.62000000e+01 -4.81054470e+00
 1.65000000e+01 0.00000000e+00 1.65000000e+01 1.61931441e+00 1.65000000e+01 -4.53349814e+00
 1.68000000e+01 0.00000000e+00 1.68000000e+01 2.23476439e+00 1.68000000e+01 -4.29530755e+00
 1.71000000e+01 0.00000000e+00 1.71000000e+01 1.93551875e+00 1.71000000e+01 -4.39805470e+00
 1.74000000e+01 0.00000000e+00 1.74000000e+01 1.82632739e+00 1.74000000e+01 -4.48203860e+00
 1.77000000e+01 0.00000000e+00 1.77000000e+01 2.58044586e+00 1.77000000e+01 -4.71391815e+00
 1.80000000e+01 0.00000000e+00 1.80000000e+01 2.48738359e+00 1.80000000e+01 -4.92750860e+00
 1.83000000e+01 0.00000000e+00 1.83000000e+01 1.68354854e+00 1.83000000e+01 -4.49655861e+00
 1.86000000e+01 0.00000000e+00 1.86000000e+01 2.32032478e+00 1.86000000e+01 -3.88924519e+00
 1.89000000e+01 0.00000000e+00 1.89000000e+01 1.93075783e+00 1.89000000e+01 -4.69224299e+00
 1.92000000e+01 0.00000000e+00 1.92000000e+01 1.66119199e+00 1.92000000e+01 -4.87522757e+00
 1.95000000e+01 0.00000000e+00 1.95000000e+01 1.76957749e+00 1.95000000e+01 -4.57887355e+00
 1.98000000e+01 0.00000000e+00 1.98000000e+01 1.87013338e+00 1.98000000e+01 -5.21143727e+00
 2.01000000e+01 0.00000000e+00 2.01000000e+01 1.79094342e+00 2.01000000e+01 -4.80804600e+00
 2.04000000e+01 0.00000000e+00 2.04000000e+01 1.75142716e+00 2.04000000e+01 -4.95979967e+00
 2.07000000e+01 0.00000000e+00 2.07000000e+01 1.62606758e+00 2.07000000e+01 -4.44581928e+00
 2.10000000e+01 0.00000000e+00 2.10000000e+01 1.83218738e+00 2.10000000e+01 -4.67199955e+00
 2.13000000e+01 0.00000000e+00 2.13000000e+01 1.62161820e+00 2.13000000e+01 -4.93272210e+00
 2.16000000e+01 0.00000000e+00 2.16000000e+01 2.28253144e+00 2.16000000e+01 -4.20826542e+00
 2.19000000e+01 0.00000000e+00 2.19000000e+01 1.47296875e+00 2.19000000e+01 -5.09561259e+00
 2.22000000e+01 0.00000000e+00 2.22000000e+01 1.82260755e+00 2.22000000e+01 -3.86492314e+00
 2.25000000e+01 0.00000000e+00 2.25000000e+01 2.12887569e+00 2.25000000e+01 -4.50675291e+00
 2.28000000e+01 0.00000000e+00 2.28000000e+01 2.03712968e+00 2.28000000e+01 -5.04667384e+00
 2.31000000e+01 0.00000000e+00 2.31000000e+01 2.08180584e+00 2.31000000e+01 -4.65396017e+00
 2.34000000e+01 0.00000000e+00 2.34000000e+01 2.25358721e+00 2.34000000e+01 -4.55719059e+00
 2.37000000e+01 0.00000000e+00 2.37000000e+01 1.76659602e+00 2.37000000e+01 -4.42268806e+00
 2.40000000e+01 0.00000000e+00 2.40000000e+01 1.39863690e+00 2.40000000e+01 -4.53661851e+00
 2.43000000e+01 0.00000000e+00 2.43000000e+01 1.89211590e+00 2.43000000e+01 -4.93401491e+00
 2.46000000e+01 0.00000000e+00 2.46000000e+01 1.93871712e+00 2.46000000e+01 -4.02764809e+00
 2.49000000e+01 0.00000000e+00 2.49000000e+01 1.72713683e+00 2.49000000e+01 -5.15132071e+00
 2.52000000e+01 0.00000000e+00 2.52000000e+01 1.56326838e+00 2.52000000e+01 -3.93661020e+00
 2.55000000e+01 0.00000000e+00 2.55000000e+01 2.23870012e+00 2.55000000e+01 -4.02722936e+00
 2.58000000e+01 0.00000000e+00 2.58000000e+01 1.98845265e+00 2.58000000e+01 -4.02817441e+00
 2.61000000e+01 0.00000000e+00 2.61000000e+01 1.62003535e+00 2.61000000e+01 -4.07784861e+00
 2.64000000e+01 0.00000000e+00 2.64000000e+01 1.46773216e+00 2.64000000e+01 -4.33266058e+00
 2.67000000e+01 0.00000000e+00 2.67000000e+01 2.39890836e+00 2.67000000e+01 -4.08042898e+00
 2.70000000e+01 0.00000000e+00 2.70000000e+01 1.37441353e+00 2.70000000e+01 -4.68993834e+00
 2.73000000e+01 0.00000000e+00 2.73000000e+01 1.81327892e+00 2.73000000e+01 -3.52375494e+00
 2.76000000e+01 0.00000000e+00 2.76000000e+01 1.69193438e+00 2.76000000e+01 -3.71240717e+00
 2.79000000e+01 0.00000000e+00 2.79000000e+01 1.67499973e+00 2.79000000e+01 -3.83325979e+00
 2.82000000e+01 0.00000000e+00 2.82000000e+01 1.56385078e+00 2.82000000e+01 -3.76872339e+00
 2.85000000e+01 0.00000000e+00 2.85000000e+01 1.71740506e+00 2.85000000e+01 -4.57846565e+00
 2.88000000e+01 0.00000000e+00 2.88000000e+01 1.84269451e+00 2.88000000e+01 -3.88474501e+00
 2.91000000e+01 0.00000000e+00 2.91000000e+01 2.28139217e+00 2.91000000e+01 -4.01126407e+00
 2.94000000e+01 0.00000000e+00 2.94000000e+01 2.05532062e+00 2.94000000e+01 -4.54967666e+00
 2.97000000e+01 0.00000000e+00 2.97000000e+01 2.50500844e+00 2.97000000e+01 -4.09297064e+00
 3.00000000e+01 0.00000000e+00 3.00000000e+01 1.31364424e+00 3.00000000e+01 -3.70798015e+00
 3.03000000e+01 0.00000000e+00 3.03000000e+01 9.12774542e-01 3.03000000e+01 -4.73271177e+00
 3.06000000e+01 0.00000000e+00 3.06000000e+01 1.75298259e+00 3.06000000e+01 -4.53028734e+00
 3.09000000e+01 0.00000000e+00 3.09000000e+01 1.72179600e+00 3.09000000e+01 -4.03017498e+00
 3.12000000e+01 0.00000000e+00 3.12000000e+01 1.47554885e+00 3.12000000e+01 -4.18537226e+00
 3.15000000e+01 0.00000000e+00 3.15000000e+01 1.68152303e+00 3.15000000e+01 -4.38838875e+00
 3.18000000e+01 0.00000000e+00 3.18000000e+01 1.75821113e+00 3.18000000e+01 -4.21508797e+00
 3.21000000e+01 0.00000000e+00 3.21000000e+01 1.79346214e+00 3.21000000e+01 -3.91508698e+00
 3.24000000e+01 0.00000000e+00 3.24000000e+01 1.44633631e+00 3.24000000e+01 -3.86172491e+00
 3.27000000e+01 0.00000000e+00 3.27000000e+01 1.95407383e+00 3.27000000e+01 -4.15121068e+00
 3.30000000e+01 0.00000000e+00 3.30000000e+01 1.89023983e+00 3.30000000e+01 -4.03270805e+00
 3.33000000e+01 0.00000000e+00 3.33000000e+01 1.49779589e+00 3.33000000e+01 -3.95997961e+00
 3.36000000e+01 0.00000000e+00 3.36000000e+01 2.15731022e+00 3.36000000e+01 -3.71565565e+00
 3.39000000e+01 0.00000000e+00 3.39000000e+01 1.87508398e+00 3.39000000e+01 -3.39152473e+00
 3.42000000e+01 0.00000000e+00 3.42000000e+01 2.03741497e+00 3.42000000e+01 -4.38966608e+00
 3.45000000e+01 0.00000000e+00 3.45000000e+01 1.22584019e+00 3.45000000e+01 -3.92858590e+00
 3.48000000e+01 0.00000000e+00 3.48000000e+01 1.51158898e+00 3.48000000e+01 -3.98314199e+00
 3.51000000e+01 0.00000000e+00 3.51000000e+01 6.79004023e+00 3.51000000e+01 -2.76222452e+00
 3.54000000e+01 0.00000000e+00 3.54000000e+01 6.80290261e+00 3.54000000e+01 -2.42019535e+00
 3.57000000e+01 0.00000000e+00 3.57000000e+01 5.77444074e+00 3.57000000e+01 -2.40819859e+00
 3.60000000e+01 0.00000000e+00 3.60000000e+01 5.32543325e+00 3.60000000e+01 -2.98010757e+00
 3.63000000e+01 0.00000000e+00 3.63000000e+01 5.56405104e+00 3.63000000e+01 -2.40526235e+00
 3.66000000e+01 0.00000000e+00 3.66000000e+01 6.70767515e+00 3.66000000e+01 -2.18233395e+00
 3.69000000e+01 0.00000000e+00 3.69000000e+01 6.01349246e+00 3.69000000e+01 -2.77896275e+00
 3.72000000e+01 0.00000000e+00 3.72000000e+01 5.89842822e+00 3.72000000e+01 -1.97020622e+00
 3.75000000e+01 0.00000000e+00 3.75000000e+01 5.87357228e+00 3.75000000e+01 -1.73657378e+00
 3.78000000e+01 0.00000000e+00 3.78000000e+01 5.32965129e+00 3.78000000e+01 -3.53429790e+00
 3.81000000e+01 0.00000000e+00 3.81000000e+01 6.44692757e+00 3.81000000e+01 -2.90063380e+00
 3.84000000e+01 0.00000000e+00 3.84000000e+01 6.11046948e+00 3.84000000e+01 -2.96148148e+00
 3.87000000e+01 0.00000000e+00 3.87000000e+01 6.31448644e+00 3.87000000e+01 -2.78498111e+00
 3.90000000e+01 0.00000000e+00 3.90000000e+01 6.50329073e+00 3.90000000e+01 -2.57496441e+00
 3.93000000e+01 0.00000000e+00 3.93000000e+01 5.60959796e+00 3.93000000e+01 -2.65529167e+00
 3.96000000e+01 0.00000000e+00 3.96000000e+01 5.79151705e+00 3.96000000e+01 -2.76792264e+00
 3.99000000e+01 0.00000000e+00 3.99000000e+01 5.90972410e+00 3.99000000e+01 -1.92002334e+00
 4.02000000e+01 0.00000000e+00 4.02000000e+01 6.73544830e+00 4.02000000e+01 -3.03145473e+00
 4.05000000e+01 0.00000000e+00 4.05000000e+01 6.27097691e+00 4.05000000e+01 -2.97806959e+00
 4.08000000e+01 0.00000000e+00 4.08000000e+01 6.09627508e+00 4.08000000e+01 -2.81130072e+00
 4.11000000e+01 0.00000000e+00 4.11000000e+01 6.14760900e+00 4.11000000e+01 -3.03042118e+00
 4.14000000e+01 0.00000000e+00 4.14000000e+01 6.45343921e+00 4.14000000e+01 -2.78324136e+00
 4.17000000e+01 0.00000000e+00 4.17000000e+01 5.78549975e+00 4.17000000e+01 -2.55283942e+00
 4.20000000e+01 0.00000000e+00 4.20000000e+01 6.37984214e+00 4.20000000e+01 -3.30399245e+00
 4.23000000e+01 0.00000000e+00 4.23000000e+01 7.01139686e+00 4.23000000e+01 -2.70627220e+00
 4.26000000e+01 0.00000000e+00 4.26000000e+01 6.12916751e+00 4.26000000e+01 -2.71113006e+00
 4.29000000e+01 0.00000000e+00 4.29000000e+01 6.01831131e+00 4.29000000e+01 -2.67015126e+00
 4.32000000e+01 0.00000000e+00 4.32000000e+01 6.10835421e+00 4.32000000e+01 -2.99655497e+00
 4.35000000e+01 0.00000000e+00 4.35000000e+01 6.35719946e+00 4.35000000e+01 -2.89286832e+00
 4.38000000e+01 0.00000000e+00 4.38000000e+01 6.60235669e+00 4.38000000e+01 -2.34700578e+00
 4.41000000e+01 0.00000000e+00 4.41000000e+01 6.15141253e+00 4.41000000e+01 -2.74150881e+00
 4.44000000e+01 0.00000000e+00 4.44000000e+01 6.14589182e+00 4.44000000e+01 -2.86213968e+00
 4.47000000e+01 0.00000000e+00 4.47000000e+01 6.31034431e+00 4.47000000e+01 -2.29669053e+00
 4.50000000e+01 0.00000000e+00 4.50000000e+01 6.04416894e+00 4.50000000e+01 -3.23381109e+00
 4.53000000e+01 0.00000000e+00 4.53000000e+01 6.95678208e+00 4.53000000e+01 -2.76165370e+00
 4.56000000e+01 0.00000000e+00 4.56000000e+01 6.41550317e+00 4.56000000e+01 -2.58755718e+00
 4.59000000e+01 0.00000000e+00 4.59000000e+01 6.60258954e+00 4.59000000e+01 -2.41017844e+00
 4.62000000e+01 0.00000000e+00 4.62000000e+01 6.32139841e+00 4.62000000e+01 -1.97038810e+00
 4.65000000e+01 0.00000000e+00 4.65000000e+01 6.08620297e+00 4.65000000e+01 -2.53483114e+00
 4.68000000e+01 0.00000000e+00 4.68000000e+01 5.85869785e+00 4.68000000e+01 -2.20924591e+00
 4.71000000e+01 0.00000000e+00 4.71000000e+01 5.76041831e+00 4.71000000e+01 -2.97609650e+00
 4.74000000e+01 0.00000000e+00 4.74000000e+01 6.21654546e+00 4.74000000e+01 -2.31799805e+00
 4.77000000e+01 0.00000000e+00 4.77000000e+01 6.31488222e+00 4.77000000e+01 -1.92598325e+00
 4.80000000e+01 0.00000000e+00 4.80000000e+01 6.29121778e+00 4.80000000e+01 -3.03201118e+00
 4.83000000e+01 0.00000000e+00 4.83000000e+01 6.14853682e+00 4.83000000e+01 -2.45651164e+00
 4.86000000e+01 0.00000000e+00 4.86000000e+01 6.23051601e+00 4.86000000e+01 -2.45075704e+00
 4.89000000e+01 0.00000000e+00 4.89000000e+01 6.27032276e+00 4.89000000e+01 -1.95695566e+00
 4.92000000e+01 0.00000000e+00 4.92000000e+01 6.50821539e+00 4.92000000e+01 -2.64935587e+00
 4.95000000e+01 0.00000000e+00 4.95000000e+01 6.14336677e+00 4.95000000e+01 -2.79446896e+00
 4.98000000e+01 0.00000000e+00 4.98000000e+01 6.79609733e+00 4.98000000e+01 -2.77160748e+00
 5.01000000e+01 0.00000000e+00 5.01000000e+01 3.40871646e+00 5.01000000e+01 -3.43173738e+00
 5.04000000e+01 0.00000000e+00 5.04000000e+01 4.03252020e+00 5.04000000e+01 -2.55157538e+00
 5.07000000e+01 0.00000000e+00 5.07000000e+01 3.95749489e+00 5.07000000e+01 -3.30634958e+00
 5.10000000e+01 0.00000000e+00 5.10000000e+01 3.25566730e+00 5.10000000e+01 -3.15941075e+00
 5.13000000e+01 0.00000000e+00 5.13000000e+01 2.94367340e+00 5.13000000e+01 -3.62545019e+00
 5.16000000e+01 0.00000000e+00 5.16000000e+01 3.58070712e+00 5.16000000e+01 -3.58420439e+00
 5.19000000e+01 0.00000000e+00 5.19000000e+01 3.42809359e+00 5.19000000e+01 -3.22124919e+00
 5.22000000e+01 0.00000000e+00 5.22000000e+01 3.48150566e+00 5.22000000e+01 -3.09840235e+00
 5.25000000e+01 0.00000000e+00 5.25000000e+01 3.65559006e+00 5.25000000e+01 -3.20000777e+00
 5.28000000e+01 0.00000000e+00 5.28000000e+01 3.91272129e+00 5.28000000e+01 -3.27626578e+00
 5.31000000e+01 0.00000000e+00 5.31000000e+01 4.17453772e+00 5.31000000e+01 -2.79416631e+00
 5.34000000e+01 0.00000000e+00 5.34000000e+01 3.59953861e+00 5.34000000e+01 -3.02580435e+00
 5.37000000e+01 0.00000000e+00 5.37000000e+01 4.10265770e+00 5.37000000e+01 -3.22729414e+00
 5.40000000e+01 0.00000000e+00 5.40000000e+01 3.62242297e+00 5.40000000e+01 -2.85678339e+00
 5.43000000e+01 0.00000000e+00 5.43000000e+01 4.42913700e+00 5.43000000e+01 -3.49239762e+00
 5.46000000e+01 0.00000000e+00 5.46000000e+01 3.67068591e+00 5.46000000e+01 -3.17257120e+00
 5.49000000e+01 0.00000000e+00 5.49000000e+01 3.63273723e+00 5.49000000e+01 -3.68809108e+00
 5.52000000e+01 0.00000000e+00 5.52000000e+01 6.85765911e+00 5.52000000e+01 -5.14051946e+00
 5.55000000e+01 0.00000000e+00 5.55000000e+01 7.44697114e+00 5.55000000e+01 -5.52917279e+00
 5.58000000e+01 0.00000000e+00 5.58000000e+01 6.58343405e+00 5.58000000e+01 -4.19220110e+00
 5.61000000e+01 0.00000000e+00 5.61000000e+01 6.73143691e+00 5.61000000e+01 -4.77830992e+00
 5.64000000e+01 0.00000000e+00 5.64000000e+01 6.77240395e+00 5.64000000e+01 -5.28051444e+00
 5.67000000e+01 0.00000000e+00 5.67000000e+01 7.03100451e+00 5.67000000e+01 -5.49381140e+00
 5.70000000e+01 0.00000000e+00 5.70000000e+01 7.48400666e+00 5.70000000e+01 -4.61251219e+00
 5.73000000e+01 0.00000000e+00 5.73000000e+01 7.57979314e+00 5.73000000e+01 -3.85789871e+00
 5.76000000e+01 0.00000000e+00 5.76000000e+01 7.07304087e+00 5.76000000e+01 -4.63633876e+00
 5.79000000e+01 0.00000000e+00 5.79000000e+01 7.37455463e+00 5.79000000e+01 -4.71026790e+00
 5.82000000e+01 0.00000000e+00 5.82000000e+01 7.24927673e+00 5.82000000e+01 -4.38547479e+00
 5.85000000e+01 0.00000000e+00 5.85000000e+01 7.05612183e+00 5.85000000e+01 -4.61335590e+00
 5.88000000e+01 0.00000000e+00 5.88000000e+01 6.52811847e+00 5.88000000e+01 -4.60421854e+00
 5.91000000e+01 0.00000000e+00 5.91000000e+01 6.92347980e+00 5.91000000e+01 -4.15914123e+00
 5.94000000e+01 0.00000000e+00 5.94000000e+01 6.89163502e+00 5.94000000e+01 -4.96577460e+00
 5.97000000e+01 0.00000000e+00 5.97000000e+01 7.02519141e+00 5.97000000e+01 -5.18666805e+00
