 0.00000000e+00 0.00000000e+00 0.00000000e+00 6.17852118e+00 0.00000000e+00 -5.24434537e+00
 3.00000000e-01 0.00000000e+00 3.00000000e-01 6.69859279e+00 3.00000000e-01 -4.34946209e+00
 6.00000000e-01 0.00000000e+00 6.00000000e-01 6.61652087e+00 6.00000000e-01 -4.86871063e+00
 9.00000000e-01 0.00000000e+00 9.00000000e-01 6.43820109e+00 9.00000000e-01 -4.93398219e+00
 1.20000000e+00 0.00000000e+00 1.20000000e+00 6.21908759e+00 1.20000000e+00 -4.64214547e+00
 1.50000000e+00 0.00000000e+00 1.50000000e+00 6.00453196e+00 1.50000000e+00 -5.17517911e+00
 1.80000000e+00 0.00000000e+00 1.80000000e+00 6.25036269e+00 1.80000000e+00 -4.84032498e+00
 2.10000000e+00 0.00000000e+00 2.10000000e+00 6.87966793e+00 2.10000000e+00 -5.22667215e+00
 2.40000000e+00 0.00000000e+00 2.40000000e+00 6.15080672e+00 2.40000000e+00 -4.88716996e+00
 2.70000000e+00 0.00000000e+00 2.70000000e+00 6.71233040e+00 2.70000000e+00 -4.81821587e+00
 3.00000000e+00 0.00000000e+00 3.00000000e+00 6.89291440e+00 3.00000000e+00 -4.75493768e+00
 3.30000000e+00 0.00000000e+00 3.30000000e+00 6.48766214e+00 3.30000000e+00 -4.77619071e+00
 3.60000000e+00 0.00000000e+00 3.60000000e+00 6.70310758e+00 3.60000000e+00 -4.56491568e+00
 3.90000000e+00 0.00000000e+00 3.90000000e+00 6.40067863e+00 3.90000000e+00 -4.49074257e+00
 4.20000000e+00 0.00000000e+00 4.20000000e+00 6.03320111e+00 4.20000000e+00 -4.66056584e+00
 4.50000000e+00 0.00000000e+00 4.50000000e+00 6.38089169e+00 4.50000000e+00 -4.30083174e+00
 4.80000000e+00 0.00000000e+00 4.80000000e+00 6.90201460e+00 4.80000000e+00 -4.62680121e+00
 5.10000000e+00 0.00000000e+00 5.10000000e+00 6.64578520e+00 5.10000000e+00 -4.67744627e+00
 5.40000000e+00 0.00000000e+00 5.40000000e+00 6.30582889e+00 5.40000000e+00 -4.75220105e+00
 5.70000000e+00 0.00000000e+00 5.70000000e+00 7.09028363e+00 5.70000000e+00 -4.74491152e+00
 6.00000000e+00 0.00000000e+00 6.00000000e+00 5.97543026e+00 6.00000000e+00 -5.57282440e+00
 6.30000000e+00 0.00000000e+00 6.30000000e+00 6.62653847e+00 6.30000000e+00 -4.86545359e+00
 6.60000000e+00 0.00000000e+00 6.60000000e+00 6.90455367e+00 6.60000000e+00 -5.22301436e+00
 6.90000000e+00 0.00000000e+00 6.90000000e+00 6.75697377e+00 6.90000000e+00 -5.33169730e+00
 7.20000000e+00 0.00000000e+00 7.20000000e+00 6.69360951e+00 7.20000000e+00 -4.98126389e+00
 7.50000000e+00 0.00000000e+00 7.50000000e+00 6.08345830e+00 7.50000000e+00 -4.88810210e+00
 7.80000000e+00 0.00000000e+00 7.80000000e+00 7.19478764e+00 7.80000000e+00 -4.42477312e+00
 8.10000000e+00 0.00000000e+00 8.10000000e+00 6.67498405e+00 8.10000000e+00 -4.21389325e+00
 8.40000000e+00 0.00000000e+00 8.40000000e+00 6.33385354e+00 8.40000000e+00 -5.03700376e+00
 8.70000000e+00 0.00000000e+00 8.70000000e+00 6.47469617e+00 8.70000000e+00 -4.57496452e+00
 9.00000000e+00 0.00000000e+00 9.00000000e+00 6.54130597e+00 9.00000000e+00 -4.76134947e+00
 9.30000000e+00 0.00000000e+00 9.30000000e+00 6.68556506e+00 9.30000000e+00 -4.80029965e+00
 9.60000000e+00 0.00000000e+00 9.60000000e+00 7.08653105e+00 9.60000000e+00 -5.59275531e+00
 9.90000000e+00 0.00000000e+00 9.90000000e+00 6.83533729e+00 9.90000000e+00 -4.77700347e+00
 1.02000000e+01 0.00000000e+00 1.02000000e+01 6.58023241e+00 1.02000000e+01 -4.18447872e+00
 1.05000000e+01 0.00000000e+00 1.05000000e+01 6.59608034e+00 1.05000000e+01 -5.07483170e+00
 1.08000000e+01 0.00000000e+00 1.08000000e+01 6.54288505e+00 1.08000000e+01 -5.20102416e+00
 1.11000000e+01 0.00000000e+00 1.11000000e+01 6.20880521e+00 1.11000000e+01 -4.78367716e+00
 1.14000000e+01 0.00000000e+00 1.14000000e+01 6.65574623e+00 1.14000000e+01 -5.01970076e+00
 1.17000000e+01 0.00000000e+00 1.17000000e+01 6.31845590e+00 1.17000000e+01 -4.65165534e+00
 1.20000000e+01 0.00000000e+00 1.20000000e+01 6.14734703e+00 1.20000000e+01 -4.84214278e+00
 1.23000000e+01 0.00000000e+00 1.23000000e+01 6.01508598e+00 1.23000000e+01 -4.60009820e+00
 1.26000000e+01 0.00000000e+00 1.26000000e+01 6.59353400e+00 1.26000000e+01 -5.35573373e+00
 1.29000000e+01 0.00000000e+00 1.29000000e+01 6.46089248e+00 1.29000000e+01 -4.81990223e+00
 1.32000000e+01 0.00000000e+00 1.32000000e+01 6.19737810e+00 1.32000000e+01 -5.04504763e+00
 1.35000000e+01 0.00000000e+00 1.35000000e+01 6.99335696e+00 1.35000000e+01 -5.33521611e+00
 1.38000000e+01 0.00000000e+00 1.38000000e+01 6.00022338e+00 1.38000000e+01 -5.22487906e+00
 1.41000000e+01 0.00000000e+00 1.41000000e+01 6.63638023e+00 1.41000000e+01 -4.78042895e+00
 1.44000000e+01 0.00000000e+00 1.44000000e+01 6.54206887e+00 1.44000000e+01 -5.00156886e+00
 1.47000000e+01 0.00000000e+00 1.47000000e+01 6.04274101e+00 1.47000000e+01 -4.36079512e+00
 1.50000000e+01 0.00000000e+00 1.50000000e+01 6.90281460e+00 1.50000000e+01 -5.04705857e+00
 1.53000000e+01 0.00000000e+00 1.53000000e+01 2.53632315e+00 1.53000000e+01 -4.11933912e+00
 1.56000000e+01 0.00000000e+00 1.56000000e+01 2.60718981e+00 1.56000000e+01 -4.59826026e+00
 1.59000000e+01 0.00000000e+00 1.59000000e+01 2.37852394e+00 1.59000000e+01 -4.12629853e+00
 1.62000000e+01 0.00000000e+00 1.62000000e+01 2.45868895e+00 1.62000000e+01 -4.48635442e+00
 1.65000000e+01 0.00000000e+00 1.65000000e+01 2.27081415e+00 1.65000000e+01 -4.25556284e+00
 1.68000000e+01 0.00000000e+00 1.68000000e+01 2.50608509e+00 1.68000000e+01 -4.47529926e+00
 1.71000000e+01 0.00000000e+00 1.71000000e+01 2.54062923e+00 1.71000000e+01 -4.25526538e+00
 1.74000000e+01 0.00000000e+00 1.74000000e+01 2.75990197e+00 1.74000000e+01 -4.66196247e+00
 1.77000000e+01 0.00000000e+00 1.77000000e+01 2.48460435e+00 1.77000000e+01 -4.81270414e+00
 1.80000000e+01 0.00000000e+00 1.80000000e+01 2.30579379e+00 1.80000000e+01 -3.80767804e+00
 1.83000000e+01 0.00000000e+00 1.83000000e+01 2.55880504e+00 1.83000000e+01 -4.19916071e+00
 1.86000000e+01 0.00000000e+00 1.86000000e+01 1.87940447e+00 1.86000000e+01 -4.10555730e+00
 1.89000000e+01 0.00000000e+00 1.89000000e+01 2.83639802e+00 1.89000000e+01 -4.72904031e+00
 1.92000000e+01 0.00000000e+00 1.92000000e+01 3.10234170e+00 1.92000000e+01 -4.72408133e+00
 1.95000000e+01 0.00000000e+00 1.95000000e+01 2.38719370e+00 1.95000000e+01 -4.92887050e+00
 1.98000000e+01 0.00000000e+00 1.98000000e+01 2.49731331e+00 1.98000000e+01 -4.77545084e+00
 2.01000000e+01 0.00000000e+00 2.01000000e+01 2.46917173e+00 2.01000000e+01 -4.32257111e+00
 2.04000000e+01 0.00000000e+00 2.04000000e+01 2.13315703e+00 2.04000000e+01 -4.56163671e+00
 2.07000000e+01 0.00000000e+00 2.07000000e+01 1.98645780e+00 2.07000000e+01 -4.25552488e+00
 2.10000000e+01 0.00000000e+00 2.10000000e+01 2.35692511e+00 2.10000000e+01 -4.41788075e+00
 2.13000000e+01 0.00000000e+00 2.13000000e+01 2.59228662e+00 2.13000000e+01 -4.41022015e+00
 2.16000000e+01 0.00000000e+00 2.16000000e+01 1.68268764e+00 2.16000000e+01 -4.70456771e+00
 2.19000000e+01 0.00000000e+00 2.19000000e+01 2.41110704e+00 2.19000000e+01 -4.51902287e+00
 2.22000000e+01 0.00000000e+00 2.22000000e+01 2.11888328e+00 2.22000000e+01 -3.94169633e+00
 2.25000000e+01 0.00000000e+00 2.25000000e+01 2.41053303e+00 2.25000000e+01 -4.59022180e+00
 2.28000000e+01 0.00000000e+00 2.28000000e+01 1.81621584e+00 2.28000000e+01 -5.01734033e+00
 2.31000000e+01 0.00000000e+00 2.31000000e+01 2.63976628e+00 2.31000000e+01 -5.06375614e+00
 2.34000000e+01 0.00000000e+00 2.34000000e+01 1.81312700e+00 2.34000000e+01 -4.30769385e+00
 2.37000000e+01 0.00000000e+00 2.37000000e+01 2.16437352e+00 2.37000000e+01 -4.49238403e+00
 2.40000000e+01 0.00000000e+00 2.40000000e+01 1.84872418e+00 2.40000000e+01 -4.31777830e+00
 2.43000000e+01 0.00000000e+00 2.43000000e+01 2.30936749e+00 2.43000000e+01 -5.26093326e+00
 2.46000000e+01 0.00000000e+00 2.46000000e+01 2.20514574e+00 2.46000000e+01 -4.90268244e+00
 2.49000000e+01 0.00000000e+00 2.49000000e+01 2.29672584e+00 2.49000000e+01 -4.27079989e+00
 2.52000000e+01 0.00000000e+00 2.52000000e+01 1.93411737e+00 2.52000000e+01 -3.76326805e+00
 2.55000000e+01 0.00000000e+00 2.55000000e+01 1.74164287e+00 2.55000000e+01 -4.12642466e+00
 2.58000000e+01 0.00000000e+00 2.58000000e+01 2.26395302e+00 2.58000000e+01 -4.08591737e+00
 2.61000000e+01 0.00000000e+00 2.61000000e+01 1.53155553e+00 2.61000000e+01 -4.05840598e+00
 2.64000000e+01 0.00000000e+00 2.64000000e+01 1.45387714e+00 2.64000000e+01 -4.17055399e+00
 2.67000000e+01 0.00000000e+00 2.67000000e+01 1.51169310e+00 2.67000000e+01 -4.82961370e+00
 2.70000000e+01 0.00000000e+00 2.70000000e+01 1.60729153e+00 2.70000000e+01 -4.17968481e+00
 2.73000000e+01 0.00000000e+00 2.73000000e+01 1.90419728e+00 2.73000000e+01 -4.92215043e+00
 2.76000000e+01 0.00000000e+00 2.76000000e+01 2.41125101e+00 2.76000000e+01 -4.19662017e+00
 2.79000000e+01 0.00000000e+00 2.79000000e+01 2.34105223e+00 2.79000000e+01 -4.23755359e+00
 2.82000000e+01 0.00000000e+00 2.82000000e+01 2.25860985e+00 2.82000000e+01 -4.39938431e+00
 2.85000000e+01 0.00000000e+00 2.85000000e+01 1.66145473e+00 2.85000000e+01 -4.30110312e+00
 2.88000000e+01 0.00000000e+00 2.88000000e+01 2.07208885e+00 2.88000000e+01 -3.73402877e+00
 2.91000000e+01 0.00000000e+00 2.91000000e+01 2.19941521e+00 2.91000000e+01 -4.35621693e+00
 2.94000000e+01 0.00000000e+00 2.94000000e+01 2.60962101e+00 2.94000000e+01 -3.96308639e+00
 2.97000000e+01 0.00000000e+00 2.97000000e+01 2.34992545e+00 2.97000000e+01 -3.89060500e+00
 3.00000000e+01 0.00000000e+00 3.00000000e+01 2.03057681e+00 3.00000000e+01 -4.52767774e+00
 3.03000000e+01 0.00000000e+00 3.03000000e+01 2.10583659e+00 3.03000000e+01 -3.76987189e+00
 3.06000000e+01 0.00000000e+00 3.06000000e+01 1.88678486e+00 3.06000000e+01 -4.59414666e+00
 3.09000000e+01 0.00000000e+00 3.09000000e+01 2.19377161e+00 3.09000000e+01 -4.04486804e+00
 3.12000000e+01 0.00000000e+00 3.12000000e+01 2.04040200e+00 3.12000000e+01 -4.53992742e+00
 3.15000000e+01 0.00000000e+00 3.15000000e+01 2.19044910e+00 3.15000000e+01 -4.70998176e+00
 3.18000000e+01 0.00000000e+00 3.18000000e+01 1.38438671e+00 3.18000000e+01 -4.45976361e+00
 3.21000000e+01 0.00000000e+00 3.21000000e+01 1.93224291e+00 3.21000000e+01 -4.73439361e+00
 3.24000000e+01 0.00000000e+00 3.24000000e+01 1.55344201e+00 3.24000000e+01 -3.84366128e+00
 3.27000000e+01 0.00000000e+00 3.27000000e+01 2.12565907e+00 3.27000000e+01 -4.15749134e+00
 3.30000000e+01 0.00000000e+00 3.30000000e+01 1.58581448e+00 3.30000000e+01 -4.00502964e+00
 3.33000000e+01 0.00000000e+00 3.33000000e+01 2.10830966e+00 3.33000000e+01 -4.64489447e+00
 3.36000000e+01 0.00000000e+00 3.36000000e+01 1.99070435e+00 3.36000000e+01 -3.50787663e+00
 3.39000000e+01 0.00000000e+00 3.39000000e+01 1.74285089e+00 3.39000000e+01 -4.13449623e+00
 3.42000000e+01 0.00000000e+00 3.42000000e+01 1.79298197e+00 3.42000000e+01 -4.11947897e+00
 3.45000000e+01 0.00000000e+00 3.45000000e+01 1.88448712e+00 3.45000000e+01 -4.93398429e+00
 3.48000000e+01 0.00000000e+00 3.48000000e+01 1.57615231e+00 3.48000000e+01 -4.48415744e+00
 3.51000000e+01 0.00000000e+00 3.51000000e+01 4.54428488e+00 3.51000000e+01 -1.66990200e+00
 3.54000000e+01 0.00000000e+00 3.54000000e+01 3.84606821e+00 3.54000000e+01 -1.38974875e+00
 3.57000000e+01 0.00000000e+00 3.57000000e+01 4.03576719e+00 3.57000000e+01 -1.33922546e+00
 3.60000000e+01 0.00000000e+00 3.60000000e+01 4.78221740e+00 3.60000000e+01 -1.93603472e+00
 3.63000000e+01 0.00000000e+00 3.63000000e+01 3.97154369e+00 3.63000000e+01 -1.48213655e+00
 3.66000000e+01 0.00000000e+00 3.66000000e+01 4.80219967e+00 3.66000000e+01 -2.22097270e+00
 3.69000000e+01 0.00000000e+00 3.69000000e+01 4.21958980e+00 3.69000000e+01 -1.79906449e+00
 3.72000000e+01 0.00000000e+00 3.72000000e+01 5.26837107e+00 3.72000000e+01 -9.14837138e-01
 3.75000000e+01 0.00000000e+00 3.75000000e+01 4.94356664e+00 3.75000000e+01 -2.06128686e+00
 3.78000000e+01 0.00000000e+00 3.78000000e+01 4.84233639e+00 3.78000000e+01 -1.49163565e+00
 3.81000000e+01 0.00000000e+00 3.81000000e+01 4.18179453e+00 3.81000000e+01 -1.72471323e+00
 3.84000000e+01 0.00000000e+00 3.84000000e+01 4.54380672e+00 3.84000000e+01 -1.06854089e+00
 3.87000000e+01 0.00000000e+00 3.87000000e+01 5.18613489e+00 3.87000000e+01 -1.13516758e+00
 3.90000000e+01 0.00000000e+00 3.90000000e+01 4.51063541e+00 3.90000000e+01 -1.38449630e+00
 3.93000000e+01 0.00000000e+00 3.93000000e+01 4.04488104e+00 3.93000000e+01 -1.14322881e+00
 3.96000000e+01 0.00000000e+00 3.96000000e+01 4.27942435e+00 3.96000000e+01 -1.79939867e+00
 3.99000000e+01 0.00000000e+00 3.99000000e+01 4.44372218e+00 3.99000000e+01 -1.15166485e+00
 4.02000000e+01 0.00000000e+00 4.02000000e+01 5.26509053e+00 4.02000000e+01 -2.24281667e+00
 4.05000000e+01 0.00000000e+00 4.05000000e+01 5.96428784e+00 4.05000000e+01 -1.87401260e+00
 4.08000000e+01 0.00000000e+00 4.08000000e+01 5.45251235e+00 4.08000000e+01 -1.91962642e+00
 4.11000000e+01 0.00000000e+00 4.11000000e+01 5.51629981e+00 4.11000000e+01 -1.72461220e+00
 4.14000000e+01 0.00000000e+00 4.14000000e+01 5.15491389e+00 4.14000000e+01 -1.39446379e+00
 4.17000000e+01 0.00000000e+00 4.17000000e+01 5.63706028e+00 4.17000000e+01 -1.65972038e+00
 4.20000000e+01 0.00000000e+00 4.20000000e+01 5.44405835e+00 4.20000000e+01 -1.89857377e+00
 4.23000000e+01 0.00000000e+00 4.23000000e+01 5.64842723e+00 4.23000000e+01 -2.09988358e+00
 4.26000000e+01 0.00000000e+00 4.26000000e+01 5.54890658e+00 4.26000000e+01 -2.17926332e+00
 4.29000000e+01 0.00000000e+00 4.29000000e+01 5.33139500e+00 4.29000000e+01 -1.64172135e+00
 4.32000000e+01 0.00000000e+00 4.32000000e+01 5.44296643e+00 4.32000000e+01 -2.06523807e+00
 4.35000000e+01 0.00000000e+00 4.35000000e+01 5.20234366e+00 4.35000000e+01 -1.39694698e+00
 4.38000000e+01 0.00000000e+00 4.38000000e+01 5.64439951e+00 4.38000000e+01 -1.72598134e+00
 4.41000000e+01 0.00000000e+00 4.41000000e+01 5.19576030e+00 4.41000000e+01 -1.95065726e+00
 4.44000000e+01 0.00000000e+00 4.44000000e+01 5.56876189e+00 4.44000000e+01 -1.89215882e+00
 4.47000000e+01 0.00000000e+00 4.47000000e+01 5.67889682e+00 4.47000000e+01 -1.72132129e+00
 4.50000000e+01 0.00000000e+00 4.50000000e+01 5.30940871e+00 4.50000000e+01 -2.15415645e+00
 4.53000000e+01 0.00000000e+00 4.53000000e+01 4.88774648e+00 4.53000000e+01 -1.95893725e+00
 4.56000000e+01 0.00000000e+00 4.56000000e+01 5.35154145e+00 4.56000000e+01 -1.93597572e+00
 4.59000000e+01 0.00000000e+00 4.59000000e+01 6.03663972e+00 4.59000000e+01 -1.38378928e+00
 4.62000000e+01 0.00000000e+00 4.62000000e+01 5.44219561e+00 4.62000000e+01 -1.64212963e+00
 4.65000000e+01 0.00000000e+00 4.65000000e+01 5.66096153e+00 4.65000000e+01 -1.85100232e+00
 4.68000000e+01 0.00000000e+00 4.68000000e+01 5.43443045e+00 4.68000000e+01 -1.42414718e+00
 4.71000000e+01 0.00000000e+00 4.71000000e+01 5.09839639e+00 4.71000000e+01 -1.72942147e+00
 4.74000000e+01 0.00000000e+00 4.74000000e+01 6.15872459e+00 4.74000000e+01 -1.32311586e+00
 4.77000000e+01 0.00000000e+00 4.77000000e+01 5.40954250e+00 4.77000000e+01 -2.53822942e+00
 4.80000000e+01 0.00000000e+00 4.80000000e+01 5.98093218e+00 4.80000000e+01 -1.50380814e+00
 4.83000000e+01 0.00000000e+00 4.83000000e+01 5.11328458e+00 4.83000000e+01 -1.45516992e+00
 4.86000000e+01 0.00000000e+00 4.86000000e+01 5.33176808e+00 4.86000000e+01 -1.79134127e+00
 4.89000000e+01 0.00000000e+00 4.89000000e+01 6.09930777e+00 4.89000000e+01 -1.68716859e+00
 4.92000000e+01 0.00000000e+00 4.92000000e+01 5.71546825e+00 4.92000000e+01 -1.90204867e+00
 4.95000000e+01 0.00000000e+00 4.95000000e+01 6.22083590e+00 4.95000000e+01 -2.16123501e+00
 4.98000000e+01 0.00000000e+00 4.98000000e+01 6.32084548e+00 4.98000000e+01 -1.87420541e+00
 5.01000000e+01 0.00000000e+00 5.01000000e+01 1.30110317e+00 5.01000000e+01 -4.09880406e+00
 5.04000000e+01 0.00000000e+00 5.04000000e+01 1.68359611e+00 5.04000000e+01 -3.92342677e+00
 5.07000000e+01 0.00000000e+00 5.07000000e+01 1.57239659e+00 5.07000000e+01 -3.57488790e+00
 5.10000000e+01 0.00000000e+00 5.10000000e+01 1.49678766e+00 5.10000000e+01 -4.42665241e+00
 5.13000000e+01 0.00000000e+00 5.13000000e+01 2.05360719e+00 5.13000000e+01 -3.98381115e+00
 5.16000000e+01 0.00000000e+00 5.16000000e+01 7.71281013e-01 5.16000000e+01 -4.43361731e+00
 5.19000000e+01 0.00000000e+00 5.19000000e+01 1.21362112e+00 5.19000000e+01 -3.86990232e+00
 5.22000000e+01 0.00000000e+00 5.22000000e+01 1.33013381e+00 5.22000000e+01 -4.12208268e+00
 5.25000000e+01 0.00000000e+00 5.25000000e+01 1.21127909e+00 5.25000000e+01 -3.62639663e+00
 5.28000000e+01 0.00000000e+00 5.28000000e+01 1.52511263e+00 5.28000000e+01 -3.60812006e+00
 5.31000000e+01 0.00000000e+00 5.31000000e+01 1.13987039e+00 5.31000000e+01 -3.30249106e+00
 5.34000000e+01 0.00000000e+00 5.34000000e+01 1.35670330e+00 5.34000000e+01 -4.10279269e+00
 5.37000000e+01 0.00000000e+00 5.37000000e+01 1.75565474e+00 5.37000000e+01 -3.39257339e+00
 5.40000000e+01 0.00000000e+00 5.40000000e+01 5.46747442e-01 5.40000000e+01 -4.19215266e+00
 5.43000000e+01 0.00000000e+00 5.43000000e+01 9.28525535e-01 5.43000000e+01 -3.93002968e+00
 5.46000000e+01 0.00000000e+00 5.46000000e+01 1.69368891e+00 5.46000000e+01 -4.00687815e+00
 5.49000000e+01 0.00000000e+00 5.49000000e+01 8.53656166e-01 5.49000000e+01 -3.52594306e+00
 5.52000000e+01 0.00000000e+00 5.52000000e+01 6.87793970e+00 5.52000000e+01 -5.08048705e+00
 5.55000000e+01 0.00000000e+00 5.55000000e+01 6.92003023e+00 5.55000000e+01 -4.90031767e+00
 5.58000000e+01 0.00000000e+00 5.58000000e+01 6.49877672e+00 5.58000000e+01 -5.35577708e+00
 5.61000000e+01 0.00000000e+00 5.61000000e+01 6.78897653e+00 5.61000000e+01 -4.79503785e+00
 5.64000000e+01 0.00000000e+00 5.64000000e+01 6.43451453e+00 5.64000000e+01 -4.82666235e+00
 5.67000000e+01 0.00000000e+00 5.67000000e+01 5.89363620e+00 5.67000000e+01 -5.16656093e+00
 5.70000000e+01 0.00000000e+00 5.70000000e+01 7.15289906e+00 5.70000000e+01 -4.21462147e+00
 5.73000000e+01 0.00000000e+00 5.73000000e+01 6.60769479e+00 5.73000000e+01 -5.13905090e+00
 5.76000000e+01 0.00000000e+00 5.76000000e+01 6.53702976e+00 5.76000000e+01 -5.63410871e+00
 5.79000000e+01 0.00000000e+00 5.79000000e+01 6.18903187e+00 5.79000000e+01 -5.26563421e+00
 5.82000000e+01 0.00000000e+00 5.82000000e+01 6.32037042e+00 5.82000000e+01 -4.77777781e+00
 5.85000000e+01 0.00000000e+00 5.85000000e+01 5.89725255e+00 5.85000000e+01 -4.91503730e+00
 5.88000000e+01 0.00000000e+00 5.88000000e+01 6.19597486e+00 5.88000000e+01 -4.60784833e+00
 5.91000000e+01 0.00000000e+00 5.91000000e+01 6.56346332e+00 5.91000000e+01 -5.57894014e+00
 5.94000000e+01 0.00000000e+00 5.94000000e+01 6.02367665e+00 5.94000000e+01 -4.99494485e+00
 5.97000000e+01 0.00000000e+00 5.97000000e+01 6.49512360e+00 5.97000000e+01 -5.14169718e+00
