 0.00000000e+00 0.00000000e+00 0.00000000e+00 7.39093826e+00 0.00000000e+00 -5.63584786e+00
 3.00000000e-01 0.00000000e+00 3.00000000e-01 7.07120731e+00 3.00000000e-01 -6.07529891e+00
 6.00000000e-01 0.00000000e+00 6.00000000e-01 6.96444978e+00 6.00000000e-01 -5.52864467e+00
 9.00000000e-01 0.00000000e+00 9.00000000e-01 7.69101816e+00 9.00000000e-01 -5.83514069e+00
 1.20000000e+00 0.00000000e+00 1.20000000e+00 7.21613607e+00 1.20000000e+00 -5.05529218e+00
 1.50000000e+00 0.00000000e+00 1.50000000e+00 7.52824523e+00 1.50000000e+00 -5.58335902e+00
 1.80000000e+00 0.00000000e+00 1.80000000e+00 7.30001682e+00 1.80000000e+00 -5.64261211e+00
 2.10000000e+00 0.00000000e+00 2.10000000e+00 7.66339025e+00 2.10000000e+00 -5.55768282e+00
 2.40000000e+00 0.00000000e+00 2.40000000e+00 7.28852462e+00 2.40000000e+00 -5.17966437e+00
 2.70000000e+00 0.00000000e+00 2.70000000e+00 7.01862051e+00 2.70000000e+00 -5.40773902e+00
 3.00000000e+00 0.00000000e+00 3.00000000e+00 7.86242068e+00 3.00000000e+00 -5.84133872e+00
 3.30000000e+00 0.00000000e+00 3.30000000e+00 7.69584950e+00 3.30000000e+00 -5.26042275e+00
 3.60000000e+00 0.00000000e+00 3.60000000e+00 8.03384405e+00 3.60000000e+00 -6.04457649e+00
 3.90000000e+00 0.00000000e+00 3.90000000e+00 7.17630676e+00 3.90000000e+00 -6.00079906e+00
 4.20000000e+00 0.00000000e+00 4.20000000e+00 7.38139570e+00 4.20000000e+00 -6.09009897e+00
 4.50000000e+00 0.00000000e+00 4.50000000e+00 8.02977840e+00 4.50000000e+00 -5.94202508e+00
 4.80000000e+00 0.00000000e+00 4.80000000e+00 7.29119280e+00 4.80000000e+00 -5.59313063e+00
 5.10000000e+00 0.00000000e+00 5.10000000e+00 8.02991616e+00 5.10000000e+00 -5.24802155e+00
 5.40000000e+00 0.00000000e+00 5.40000000e+00 7.71363698e+00 5.40000000e+00 -6.13326059e+00
 5.70000000e+00 0.00000000e+00 5.70000000e+00 7.96948339e+00 5.70000000e+00 -5.31192140e+00
 6.00000000e+00 0.00000000e+00 6.00000000e+00 6.78025706e+00 6.00000000e+00 -5.17655629e+00
 6.30000000e+00 0.00000000e+00 6.30000000e+00 8.17471501e+00 6.30000000e+00 -5.14037339e+00
 6.60000000e+00 0.00000000e+00 6.60000000e+00 7.30287832e+00 6.60000000e+00 -5.44996106e+00
 6.90000000e+00 0.00000000e+00 6.90000000e+00 7.33355574e+00 6.90000000e+00 -5.08237087e+00
 7.20000000e+00 0.00000000e+00 7.20000000e+00 7.29061224e+00 7.20000000e+00 -5.75405901e+00
 7.50000000e+00 0.00000000e+00 7.50000000e+00 7.68661270e+00 7.50000000e+00 -6.30245585e+00
 7.80000000e+00 0.00000000e+00 7.80000000e+00 7.65883342e+00 7.80000000e+00 -5.68936222e+00
 8.10000000e+00 0.00000000e+00 8.10000000e+00 7.63724664e+00 8.10000000e+00 -5.19542397e+00
 8.40000000e+00 0.00000000e+00 8.40000000e+00 8.19406564e+00 8.40000000e+00 -5.37995460e+00
 8.70000000e+00 0.00000000e+00 8.70000000e+00 7.52070110e+00 8.70000000e+00 -5.49027617e+00
 9.00000000e+00 0.00000000e+00 9.00000000e+00 7.55134492e+00 9.00000000e+00 -5.37464071e+00
 9.30000000e+00 0.00000000e+00 9.30000000e+00 7.74116463e+00 9.30000000e+00 -5.41455223e+00
 9.60000000e+00 0.00000000e+00 9.60000000e+00 8.19378080e+00 9.60000000e+00 -5.84581955e+00
 9.90000000e+00 0.00000000e+00 9.90000000e+00 7.20242385e+00 9.90000000e+00 -5.39315629e+00
 1.02000000e+01 0.00000000e+00 1.02000000e+01 7.55710383e+00 1.02000000e+01 -5.66179321e+00
 1.05000000e+01 0.00000000e+00 1.05000000e+01 7.35803149e+00 1.05000000e+01 -5.87905040e+00
 1.08000000e+01 0.00000000e+00 1.08000000e+01 7.51086414e+00 1.08000000e+01 -5.47328569e+00
 1.11000000e+01 0.00000000e+00 1.11000000e+01 7.18478482e+00 1.11000000e+01 -5.45599376e+00
 1.14000000e+01 0.00000000e+00 1.14000000e+01 7.03726798e+00 1.14000000e+01 -5.76693547e+00
 1.17000000e+01 0.00000000e+00 1.17000000e+01 6.91610178e+00 1.17000000e+01 -6.16539026e+00
 1.20000000e+01 0.00000000e+00 1.20000000e+01 7.17992707e+00 1.20000000e+01 -5.57016607e+00
 1.23000000e+01 0.00000000e+00 1.23000000e+01 7.78758422e+00 1.23000000e+01 -5.76920166e+00
 1.26000000e+01 0.00000000e+00 1.26000000e+01 7.08268663e+00 1.26000000e+01 -5.27400648e+00
 1.29000000e+01 0.00000000e+00 1.29000000e+01 7.60728860e+00 1.29000000e+01 -5.47051299e+00
 1.32000000e+01 0.00000000e+00 1.32000000e+01 6.46216675e+00 1.32000000e+01 -5.36591293e+00
 1.35000000e+01 0.00000000e+00 1.35000000e+01 7.25405388e+00 1.35000000e+01 -5.64251987e+00
 1.38000000e+01 0.00000000e+00 1.38000000e+01 7.17377097e+00 1.38000000e+01 -5.60223566e+00
 1.41000000e+01 0.00000000e+00 1.41000000e+01 7.47188547e+00 1.41000000e+01 -5.40473546e+00
 1.44000000e+01 0.00000000e+00 1.44000000e+01 6.70965906e+00 1.44000000e+01 -5.84691754e+00
 1.47000000e+01 0.00000000e+00 1.47000000e+01 8.05166430e+00 1.47000000e+01 -5.48240096e+00
 1.50000000e+01 0.00000000e+00 1.50000000e+01 7.18385647e+00 1.50000000e+01 -5.62638275e+00
 1.53000000e+01 0.00000000e+00 1.53000000e+01 1.88514270e+00 1.53000000e+01 -5.12675432e+00
 1.56000000e+01 0.00000000e+00 1.56000000e+01 1.88485185e+00 1.56000000e+01 -4.90286173e+00
 1.59000000e+01 0.00000000e+00 1.59000000e+01 2.33756889e+00 1.59000000e+01 -5.49215820e+00
 1.62000000e+01 0.00000000e+00 1.62000000e+01 2.05007549e+00 1.62000000e+01 -4.97048830e+00
 1.65000000e+01 0.00000000e+00 1.65000000e+01 1.96201373e+00 1.65000000e+01 -5.32044261e+00
 1.68000000e+01 0.00000000e+00 1.68000000e+01 1.45629440e+00 1.68000000e+01 -5.33071936e+00
 1.71000000e+01 0.00000000e+00 1.71000000e+01 1.61689135e+00 1.71000000e+01 -5.14732069e+00
 1.74000000e+01 0.00000000e+00 1.74000000e+01 1.79724986e+00 1.74000000e+01 -5.62487983e+00
 1.77000000e+01 0.00000000e+00 1.77000000e+01 1.78810707e+00 1.77000000e+01 -4.93223397e+00
 1.80000000e+01 0.00000000e+00 1.80000000e+01 1.50435656e+00 1.80000000e+01 -5.31783006e+00
 1.83000000e+01 0.00000000e+00 1.83000000e+01 1.69461706e+00 1.83000000e+01 -5.01718977e+00
 1.86000000e+01 0.00000000e+00 1.86000000e+01 1.56598510e+00 1.86000000e+01 -5.19019197e+00
 1.89000000e+01 0.00000000e+00 1.89000000e+01 2.04437543e+00 1.89000000e+01 -5.23124049e+00
 1.92000000e+01 0.00000000e+00 1.92000000e+01 2.02491987e+00 1.92000000e+01 -4.72529278e+00
 1.95000000e+01 0.00000000e+00 1.95000000e+01 1.84325400e+00 1.95000000e+01 -5.06095152e+00
 1.98000000e+01 0.00000000e+00 1.98000000e+01 1.62673233e+00 1.98000000e+01 -4.60086701e+00
 2.01000000e+01 0.00000000e+00 2.01000000e+01 2.35494097e+00 2.01000000e+01 -4.98265000e+00
 2.04000000e+01 0.00000000e+00 2.04000000e+01 1.42096129e+00 2.04000000e+01 -5.36392035e+00
 2.07000000e+01 0.00000000e+00 2.07000000e+01 1.75453490e+00 2.07000000e+01 -5.74834114e+00
 2.10000000e+01 0.00000000e+00 2.10000000e+01 2.26576543e+00 2.10000000e+01 -5.39892890e+00
 2.13000000e+01 0.00000000e+00 2.13000000e+01 1.75383855e+00 2.13000000e+01 -4.70321096e+00
 2.16000000e+01 0.00000000e+00 2.16000000e+01 1.51877142e+00 2.16000000e+01 -4.71245497e+00
 2.19000000e+01 0.00000000e+00 2.19000000e+01 2.13686774e+00 2.19000000e+01 -4.66339500e+00
 2.22000000e+01 0.00000000e+00 2.22000000e+01 1.84420895e+00 2.22000000e+01 -5.03758482e+00
 2.25000000e+01 0.00000000e+00 2.25000000e+01 2.07606096e+00 2.25000000e+01 -4.55316186e+00
 2.28000000e+01 0.00000000e+00 2.28000000e+01 2.25707618e+00 2.28000000e+01 -4.77613288e+00
 2.31000000e+01 0.00000000e+00 2.31000000e+01 1.95672048e+00 2.31000000e+01 -5.05165239e+00
 2.34000000e+01 0.00000000e+00 2.34000000e+01 1.68562264e+00 2.34000000e+01 -5.45653816e+00
 2.37000000e+01 0.00000000e+00 2.37000000e+01 2.19997516e+00 2.37000000e+01 -4.79369081e+00
 2.40000000e+01 0.00000000e+00 2.40000000e+01 2.46196634e+00 2.40000000e+01 -4.96961538e+00
 2.43000000e+01 0.00000000e+00 2.43000000e+01 1.79797323e+00 2.43000000e+01 -5.82921895e+00
 2.46000000e+01 0.00000000e+00 2.46000000e+01 1.42330237e+00 2.46000000e+01 -4.92020895e+00
 2.49000000e+01 0.00000000e+00 2.49000000e+01 2.29861641e+00 2.49000000e+01 -4.94141601e+00
 2.52000000e+01 0.00000000e+00 2.52000000e+01 3.82606553e+00 2.52000000e+01 -5.47986757e+00
 2.55000000e+01 0.00000000e+00 2.55000000e+01 4.05536678e+00 2.55000000e+01 -5.12575059e+00
 2.58000000e+01 0.00000000e+00 2.58000000e+01 4.18334277e+00 2.58000000e+01 -5.37895573e+00
 2.61000000e+01 0.00000000e+00 2.61000000e+01 4.04639303e+00 2.61000000e+01 -5.22482537e+00
 2.64000000e+01 0.00000000e+00 2.64000000e+01 3.95420779e+00 2.64000000e+01 -5.45787347e+00
 2.67000000e+01 0.00000000e+00 2.67000000e+01 4.30520208e+00 2.67000000e+01 -5.30346421e+00
 2.70000000e+01 0.00000000e+00 2.70000000e+01 4.44784246e+00 2.70000000e+01 -5.15108031e+00
 2.73000000e+01 0.00000000e+00 2.73000000e+01 4.26930066e+00 2.73000000e+01 -5.72705472e+00
 2.76000000e+01 0.00000000e+00 2.76000000e+01 3.49582125e+00 2.76000000e+01 -4.98444819e+00
 2.79000000e+01 0.00000000e+00 2.79000000e+01 3.82419627e+00 2.79000000e+01 -5.55760625e+00
 2.82000000e+01 0.00000000e+00 2.82000000e+01 4.19105802e+00 2.82000000e+01 -4.90711107e+00
 2.85000000e+01 0.00000000e+00 2.85000000e+01 4.34950060e+00 2.85000000e+01 -5.21276803e+00
 2.88000000e+01 0.00000000e+00 2.88000000e+01 4.08333308e+00 2.88000000e+01 -5.75391863e+00
 2.91000000e+01 0.00000000e+00 2.91000000e+01 4.28325246e+00 2.91000000e+01 -5.26578076e+00
 2.94000000e+01 0.00000000e+00 2.94000000e+01 3.84461052e+00 2.94000000e+01 -5.57941766e+00
 2.97000000e+01 0.00000000e+00 2.97000000e+01 4.25151058e+00 2.97000000e+01 -5.45824203e+00
 3.00000000e+01 0.00000000e+00 3.00000000e+01 4.09158227e+00 3.00000000e+01 -5.45233801e+00
 3.03000000e+01 0.00000000e+00 3.03000000e+01 3.70563353e+00 3.03000000e+01 -5.48256537e+00
 3.06000000e+01 0.00000000e+00 3.06000000e+01 4.25426644e+00 3.06000000e+01 -5.03892383e+00
 3.09000000e+01 0.00000000e+00 3.09000000e+01 4.45814752e+00 3.09000000e+01 -5.52963178e+00
 3.12000000e+01 0.00000000e+00 3.12000000e+01 3.89733895e+00 3.12000000e+01 -5.38151382e+00
 3.15000000e+01 0.00000000e+00 3.15000000e+01 4.15895390e+00 3.15000000e+01 -5.54088189e+00
 3.18000000e+01 0.00000000e+00 3.18000000e+01 4.42145590e+00 3.18000000e+01 -5.15874986e+00
 3.21000000e+01 0.00000000e+00 3.21000000e+01 4.18998095e+00 3.21000000e+01 -5.71895126e+00
 3.24000000e+01 0.00000000e+00 3.24000000e+01 3.97397385e+00 3.24000000e+01 -4.68665222e+00
 3.27000000e+01 0.00000000e+00 3.27000000e+01 4.74611912e+00 3.27000000e+01 -5.72224596e+00
 3.30000000e+01 0.00000000e+00 3.30000000e+01 4.24654925e+00 3.30000000e+01 -5.36106312e+00
 3.33000000e+01 0.00000000e+00 3.33000000e+01 4.48907008e+00 3.33000000e+01 -5.43013566e+00
 3.36000000e+01 0.00000000e+00 3.36000000e+01 4.14750080e+00 3.36000000e+01 -5.02375672e+00
 3.39000000e+01 0.00000000e+00 3.39000000e+01 3.72160934e+00 3.39000000e+01 -5.17157116e+00
 3.42000000e+01 0.00000000e+00 3.42000000e+01 4.48980056e+00 3.42000000e+01 -5.27826046e+00
 3.45000000e+01 0.00000000e+00 3.45000000e+01 4.06803403e+00 3.45000000e+01 -5.41096104e+00
 3.48000000e+01 0.00000000e+00 3.48000000e+01 4.02285794e+00 3.48000000e+01 -5.07394826e+00
 3.51000000e+01 0.00000000e+00 3.51000000e+01 6.81036131e+00 3.51000000e+01 -8.31932355e-01
 3.54000000e+01 0.00000000e+00 3.54000000e+01 7.30386641e+00 3.54000000e+01 -7.16700965e-01
 3.57000000e+01 0.00000000e+00 3.57000000e+01 6.66273533e+00 3.57000000e+01 -1.17460812e+00
 3.60000000e+01 0.00000000e+00 3.60000000e+01 6.83358643e+00 3.60000000e+01 -8.71784558e-01
 3.63000000e+01 0.00000000e+00 3.63000000e+01 6.22788620e+00 3.63000000e+01 -7.33417261e-01
 3.66000000e+01 0.00000000e+00 3.66000000e+01 6.39861340e+00 3.66000000e+01 -1.23937425e+00
 3.69000000e+01 0.00000000e+00 3.69000000e+01 6.61647763e+00 3.69000000e+01 -7.50102451e-01
 3.72000000e+01 0.00000000e+00 3.72000000e+01 6.69737060e+00 3.72000000e+01 -8.53428143e-01
 3.75000000e+01 0.00000000e+00 3.75000000e+01 5.60496012e+00 3.75000000e+01 -1.19176984e+00
 3.78000000e+01 0.00000000e+00 3.78000000e+01 6.87612667e+00 3.78000000e+01 -1.18461724e+00
 3.81000000e+01 0.00000000e+00 3.81000000e+01 6.89186868e+00 3.81000000e+01 -1.16952062e+00
 3.84000000e+01 0.00000000e+00 3.84000000e+01 6.64381369e+00 3.84000000e+01 -1.52508001e+00
 3.87000000e+01 0.00000000e+00 3.87000000e+01 6.19132827e+00 3.87000000e+01 -1.14953764e+00
 3.90000000e+01 0.00000000e+00 3.90000000e+01 7.04030059e+00 3.90000000e+01 -1.14307090e+00
 3.93000000e+01 0.00000000e+00 3.93000000e+01 6.76926127e+00 3.93000000e+01 -1.15392982e+00
 3.96000000e+01 0.00000000e+00 3.96000000e+01 6.49463649e+00 3.96000000e+01 -8.53790060e-01
 3.99000000e+01 0.00000000e+00 3.99000000e+01 7.09147591e+00 3.99000000e+01 -1.56357466e+00
 4.02000000e+01 0.00000000e+00 4.02000000e+01 5.34157050e+00 4.02000000e+01 -2.78728510e+00
 4.05000000e+01 0.00000000e+00 4.05000000e+01 4.98630107e+00 4.05000000e+01 -1.49822307e+00
 4.08000000e+01 0.00000000e+00 4.08000000e+01 5.13893241e+00 4.08000000e+01 -2.32979075e+00
 4.11000000e+01 0.00000000e+00 4.11000000e+01 5.38044089e+00 4.11000000e+01 -1.91690447e+00
 4.14000000e+01 0.00000000e+00 4.14000000e+01 5.17051242e+00 4.14000000e+01 -2.26868722e+00
 4.17000000e+01 0.00000000e+00 4.17000000e+01 4.51056648e+00 4.17000000e+01 -2.37922243e+00
 4.20000000e+01 0.00000000e+00 4.20000000e+01 5.16673093e+00 4.20000000e+01 -2.06116498e+00
 4.23000000e+01 0.00000000e+00 4.23000000e+01 4.62503619e+00 4.23000000e+01 -1.62064108e+00
 4.26000000e+01 0.00000000e+00 4.26000000e+01 5.34440111e+00 4.26000000e+01 -2.06031903e+00
 4.29000000e+01 0.00000000e+00 4.29000000e+01 4.81322185e+00 4.29000000e+01 -1.65092590e+00
 4.32000000e+01 0.00000000e+00 4.32000000e+01 4.95706266e+00 4.32000000e+01 -2.20411255e+00
 4.35000000e+01 0.00000000e+00 4.35000000e+01 5.03506474e+00 4.35000000e+01 -2.70300090e+00
 4.38000000e+01 0.00000000e+00 4.38000000e+01 5.01103435e+00 4.38000000e+01 -2.08495833e+00
 4.41000000e+01 0.00000000e+00 4.41000000e+01 5.36546905e+00 4.41000000e+01 -2.27005910e+00
 4.44000000e+01 0.00000000e+00 4.44000000e+01 4.83675695e+00 4.44000000e+01 -1.37301767e+00
 4.47000000e+01 0.00000000e+00 4.47000000e+01 4.93122654e+00 4.47000000e+01 -2.55274289e+00
 4.50000000e+01 0.00000000e+00 4.50000000e+01 4.45112730e+00 4.50000000e+01 -2.38678871e+00
 4.53000000e+01 0.00000000e+00 4.53000000e+01 5.12320575e+00 4.53000000e+01 -2.89781478e+00
 4.56000000e+01 0.00000000e+00 4.56000000e+01 5.37268361e+00 4.56000000e+01 -2.50375709e+00
 4.59000000e+01 0.00000000e+00 4.59000000e+01 5.32843411e+00 4.59000000e+01 -2.06045563e+00
 4.62000000e+01 0.00000000e+00 4.62000000e+01 4.97259104e+00 4.62000000e+01 -1.94343175e+00
 4.65000000e+01 0.00000000e+00 4.65000000e+01 5.30656407e+00 4.65000000e+01 -2.21476182e+00
 4.68000000e+01 0.00000000e+00 4.68000000e+01 4.99102998e+00 4.68000000e+01 -1.73251307e+00
 4.71000000e+01 0.00000000e+00 4.71000000e+01 5.10486424e+00 4.71000000e+01 -2.40670690e+00
 4.74000000e+01 0.00000000e+00 4.74000000e+01 5.20702029e+00 4.74000000e+01 -1.72908002e+00
 4.77000000e+01 0.00000000e+00 4.77000000e+01 5.47985192e+00 4.77000000e+01 -2.51397970e+00
 4.80000000e+01 0.00000000e+00 4.80000000e+01 5.61427683e+00 4.80000000e+01 -2.14138667e+00
 4.83000000e+01 0.00000000e+00 4.83000000e+01 4.75476883e+00 4.83000000e+01 -2.41218973e+00
 4.86000000e+01 0.00000000e+00 4.86000000e+01 5.31111730e+00 4.86000000e+01 -1.88603998e+00
 4.89000000e+01 0.00000000e+00 4.89000000e+01 5.54868716e+00 4.89000000e+01 -2.50718354e+00
 4.92000000e+01 0.00000000e+00 4.92000000e+01 5.26185444e+00 4.92000000e+01 -2.25173850e+00
 4.95000000e+01 0.00000000e+00 4.95000000e+01 5.25741151e+00 4.95000000e+01 -2.13400936e+00
 4.98000000e+01 0.00000000e+00 4.98000000e+01 5.34525905e+00 4.98000000e+01 -1.74468102e+00
 5.01000000e+01 0.00000000e+00 5.01000000e+01 2.80470762e+00 5.01000000e+01 -3.82951158e+00
 5.04000000e+01 0.00000000e+00 5.04000000e+01 2.84988901e+00 5.04000000e+01 -4.44951105e+00
 5.07000000e+01 0.00000000e+00 5.07000000e+01 2.65239266e+00 5.07000000e+01 -3.61226248e+00
 5.10000000e+01 0.00000000e+00 5.10000000e+01 2.48390359e+00 5.10000000e+01 -4.09340223e+00
 5.13000000e+01 0.00000000e+00 5.13000000e+01 3.14209584e+00 5.13000000e+01 -4.53361089e+00
 5.16000000e+01 0.00000000e+00 5.16000000e+01 2.37377029e+00 5.16000000e+01 -4.45516950e+00
 5.19000000e+01 0.00000000e+00 5.19000000e+01 3.00905290e+00 5.19000000e+01 -3.99656056e+00
 5.22000000e+01 0.00000000e+00 5.22000000e+01 2.19634393e+00 5.22000000e+01 -4.75719064e+00
 5.25000000e+01 0.00000000e+00 5.25000000e+01 2.43731129e+00 5.25000000e+01 -4.20211732e+00
 5.28000000e+01 0.00000000e+00 5.28000000e+01 3.08260103e+00 5.28000000e+01 -3.86299522e+00
 5.31000000e+01 0.00000000e+00 5.31000000e+01 2.69272636e+00 5.31000000e+01 -4.15457755e+00
 5.34000000e+01 0.00000000e+00 5.34000000e+01 2.03382533e+00 5.34000000e+01 -3.85799094e+00
 5.37000000e+01 0.00000000e+00 5.37000000e+01 3.34920700e+00 5.37000000e+01 -4.25050415e+00
 5.40000000e+01 0.00000000e+00 5.40000000e+01 2.62885287e+00 5.40000000e+01 -4.17638010e+00
 5.43000000e+01 0.00000000e+00 5.43000000e+01 2.48854155e+00 5.43000000e+01 -4.40281961e+00
 5.46000000e+01 0.00000000e+00 5.46000000e+01 2.78126867e+00 5.46000000e+01 -4.17837983e+00
 5.49000000e+01 0.00000000e+00 5.49000000e+01 2.37438198e+00 5.49000000e+01 -3.64717370e+00
 5.52000000e+01 0.00000000e+00 5.52000000e+01 7.58243853e+00 5.52000000e+01 -5.37347312e+00
 5.55000000e+01 0.00000000e+00 5.55000000e+01 7.14132230e+00 5.55000000e+01 -5.14113820e+00
 5.58000000e+01 0.00000000e+00 5.58000000e+01 7.64843940e+00 5.58000000e+01 -5.72053710e+00
 5.61000000e+01 0.00000000e+00 5.61000000e+01 7.32268482e+00 5.61000000e+01 -5.76668042e+00
 5.64000000e+01 0.00000000e+00 5.64000000e+01 7.13906811e+00 5.64000000e+01 -5.94764942e+00
 5.67000000e+01 0.00000000e+00 5.67000000e+01 7.20596634e+00 5.67000000e+01 -5.73205241e+00
 5.70000000e+01 0.00000000e+00 5.70000000e+01 7.83372489e+00 5.70000000e+01 -5.70165058e+00
 5.73000000e+01 0.00000000e+00 5.73000000e+01 7.62659587e+00 5.73000000e+01 -5.34245458e+00
 5.76000000e+01 0.00000000e+00 5.76000000e+01 7.02876446e+00 5.76000000e+01 -5.56276456e+00
 5.79000000e+01 0.00000000e+00 5.79000000e+01 7.70969865e+00 5.79000000e+01 -5.05855991e+00
 5.82000000e+01 0.00000000e+00 5.82000000e+01 7.16956579e+00 5.82000000e+01 -5.56567370e+00
 5.85000000e+01 0.00000000e+00 5.85000000e+01 7.49578389e+00 5.85000000e+01 -5.49737815e+00
 5.88000000e+01 0.00000000e+00 5.88000000e+01 6.95884005e+00 5.88000000e+01 -5.95877567e+00
 5.91000000e+01 0.00000000e+00 5.91000000e+01 7.12855458e+00 5.91000000e+01 -6.03350094e+00
 5.94000000e+01 0.00000000e+00 5.94000000e+01 7.22635438e+00 5.94000000e+01 -5.54631203e+00
 5.97000000e+01 0.00000000e+00 5.97000000e+01 7.69740941e+00 5.97000000e+01 -5.15496343e+00
