 0.00000000e+00 0.00000000e+00 0.00000000e+00 1.04029723e+01 0.00000000e+00 -5.55310706e+00
 3.00000000e-01 0.00000000e+00 3.00000000e-01 1.08563114e+01 3.00000000e-01 -5.77290609e+00
 6.00000000e-01 0.00000000e+00 6.00000000e-01 1.00452162e+01 6.00000000e-01 -5.33098041e+00
 9.00000000e-01 0.00000000e+00 9.00000000e-01 1.06564273e+01 9.00000000e-01 -5.41925270e+00
 1.20000000e+00 0.00000000e+00 1.20000000e+00 1.03105414e+01 1.20000000e+00 -5.35078347e+00
 1.50000000e+00 0.00000000e+00 1.50000000e+00 1.06014379e+01 1.50000000e+00 -5.53582038e+00
 1.80000000e+00 0.00000000e+00 1.80000000e+00 1.01725739e+01 1.80000000e+00 -5.13671660e+00
 2.10000000e+00 0.00000000e+00 2.10000000e+00 1.06208599e+01 2.10000000e+00 -4.92873722e+00
 2.40000000e+00 0.00000000e+00 2.40000000e+00 1.03247698e+01 2.40000000e+00 -5.37161731e+00
 2.70000000e+00 0.00000000e+00 2.70000000e+00 1.02379855e+01 2.70000000e+00 -6.00987794e+00
 3.00000000e+00 0.00000000e+00 3.00000000e+00 1.02333276e+01 3.00000000e+00 -4.87070199e+00
 3.30000000e+00 0.00000000e+00 3.30000000e+00 1.06291594e+01 3.30000000e+00 -5.47120857e+00
 3.60000000e+00 0.00000000e+00 3.60000000e+00 1.04220586e+01 3.60000000e+00 -5.53248370e+00
 3.90000000e+00 0.00000000e+00 3.90000000e+00 9.92788087e+00 3.90000000e+00 -5.94886784e+00
 4.20000000e+00 0.00000000e+00 4.20000000e+00 1.05677328e+01 4.20000000e+00 -5.69366889e+00
 4.50000000e+00 0.00000000e+00 4.50000000e+00 9.77621270e+00 4.50000000e+00 -5.80805059e+00
 4.80000000e+00 0.00000000e+00 4.80000000e+00 1.00894324e+01 4.80000000e+00 -5.56686857e+00
 5.10000000e+00 0.00000000e+00 5.10000000e+00 9.37387392e+00 5.10000000e+00 -5.89371110e+00
 5.40000000e+00 0.00000000e+00 5.40000000e+00 1.01932883e+01 5.40000000e+00 -5.96486087e+00
 5.70000000e+00 0.00000000e+00 5.70000000e+00 1.04722498e+01 5.70000000e+00 -5.38767506e+00
 6.00000000e+00 0.00000000e+00 6.00000000e+00 9.76129421e+00 6.00000000e+00 -5.87219861e+00
 6.30000000e+00 0.00000000e+00 6.30000000e+00 9.86205378e+00 6.30000000e+00 -5.28619373e+00
 6.60000000e+00 0.00000000e+00 6.60000000e+00 1.07768109e+01 6.60000000e+00 -5.89292327e+00
 6.90000000e+00 0.00000000e+00 6.90000000e+00 1.02471697e+01 6.90000000e+00 -6.11079832e+00
 7.20000000e+00 0.00000000e+00 7.20000000e+00 1.01946471e+01 7.20000000e+00 -5.91450556e+00
 7.50000000e+00 0.00000000e+00 7.50000000e+00 1.07328462e+01 7.50000000e+00 -5.09953428e+00
 7.80000000e+00 0.00000000e+00 7.80000000e+00 1.00887571e+01 7.80000000e+00 -5.85017577e+00
 8.10000000e+00 0.00000000e+00 8.10000000e+00 1.01922271e+01 8.10000000e+00 -6.03361051e+00
 8.40000000e+00 0.00000000e+00 8.40000000e+00 9.99357975e+00 8.40000000e+00 -5.76516021e+00
 8.70000000e+00 0.00000000e+00 8.70000000e+00 1.00807562e+01 8.70000000e+00 -6.33202990e+00
 9.00000000e+00 0.00000000e+00 9.00000000e+00 9.68364250e+00 9.00000000e+00 -5.97564695e+00
 9.30000000e+00 0.00000000e+00 9.30000000e+00 9.82002957e+00 9.30000000e+00 -5.49679165e+00
 9.60000000e+00 0.00000000e+00 9.60000000e+00 1.07358254e+01 9.60000000e+00 -5.52668948e+00
 9.90000000e+00 0.00000000e+00 9.90000000e+00 1.01033210e+01 9.90000000e+00 -6.14235657e+00
 1.02000000e+01 0.00000000e+00 1.02000000e+01 1.01063622e+01 1.02000000e+01 -5.83553198e+00
 1.05000000e+01 0.00000000e+00 1.05000000e+01 1.01937249e+01 1.05000000e+01 -5.71013563e+00
 1.08000000e+01 0.00000000e+00 1.08000000e+01 1.03152862e+01 1.08000000e+01 -5.29406285e+00
 1.11000000e+01 0.00000000e+00 1.11000000e+01 1.01771889e+01 1.11000000e+01 -5.25480492e+00
 1.14000000e+01 0.00000000e+00 1.14000000e+01 1.06888202e+01 1.14000000e+01 -5.40735915e+00
 1.17000000e+01 0.00000000e+00 1.17000000e+01 1.01156673e+01 1.17000000e+01 -6.05033266e+00
 1.20000000e+01 0.00000000e+00 1.20000000e+01 1.03786655e+01 1.20000000e+01 -5.47578795e+00
 1.23000000e+01 0.00000000e+00 1.23000000e+01 9.69839220e+00 1.23000000e+01 -5.58332162e+00
 1.26000000e+01 0.00000000e+00 1.26000000e+01 1.00105140e+01 1.26000000e+01 -5.73942664e+00
 1.29000000e+01 0.00000000e+00 1.29000000e+01 1.00411597e+01 1.29000000e+01 -5.23544904e+00
 1.32000000e+01 0.00000000e+00 1.32000000e+01 1.07891228e+01 1.32000000e+01 -5.20879385e+00
 1.35000000e+01 0.00000000e+00 1.35000000e+01 1.01623574e+01 1.35000000e+01 -5.52684712e+00
 1.38000000e+01 0.00000000e+00 1.38000000e+01 9.73387229e+00 1.38000000e+01 -5.95805970e+00
 1.41000000e+01 0.00000000e+00 1.41000000e+01 9.95552952e+00 1.41000000e+01 -5.48080329e+00
 1.44000000e+01 0.00000000e+00 1.44000000e+01 9.54112845e+00 1.44000000e+01 -5.61107981e+00
 1.47000000e+01 0.00000000e+00 1.47000000e+01 1.01267180e+01 1.47000000e+01 -5.53221395e+00
 1.50000000e+01 0.00000000e+00 1.50000000e+01 9.91238332e+00 1.50000000e+01 -5.65808174e+00
 1.53000000e+01 0.00000000e+00 1.53000000e+01 3.01921694e+00 1.53000000e+01 -5.46012989e+00
 1.56000000e+01 0.00000000e+00 1.56000000e+01 3.41142696e+00 1.56000000e+01 -5.52905690e+00
 1.59000000e+01 0.00000000e+00 1.59000000e+01 3.64481401e+00 1.59000000e+01 -5.25813974e+00
 1.62000000e+01 0.00000000e+00 1.62000000e+01 3.37048976e+00 1.62000000e+01 -4.93845146e+00
 1.65000000e+01 0.00000000e+00 1.65000000e+01 3.64350301e+00 1.65000000e+01 -5.60226373e+00
 1.68000000e+01 0.00000000e+00 1.68000000e+01 3.24486413e+00 1.68000000e+01 -5.53943969e+00
 1.71000000e+01 0.00000000e+00 1.71000000e+01 3.18358219e+00 1.71000000e+01 -6.02041404e+00
 1.74000000e+01 0.00000000e+00 1.74000000e+01 3.11680313e+00 1.74000000e+01 -5.06158148e+00
 1.77000000e+01 0.00000000e+00 1.77000000e+01 3.46064245e+00 1.77000000e+01 -5.67878406e+00
 1.80000000e+01 0.00000000e+00 1.80000000e+01 3.10376042e+00 1.80000000e+01 -5.27468329e+00
 1.83000000e+01 0.00000000e+00 1.83000000e+01 3.82694623e+00 1.83000000e+01 -5.81944308e+00
 1.86000000e+01 0.00000000e+00 1.86000000e+01 2.96480744e+00 1.86000000e+01 -5.31176949e+00
 1.89000000e+01 0.00000000e+00 1.89000000e+01 3.70646090e+00 1.89000000e+01 -5.02658253e+00
 1.92000000e+01 0.00000000e+00 1.92000000e+01 3.42322423e+00 1.92000000e+01 -6.01614844e+00
 1.95000000e+01 0.00000000e+00 1.95000000e+01 3.37651739e+00 1.95000000e+01 -5.23300767e+00
 1.98000000e+01 0.00000000e+00 1.98000000e+01 3.60256800e+00 1.98000000e+01 -5.22976339e+00
 2.01000000e+01 0.00000000e+00 2.01000000e+01 3.44281170e+00 2.01000000e+01 -5.65084385e+00
 2.04000000e+01 0.00000000e+00 2.04000000e+01 3.29774321e+00 2.04000000e+01 -5.63369212e+00
 2.07000000e+01 0.00000000e+00 2.07000000e+01 3.41580584e+00 2.07000000e+01 -5.97684012e+00
 2.10000000e+01 0.00000000e+00 2.10000000e+01 3.44182452e+00 2.10000000e+01 -5.04951212e+00
 2.13000000e+01 0.00000000e+00 2.13000000e+01 3.60292246e+00 2.13000000e+01 -5.52696823e+00
 2.16000000e+01 0.00000000e+00 2.16000000e+01 3.35641778e+00 2.16000000e+01 -5.74069035e+00
 2.19000000e+01 0.00000000e+00 2.19000000e+01 3.39719054e+00 2.19000000e+01 -5.44977213e+00
 2.22000000e+01 0.00000000e+00 2.22000000e+01 3.36932037e+00 2.22000000e+01 -4.84150714e+00
 2.25000000e+01 0.00000000e+00 2.25000000e+01 3.07944663e+00 2.25000000e+01 -5.14289323e+00
 2.28000000e+01 0.00000000e+00 2.28000000e+01 3.69945754e+00 2.28000000e+01 -5.06651526e+00
 2.31000000e+01 0.00000000e+00 2.31000000e+01 4.09308237e+00 2.31000000e+01 -5.17198656e+00
 2.34000000e+01 0.00000000e+00 2.34000000e+01 3.44014035e+00 2.34000000e+01 -5.41733570e+00
 2.37000000e+01 0.00000000e+00 2.37000000e+01 3.76275210e+00 2.37000000e+01 -5.22383309e+00
 2.40000000e+01 0.00000000e+00 2.40000000e+01 3.59081763e+00 2.40000000e+01 -5.98825528e+00
 2.43000000e+01 0.00000000e+00 2.43000000e+01 3.79268919e+00 2.43000000e+01 -5.77916802e+00
 2.46000000e+01 0.00000000e+00 2.46000000e+01 3.65516150e+00 2.46000000e+01 -5.01376635e+00
 2.49000000e+01 0.00000000e+00 2.49000000e+01 3.35181393e+00 2.49000000e+01 -4.79758393e+00
 2.52000000e+01 0.00000000e+00 2.52000000e+01 2.24976354e+00 2.52000000e+01 -5.98209797e+00
 2.55000000e+01 0.00000000e+00 2.55000000e+01 2.09984144e+00 2.55000000e+01 -6.02289690e+00
 2.58000000e+01 0.00000000e+00 2.58000000e+01 1.78836034e+00 2.58000000e+01 -5.95583132e+00
 2.61000000e+01 0.00000000e+00 2.61000000e+01 1.86613262e+00 2.61000000e+01 -5.75883411e+00
 2.64000000e+01 0.00000000e+00 2.64000000e+01 1.70994810e+00 2.64000000e+01 -6.13140256e+00
 2.67000000e+01 0.00000000e+00 2.67000000e+01 1.79859292e+00 2.67000000e+01 -5.91646861e+00
 2.70000000e+01 0.00000000e+00 2.70000000e+01 2.04396966e+00 2.70000000e+01 -5.55103821e+00
 2.73000000e+01 0.00000000e+00 2.73000000e+01 1.96927715e+00 2.73000000e+01 -5.53539064e+00
 2.76000000e+01 0.00000000e+00 2.76000000e+01 2.59030316e+00 2.76000000e+01 -5.60522598e+00
 2.79000000e+01 0.00000000e+00 2.79000000e+01 2.31093557e+00 2.79000000e+01 -5.67703109e+00
 2.82000000e+01 0.00000000e+00 2.82000000e+01 1.70061431e+00 2.82000000e+01 -5.82020638e+00
 2.85000000e+01 0.00000000e+00 2.85000000e+01 1.42286343e+00 2.85000000e+01 -6.20011930e+00
 2.88000000e+01 0.00000000e+00 2.88000000e+01 2.20569006e+00 2.88000000e+01 -5.66301493e+00
 2.91000000e+01 0.00000000e+00 2.91000000e+01 1.99955150e+00 2.91000000e+01 -5.97577616e+00
 2.94000000e+01 0.00000000e+00 2.94000000e+01 1.72306329e+00 2.94000000e+01 -5.79003791e+00
 2.97000000e+01 0.00000000e+00 2.97000000e+01 1.35649165e+00 2.97000000e+01 -5.90379939e+00
 3.00000000e+01 0.00000000e+00 3.00000000e+01 2.40859741e+00 3.00000000e+01 -5.31491396e+00
 3.03000000e+01 0.00000000e+00 3.03000000e+01 2.01131167e+00 3.03000000e+01 -5.66623275e+00
 3.06000000e+01 0.00000000e+00 3.06000000e+01 1.72218352e+00 3.06000000e+01 -5.36881068e+00
 3.09000000e+01 0.00000000e+00 3.09000000e+01 1.46064733e+00 3.09000000e+01 -6.00850295e+00
 3.12000000e+01 0.00000000e+00 3.12000000e+01 2.25198030e+00 3.12000000e+01 -4.98214995e+00
 3.15000000e+01 0.00000000e+00 3.15000000e+01 2.42303216e+00 3.15000000e+01 -5.39600914e+00
 3.18000000e+01 0.00000000e+00 3.18000000e+01 2.09972783e+00 3.18000000e+01 -5.95087590e+00
 3.21000000e+01 0.00000000e+00 3.21000000e+01 2.14835978e+00 3.21000000e+01 -5.39820753e+00
 3.24000000e+01 0.00000000e+00 3.24000000e+01 1.87279579e+00 3.24000000e+01 -5.52281573e+00
 3.27000000e+01 0.00000000e+00 3.27000000e+01 2.25229760e+00 3.27000000e+01 -5.67430115e+00
 3.30000000e+01 0.00000000e+00 3.30000000e+01 2.31056695e+00 3.30000000e+01 -5.87623473e+00
 3.33000000e+01 0.00000000e+00 3.33000000e+01 1.78404950e+00 3.33000000e+01 -5.63626107e+00
 3.36000000e+01 0.00000000e+00 3.36000000e+01 1.70150822e+00 3.36000000e+01 -5.82413687e+00
 3.39000000e+01 0.00000000e+00 3.39000000e+01 2.35300321e+00 3.39000000e+01 -5.37231336e+00
 3.42000000e+01 0.00000000e+00 3.42000000e+01 1.48652940e+00 3.42000000e+01 -5.55564482e+00
 3.45000000e+01 0.00000000e+00 3.45000000e+01 1.92495968e+00 3.45000000e+01 -5.80497680e+00
 3.48000000e+01 0.00000000e+00 3.48000000e+01 2.77681761e+00 3.48000000e+01 -6.32802030e+00
 3.51000000e+01 0.00000000e+00 3.51000000e+01 5.42901057e+00 3.51000000e+01 -1.95006660e+00
 3.54000000e+01 0.00000000e+00 3.54000000e+01 6.05498292e+00 3.54000000e+01 -3.15329607e+00
 3.57000000e+01 0.00000000e+00 3.57000000e+01 5.55845132e+00 3.57000000e+01 -2.54685995e+00
 3.60000000e+01 0.00000000e+00 3.60000000e+01 6.12215807e+00 3.60000000e+01 -2.60148991e+00
 3.63000000e+01 0.00000000e+00 3.63000000e+01 6.07214255e+00 3.63000000e+01 -1.98379211e+00
 3.66000000e+01 0.00000000e+00 3.66000000e+01 5.36611793e+00 3.66000000e+01 -2.68813518e+00
 3.69000000e+01 0.00000000e+00 3.69000000e+01 5.44425113e+00 3.69000000e+01 -2.43517825e+00
 3.72000000e+01 0.00000000e+00 3.72000000e+01 5.69636749e+00 3.72000000e+01 -2.74728897e+00
 3.75000000e+01 0.00000000e+00 3.75000000e+01 6.13086750e+00 3.75000000e+01 -2.51462165e+00
 3.78000000e+01 0.00000000e+00 3.78000000e+01 5.94458778e+00 3.78000000e+01 -3.29492252e+00
 3.81000000e+01 0.00000000e+00 3.81000000e+01 5.22041449e+00 3.81000000e+01 -2.70447773e+00
 3.84000000e+01 0.00000000e+00 3.84000000e+01 5.65985214e+00 3.84000000e+01 -2.65732448e+00
 3.87000000e+01 0.00000000e+00 3.87000000e+01 5.18726006e+00 3.87000000e+01 -2.50997620e+00
 3.90000000e+01 0.00000000e+00 3.90000000e+01 5.98964453e+00 3.90000000e+01 -2.83677247e+00
 3.93000000e+01 0.00000000e+00 3.93000000e+01 5.84221805e+00 3.93000000e+01 -2.56273531e+00
 3.96000000e+01 0.00000000e+00 3.96000000e+01 5.64793131e+00 3.96000000e+01 -2.48627290e+00
 3.99000000e+01 0.00000000e+00 3.99000000e+01 5.42019116e+00 3.99000000e+01 -2.38718516e+00
 4.02000000e+01 0.00000000e+00 4.02000000e+01 3.73430433e+00 4.02000000e+01 -1.21544037e+00
 4.05000000e+01 0.00000000e+00 4.05000000e+01 3.05856641e+00 4.05000000e+01 -4.05921692e-01
 4.08000000e+01 0.00000000e+00 4.08000000e+01 2.90255230e+00 4.08000000e+01 -9.21724726e-01
 4.11000000e+01 0.00000000e+00 4.11000000e+01 4.02006758e+00 4.11000000e+01 -3.34991654e-01
 4.14000000e+01 0.00000000e+00 4.14000000e+01 3.38225167e+00 4.14000000e+01 -4.83610497e-01
 4.17000000e+01 0.00000000e+00 4.17000000e+01 3.54528942e+00 4.17000000e+01 -6.39352425e-02
 4.20000000e+01 0.00000000e+00 4.20000000e+01 3.48638539e+00 4.20000000e+01 -1.18561044e+00
 4.23000000e+01 0.00000000e+00 4.23000000e+01 3.64145060e+00 4.23000000e+01 -1.08194604e+00
 4.26000000e+01 0.00000000e+00 4.26000000e+01 3.81656669e+00 4.26000000e+01 -2.35538965e-01
 4.29000000e+01 0.00000000e+00 4.29000000e+01 3.50074547e+00 4.29000000e+01 -1.18447723e+00
 4.32000000e+01 0.00000000e+00 4.32000000e+01 3.67420891e+00 4.32000000e+01 -9.92973628e-01
 4.35000000e+01 0.00000000e+00 4.35000000e+01 3.55614130e+00 4.35000000e+01 -1.12774852e+00
 4.38000000e+01 0.00000000e+00 4.38000000e+01 3.26574533e+00 4.38000000e+01 -1.42402755e+00
 4.41000000e+01 0.00000000e+00 4.41000000e+01 3.68208770e+00 4.41000000e+01 -4.46169029e-01
 4.44000000e+01 0.00000000e+00 4.44000000e+01 3.77308491e+00 4.44000000e+01 5.49965462e-02
 4.47000000e+01 0.00000000e+00 4.47000000e+01 3.18372184e+00 4.47000000e+01 -4.10141297e-02
 4.50000000e+01 0.00000000e+00 4.50000000e+01 3.16481511e+00 4.50000000e+01 -1.00393780e+00
 4.53000000e+01 0.00000000e+00 4.53000000e+01 3.62619537e+00 4.53000000e+01 -1.30499201e+00
 4.56000000e+01 0.00000000e+00 4.56000000e+01 3.44691580e+00 4.56000000e+01 -3.55360173e-01
 4.59000000e+01 0.00000000e+00 4.59000000e+01 3.42503802e+00 4.59000000e+01 -7.85168864e-01
 4.62000000e+01 0.00000000e+00 4.62000000e+01 3.40731428e+00 4.62000000e+01 -9.17300030e-01
 4.65000000e+01 0.00000000e+00 4.65000000e+01 3.67554794e+00 4.65000000e+01 -1.43620525e+00
 4.68000000e+01 0.00000000e+00 4.68000000e+01 3.70330677e+00 4.68000000e+01 -4.61068910e-01
 4.71000000e+01 0.00000000e+00 4.71000000e+01 4.05964213e+00 4.71000000e+01 -4.53628256e-01
 4.74000000e+01 0.00000000e+00 4.74000000e+01 3.70913474e+00 4.74000000e+01 -1.31127269e+00
 4.77000000e+01 0.00000000e+00 4.77000000e+01 3.41827929e+00 4.77000000e+01 -6.99947031e-01
 4.80000000e+01 0.00000000e+00 4.80000000e+01 3.94411454e+00 4.80000000e+01 -3.40058877e-01
 4.83000000e+01 0.00000000e+00 4.83000000e+01 4.14649590e+00 4.83000000e+01 -6.93491857e-01
 4.86000000e+01 0.00000000e+00 4.86000000e+01 4.15628223e+00 4.86000000e+01 -4.26120174e-01
 4.89000000e+01 0.00000000e+00 4.89000000e+01 3.50735962e+00 4.89000000e+01 -1.05329103e+00
 4.92000000e+01 0.00000000e+00 4.92000000e+01 3.66150707e+00 4.92000000e+01 -5.81478809e-01
 4.95000000e+01 0.00000000e+00 4.95000000e+01 3.94778745e+00 4.95000000e+01 -7.70577794e-01
 4.98000000e+01 0.00000000e+00 4.98000000e+01 3.79065736e+00 4.98000000e+01 -1.41388021e+00
 5.01000000e+01 0.00000000e+00 5.01000000e+01 1.88938574e+00 5.01000000e+01 -2.15923998e+00
 5.04000000e+01 0.00000000e+00 5.04000000e+01 2.06861915e+00 5.04000000e+01 -2.80174253e+00
 5.07000000e+01 0.00000000e+00 5.07000000e+01 1.99598037e+00 5.07000000e+01 -2.42762647e+00
 5.10000000e+01 0.00000000e+00 5.10000000e+01 1.96184240e+00 5.10000000e+01 -3.02356506e+00
 5.13000000e+01 0.00000000e+00 5.13000000e+01 2.48024251e+00 5.13000000e+01 -3.08453079e+00
 5.16000000e+01 0.00000000e+00 5.16000000e+01 1.94479500e+00 5.16000000e+01 -3.29456176e+00
 5.19000000e+01 0.00000000e+00 5.19000000e+01 2.32622035e+00 5.19000000e+01 -2.45606989e+00
 5.22000000e+01 0.00000000e+00 5.22000000e+01 2.13207060e+00 5.22000000e+01 -2.68962706e+00
 5.25000000e+01 0.00000000e+00 5.25000000e+01 2.97699636e+00 5.25000000e+01 -3.44229785e+00
 5.28000000e+01 0.00000000e+00 5.28000000e+01 1.73152933e+00 5.28000000e+01 -3.04409391e+00
 5.31000000e+01 0.00000000e+00 5.31000000e+01 1.92053822e+00 5.31000000e+01 -2.18235077e+00
 5.34000000e+01 0.00000000e+00 5.34000000e+01 1.75164994e+00 5.34000000e+01 -3.07807356e+00
 5.37000000e+01 0.00000000e+00 5.37000000e+01 2.52163855e+00 5.37000000e+01 -2.40962017e+00
 5.40000000e+01 0.00000000e+00 5.40000000e+01 1.74174395e+00 5.40000000e+01 -2.39786099e+00
 5.43000000e+01 0.00000000e+00 5.43000000e+01 2.07261231e+00 5.43000000e+01 -2.35058286e+00
 5.46000000e+01 0.00000000e+00 5.46000000e+01 2.04047122e+00 5.46000000e+01 -1.97248605e+00
 5.49000000e+01 0.00000000e+00 5.49000000e+01 1.65619973e+00 5.49000000e+01 -2.43259607e+00
 5.52000000e+01 0.00000000e+00 5.52000000e+01 1.05738872e+01 5.52000000e+01 -5.05844760e+00
 5.55000000e+01 0.00000000e+00 5.55000000e+01 1.08718741e+01 5.55000000e+01 -5.67621180e+00
 5.58000000e+01 0.00000000e+00 5.58000000e+01 1.02779820e+01 5.58000000e+01 -5.80038482e+00
 5.61000000e+01 0.00000000e+00 5.61000000e+01 9.85517621e+00 5.61000000e+01 -5.37644614e+00
 5.64000000e+01 0.00000000e+00 5.64000000e+01 9.99058332e+00 5.64000000e+01 -5.48146931e+00
 5.67000000e+01 0.00000000e+00 5.67000000e+01 1.00589540e+01 5.67000000e+01 -5.24221365e+00
 5.70000000e+01 0.00000000e+00 5.70000000e+01 9.79816335e+00 5.70000000e+01 -5.34443717e+00
 5.73000000e+01 0.00000000e+00 5.73000000e+01 1.00004928e+01 5.73000000e+01 -6.21182104e+00
 5.76000000e+01 0.00000000e+00 5.76000000e+01 1.03205438e+01 5.76000000e+01 -5.76386018e+00
 5.79000000e+01 0.00000000e+00 5.79000000e+01 1.01373479e+01 5.79000000e+01 -5.91125037e+00
 5.82000000e+01 0.00000000e+00 5.82000000e+01 9.86285448e+00 5.82000000e+01 -4.66355918e+00
 5.85000000e+01 0.00000000e+00 5.85000000e+01 9.33033727e+00 5.85000000e+01 -6.02625537e+00
 5.88000000e+01 0.00000000e+00 5.88000000e+01 9.75257966e+00 5.88000000e+01 -5.76645855e+00
 5.91000000e+01 0.00000000e+00 5.91000000e+01 9.91430298e+00 5.91000000e+01 -5.80647576e+00
 5.94000000e+01 0.00000000e+00 5.94000000e+01 9.94259305e+00 5.94000000e+01 -5.02112274e+00
 5.97000000e+01 0.00000000e+00 5.97000000e+01 1.02908105e+01 5.97000000e+01 -4.72106647e+00
