 0.00000000e+00 0.00000000e+00 0.00000000e+00 7.37958028e+00 0.00000000e+00 -5.57594700e+00
 3.00000000e-01 0.00000000e+00 3.00000000e-01 7.57560773e+00 3.00000000e-01 -5.75176686e+00
 6.00000000e-01 0.00000000e+00 6.00000000e-01 7.63724271e+00 6.00000000e-01 -5.40160758e+00
 9.00000000e-01 0.00000000e+00 9.00000000e-01 7.16027312e+00 9.00000000e-01 -5.58445856e+00
 1.20000000e+00 0.00000000e+00 1.20000000e+00 7.40960083e+00 1.20000000e+00 -5.68354853e+00
 1.50000000e+00 0.00000000e+00 1.50000000e+00 7.28407025e+00 1.50000000e+00 -5.39040157e+00
 1.80000000e+00 0.00000000e+00 1.80000000e+00 6.99125868e+00 1.80000000e+00 -5.72678790e+00
 2.10000000e+00 0.00000000e+00 2.10000000e+00 7.51475201e+00 2.10000000e+00 -5.46562866e+00
 2.40000000e+00 0.00000000e+00 2.40000000e+00 6.79438660e+00 2.40000000e+00 -4.95110442e+00
 2.70000000e+00 0.00000000e+00 2.70000000e+00 8.30321173e+00 2.70000000e+00 -4.90838356e+00
 3.00000000e+00 0.00000000e+00 3.00000000e+00 6.89337205e+00 3.00000000e+00 -5.27541550e+00
 3.30000000e+00 0.00000000e+00 3.30000000e+00 7.42434002e+00 3.30000000e+00 -5.49636231e+00
 3.60000000e+00 0.00000000e+00 3.60000000e+00 7.63329133e+00 3.60000000e+00 -5.20372518e+00
 3.90000000e+00 0.00000000e+00 3.90000000e+00 7.31927019e+00 3.90000000e+00 -5.16349387e+00
 4.20000000e+00 0.00000000e+00 4.20000000e+00 7.93971222e+00 4.20000000e+00 -5.91900732e+00
 4.50000000e+00 0.00000000e+00 4.50000000e+00 7.64281496e+00 4.50000000e+00 -5.42235654e+00
 4.80000000e+00 0.00000000e+00 4.80000000e+00 8.19120452e+00 4.80000000e+00 -5.72759092e+00
 5.10000000e+00 0.00000000e+00 5.10000000e+00 6.86166558e+00 5.10000000e+00 -5.29701747e+00
 5.40000000e+00 0.00000000e+00 5.40000000e+00 6.95266469e+00 5.40000000e+00 -5.17315126e+00
 5.70000000e+00 0.00000000e+00 5.70000000e+00 7.21477127e+00 5.70000000e+00 -4.98068900e+00
 6.00000000e+00 0.00000000e+00 6.00000000e+00 7.34339571e+00 6.00000000e+00 -4.90619716e+00
 6.30000000e+00 0.00000000e+00 6.30000000e+00 7.15321181e+00 6.30000000e+00 -5.59188415e+00
 6.60000000e+00 0.00000000e+00 6.60000000e+00 7.99210845e+00 6.60000000e+00 -6.00479441e+00
 6.90000000e+00 0.00000000e+00 6.90000000e+00 7.42905327e+00 6.90000000e+00 -5.26111963e+00
 7.20000000e+00 0.00000000e+00 7.20000000e+00 7.73554926e+00 7.20000000e+00 -5.40006564e+00
 7.50000000e+00 0.00000000e+00 7.50000000e+00 7.22788964e+00 7.50000000e+00 -4.90779444e+00
 7.80000000e+00 0.00000000e+00 7.80000000e+00 7.60137939e+00 7.80000000e+00 -5.88835319e+00
 8.10000000e+00 0.00000000e+00 8.10000000e+00 7.22847980e+00 8.10000000e+00 -5.56230435e+00
 8.40000000e+00 0.00000000e+00 8.40000000e+00 7.39493457e+00 8.40000000e+00 -5.86734520e+00
 8.70000000e+00 0.00000000e+00 8.70000000e+00 6.81361124e+00 8.70000000e+00 -5.77401656e+00
 9.00000000e+00 0.00000000e+00 9.00000000e+00 8.07113521e+00 9.00000000e+00 -5.13891458e+00
 9.30000000e+00 0.00000000e+00 9.30000000e+00 7.75185563e+00 9.30000000e+00 -5.26970274e+00
 9.60000000e+00 0.00000000e+00 9.60000000e+00 7.40824632e+00 9.60000000e+00 -5.75385259e+00
 9.90000000e+00 0.00000000e+00 9.90000000e+00 7.67802256e+00 9.90000000e+00 -5.71237575e+00
 1.02000000e+01 0.00000000e+00 1.02000000e+01 7.89951377e+00 1.02000000e+01 -5.62708002e+00
 1.05000000e+01 0.00000000e+00 1.05000000e+01 7.94901368e+00 1.05000000e+01 -5.31716260e+00
 1.08000000e+01 0.00000000e+00 1.08000000e+01 7.31292541e+00 1.08000000e+01 -5.47543696e+00
 1.11000000e+01 0.00000000e+00 1.11000000e+01 7.43383933e+00 1.11000000e+01 -5.59504554e+00
 1.14000000e+01 0.00000000e+00 1.14000000e+01 7.21516017e+00 1.14000000e+01 -4.92905021e+00
 1.17000000e+01 0.00000000e+00 1.17000000e+01 7.87059762e+00 1.17000000e+01 -5.91164048e+00
 1.20000000e+01 0.00000000e+00 1.20000000e+01 7.41116532e+00 1.20000000e+01 -5.75261318e+00
 1.23000000e+01 0.00000000e+00 1.23000000e+01 7.81132534e+00 1.23000000e+01 -5.91902131e+00
 1.26000000e+01 0.00000000e+00 1.26000000e+01 7.62426726e+00 1.26000000e+01 -4.84680453e+00
 1.29000000e+01 0.00000000e+00 1.29000000e+01 7.84916782e+00 1.29000000e+01 -5.14195463e+00
 1.32000000e+01 0.00000000e+00 1.32000000e+01 7.70827464e+00 1.32000000e+01 -5.18439384e+00
 1.35000000e+01 0.00000000e+00 1.35000000e+01 7.57704230e+00 1.35000000e+01 -6.11763661e+00
 1.38000000e+01 0.00000000e+00 1.38000000e+01 8.43795595e+00 1.38000000e+01 -5.04572606e+00
 1.41000000e+01 0.00000000e+00 1.41000000e+01 7.13526530e+00 1.41000000e+01 -5.09644315e+00
 1.44000000e+01 0.00000000e+00 1.44000000e+01 7.32715715e+00 1.44000000e+01 -5.66034542e+00
 1.47000000e+01 0.00000000e+00 1.47000000e+01 7.47807582e+00 1.47000000e+01 -5.71962843e+00
 1.50000000e+01 0.00000000e+00 1.50000000e+01 7.69329339e+00 1.50000000e+01 -5.81160932e+00
 1.53000000e+01 0.00000000e+00 1.53000000e+01 1.02613146e+00 1.53000000e+01 -4.41425466e+00
 1.56000000e+01 0.00000000e+00 1.56000000e+01 7.33525783e-01 1.56000000e+01 -4.55872774e+00
 1.59000000e+01 0.00000000e+00 1.59000000e+01 9.66929834e-01 1.59000000e+01 -4.49784682e+00
 1.62000000e+01 0.00000000e+00 1.62000000e+01 7.42825261e-01 1.62000000e+01 -4.30724144e+00
 1.65000000e+01 0.00000000e+00 1.65000000e+01 1.12130798e+00 1.65000000e+01 -4.89300577e+00
 1.68000000e+01 0.00000000e+00 1.68000000e+01 4.19537700e-01 1.68000000e+01 -4.47925530e+00
 1.71000000e+01 0.00000000e+00 1.71000000e+01 1.19321922e+00 1.71000000e+01 -5.07246133e+00
 1.74000000e+01 0.00000000e+00 1.74000000e+01 1.04219391e+00 1.74000000e+01 -4.54289120e+00
 1.77000000e+01 0.00000000e+00 1.77000000e+01 6.01313166e-01 1.77000000e+01 -4.03331690e+00
 1.80000000e+01 0.00000000e+00 1.80000000e+01 1.13105319e+00 1.80000000e+01 -4.70745152e+00
 1.83000000e+01 0.00000000e+00 1.83000000e+01 1.10059514e+00 1.83000000e+01 -4.27301239e+00
 1.86000000e+01 0.00000000e+00 1.86000000e+01 8.15494806e-01 1.86000000e+01 -4.06674066e+00
 1.89000000e+01 0.00000000e+00 1.89000000e+01 4.42775637e-01 1.89000000e+01 -4.53099289e+00
 1.92000000e+01 0.00000000e+00 1.92000000e+01 1.10173014e+00 1.92000000e+01 -4.62465357e+00
 1.95000000e+01 0.00000000e+00 1.95000000e+01 1.24996309e+00 1.95000000e+01 -4.98286245e+00
 1.98000000e+01 0.00000000e+00 1.98000000e+01 1.45714164e+00 1.98000000e+01 -5.24605354e+00
 2.01000000e+01 0.00000000e+00 2.01000000e+01 1.29087183e+00 2.01000000e+01 -4.74131830e+00
 2.04000000e+01 0.00000000e+00 2.04000000e+01 1.23478441e+00 2.04000000e+01 -4.75605144e+00
 2.07000000e+01 0.00000000e+00 2.07000000e+01 1.07724642e+00 2.07000000e+01 -4.13982679e+00
 2.10000000e+01 0.00000000e+00 2.10000000e+01 6.65322557e-01 2.10000000e+01 -4.76874716e+00
 2.13000000e+01 0.00000000e+00 2.13000000e+01 1.73729665e+00 2.13000000e+01 -4.58589796e+00
 2.16000000e+01 0.00000000e+00 2.16000000e+01 9.96138913e-01 2.16000000e+01 -4.46748378e+00
 2.19000000e+01 0.00000000e+00 2.19000000e+01 1.03385957e+00 2.19000000e+01 -5.12926387e+00
 2.22000000e+01 0.00000000e+00 2.22000000e+01 1.54158779e+00 2.22000000e+01 -4.68405689e+00
 2.25000000e+01 0.00000000e+00 2.25000000e+01 1.18088542e+00 2.25000000e+01 -4.50507055e+00
 2.28000000e+01 0.00000000e+00 2.28000000e+01 1.33001278e+00 2.28000000e+01 -4.58507014e+00
 2.31000000e+01 0.00000000e+00 2.31000000e+01 1.63523808e+00 2.31000000e+01 -5.27276997e+00
 2.34000000e+01 0.00000000e+00 2.34000000e+01 9.59350242e-01 2.34000000e+01 -4.39316119e+00
 2.37000000e+01 0.00000000e+00 2.37000000e+01 1.28493706e+00 2.37000000e+01 -4.61811413e+00
 2.40000000e+01 0.00000000e+00 2.40000000e+01 1.22376822e+00 2.40000000e+01 -4.44415333e+00
 2.43000000e+01 0.00000000e+00 2.43000000e+01 8.59264294e-01 2.43000000e+01 -5.04852216e+00
 2.46000000e+01 0.00000000e+00 2.46000000e+01 1.07568430e+00 2.46000000e+01 -4.68857776e+00
 2.49000000e+01 0.00000000e+00 2.49000000e+01 2.20592800e+00 2.49000000e+01 -4.33095762e+00
 2.52000000e+01 0.00000000e+00 2.52000000e+01 2.39686676e+00 2.52000000e+01 -7.42486365e+00
 2.55000000e+01 0.00000000e+00 2.55000000e+01 1.85858442e+00 2.55000000e+01 -7.09564438e+00
 2.58000000e+01 0.00000000e+00 2.58000000e+01 2.21402924e+00 2.58000000e+01 -6.82320942e+00
 2.61000000e+01 0.00000000e+00 2.61000000e+01 2.11031818e+00 2.61000000e+01 -6.91176607e+00
 2.64000000e+01 0.00000000e+00 2.64000000e+01 1.77552779e+00 2.64000000e+01 -6.82360958e+00
 2.67000000e+01 0.00000000e+00 2.67000000e+01 2.02733142e+00 2.67000000e+01 -7.09315118e+00
 2.70000000e+01 0.00000000e+00 2.70000000e+01 2.02699434e+00 2.70000000e+01 -6.84696848e+00
 2.73000000e+01 0.00000000e+00 2.73000000e+01 2.54708650e+00 2.73000000e+01 -7.15546182e+00
 2.76000000e+01 0.00000000e+00 2.76000000e+01 2.28312115e+00 2.76000000e+01 -7.21047144e+00
 2.79000000e+01 0.00000000e+00 2.79000000e+01 1.90708985e+00 2.79000000e+01 -6.99647873e+00
 2.82000000e+01 0.00000000e+00 2.82000000e+01 1.76772569e+00 2.82000000e+01 -6.99072379e+00
 2.85000000e+01 0.00000000e+00 2.85000000e+01 1.32719143e+00 2.85000000e+01 -7.11233835e+00
 2.88000000e+01 0.00000000e+00 2.88000000e+01 1.24891842e+00 2.88000000e+01 -7.66108292e+00
 2.91000000e+01 0.00000000e+00 2.91000000e+01 2.44475786e+00 2.91000000e+01 -6.77502545e+00
 2.94000000e+01 0.00000000e+00 2.94000000e+01 2.18626403e+00 2.94000000e+01 -7.09748434e+00
 2.97000000e+01 0.00000000e+00 2.97000000e+01 1.94381382e+00 2.97000000e+01 -7.67770128e+00
 3.00000000e+01 0.00000000e+00 3.00000000e+01 1.94773252e+00 3.00000000e+01 -7.37503746e+00
 3.03000000e+01 0.00000000e+00 3.03000000e+01 2.03826913e+00 3.03000000e+01 -7.20509481e+00
 3.06000000e+01 0.00000000e+00 3.06000000e+01 1.83800478e+00 3.06000000e+01 -6.86574507e+00
 3.09000000e+01 0.00000000e+00 3.09000000e+01 1.90729898e+00 3.09000000e+01 -7.79865220e+00
 3.12000000e+01 0.00000000e+00 3.12000000e+01 1.95376452e+00 3.12000000e+01 -6.89183037e+00
 3.15000000e+01 0.00000000e+00 3.15000000e+01 1.90598114e+00 3.15000000e+01 -7.08139008e+00
 3.18000000e+01 0.00000000e+00 3.18000000e+01 2.66319905e+00 3.18000000e+01 -6.37150814e+00
 3.21000000e+01 0.00000000e+00 3.21000000e+01 2.16922164e+00 3.21000000e+01 -7.39059661e+00
 3.24000000e+01 0.00000000e+00 3.24000000e+01 1.78429414e+00 3.24000000e+01 -7.65233796e+00
 3.27000000e+01 0.00000000e+00 3.27000000e+01 2.75018055e+00 3.27000000e+01 -7.40799400e+00
 3.30000000e+01 0.00000000e+00 3.30000000e+01 2.10180633e+00 3.30000000e+01 -6.88539873e+00
 3.33000000e+01 0.00000000e+00 3.33000000e+01 2.03493338e+00 3.33000000e+01 -6.89965284e+00
 3.36000000e+01 0.00000000e+00 3.36000000e+01 1.45843222e+00 3.36000000e+01 -7.13481214e+00
 3.39000000e+01 0.00000000e+00 3.39000000e+01 2.14324874e+00 3.39000000e+01 -6.89908944e+00
 3.42000000e+01 0.00000000e+00 3.42000000e+01 1.85080894e+00 3.42000000e+01 -7.15074725e+00
 3.45000000e+01 0.00000000e+00 3.45000000e+01 1.95626975e+00 3.45000000e+01 -6.69460485e+00
 3.48000000e+01 0.00000000e+00 3.48000000e+01 2.24452361e+00 3.48000000e+01 -7.00078038e+00
 3.51000000e+01 0.00000000e+00 3.51000000e+01 6.22575433e+00 3.51000000e+01 -1.28965435e+00
 3.54000000e+01 0.00000000e+00 3.54000000e+01 6.50931050e+00 3.54000000e+01 -1.10290821e+00
 3.57000000e+01 0.00000000e+00 3.57000000e+01 6.31180964e+00 3.57000000e+01 -1.22817624e+00
 3.60000000e+01 0.00000000e+00 3.60000000e+01 5.96084097e+00 3.60000000e+01 -1.58557305e+00
 3.63000000e+01 0.00000000e+00 3.63000000e+01 5.61693822e+00 3.63000000e+01 -1.71129340e+00
 3.66000000e+01 0.00000000e+00 3.66000000e+01 6.00277267e+00 3.66000000e+01 -1.88928415e+00
 3.69000000e+01 0.00000000e+00 3.69000000e+01 6.47666532e+00 3.69000000e+01 -1.44960843e+00
 3.72000000e+01 0.00000000e+00 3.72000000e+01 6.02884778e+00 3.72000000e+01 -1.27175265e+00
 3.75000000e+01 0.00000000e+00 3.75000000e+01 6.03694640e+00 3.75000000e+01 -1.36393230e+00
 3.78000000e+01 0.00000000e+00 3.78000000e+01 7.18163362e+00 3.78000000e+01 -2.14134607e+00
 3.81000000e+01 0.00000000e+00 3.81000000e+01 6.54581217e+00 3.81000000e+01 -1.77501761e+00
 3.84000000e+01 0.00000000e+00 3.84000000e+01 6.27115078e+00 3.84000000e+01 -2.09779669e+00
 3.87000000e+01 0.00000000e+00 3.87000000e+01 6.43643263e+00 3.87000000e+01 -1.26583385e+00
 3.90000000e+01 0.00000000e+00 3.90000000e+01 6.05922720e+00 3.90000000e+01 -1.66158488e+00
 3.93000000e+01 0.00000000e+00 3.93000000e+01 6.34915234e+00 3.93000000e+01 -1.33092277e+00
 3.96000000e+01 0.00000000e+00 3.96000000e+01 5.89939265e+00 3.96000000e+01 -1.41359858e+00
 3.99000000e+01 0.00000000e+00 3.99000000e+01 5.70757171e+00 3.99000000e+01 -1.06269526e+00
 4.02000000e+01 0.00000000e+00 4.02000000e+01 6.66105176e+00 4.02000000e+01 -3.31204447e+00
 4.05000000e+01 0.00000000e+00 4.05000000e+01 5.83209871e+00 4.05000000e+01 -3.12055658e+00
 4.08000000e+01 0.00000000e+00 4.08000000e+01 6.36000136e+00 4.08000000e+01 -3.21047978e+00
 4.11000000e+01 0.00000000e+00 4.11000000e+01 6.19715373e+00 4.11000000e+01 -2.97694309e+00
 4.14000000e+01 0.00000000e+00 4.14000000e+01 5.81173687e+00 4.14000000e+01 -2.93167486e+00
 4.17000000e+01 0.00000000e+00 4.17000000e+01 5.28023429e+00 4.17000000e+01 -3.41624798e+00
 4.20000000e+01 0.00000000e+00 4.20000000e+01 5.92048306e+00 4.20000000e+01 -2.86874737e+00
 4.23000000e+01 0.00000000e+00 4.23000000e+01 5.84412963e+00 4.23000000e+01 -2.87623373e+00
 4.26000000e+01 0.00000000e+00 4.26000000e+01 5.93383337e+00 4.26000000e+01 -2.36277881e+00
 4.29000000e+01 0.00000000e+00 4.29000000e+01 5.56356234e+00 4.29000000e+01 -2.17918421e+00
 4.32000000e+01 0.00000000e+00 4.32000000e+01 5.17099105e+00 4.32000000e+01 -3.80687013e+00
 4.35000000e+01 0.00000000e+00 4.35000000e+01 5.26592496e+00 4.35000000e+01 -3.35647437e+00
 4.38000000e+01 0.00000000e+00 4.38000000e+01 5.94775146e+00 4.38000000e+01 -3.24558311e+00
 4.41000000e+01 0.00000000e+00 4.41000000e+01 6.21550728e+00 4.41000000e+01 -2.80724899e+00
 4.44000000e+01 0.00000000e+00 4.44000000e+01 5.65878168e+00 4.44000000e+01 -2.86876690e+00
 4.47000000e+01 0.00000000e+00 4.47000000e+01 6.00908723e+00 4.47000000e+01 -3.21085185e+00
 4.50000000e+01 0.00000000e+00 4.50000000e+01 6.03542755e+00 4.50000000e+01 -3.49103937e+00
 4.53000000e+01 0.00000000e+00 4.53000000e+01 5.38120494e+00 4.53000000e+01 -3.26561405e+00
 4.56000000e+01 0.00000000e+00 4.56000000e+01 5.86539943e+00 4.56000000e+01 -3.28846296e+00
 4.59000000e+01 0.00000000e+00 4.59000000e+01 5.82367200e+00 4.59000000e+01 -2.48251355e+00
 4.62000000e+01 0.00000000e+00 4.62000000e+01 5.22475428e+00 4.62000000e+01 -2.82496366e+00
 4.65000000e+01 0.00000000e+00 4.65000000e+01 5.47603222e+00 4.65000000e+01 -3.26223905e+00
 4.68000000e+01 0.00000000e+00 4.68000000e+01 5.55488094e+00 4.68000000e+01 -3.20652112e+00
 4.71000000e+01 0.00000000e+00 4.71000000e+01 5.22183877e+00 4.71000000e+01 -3.17743653e+00
 4.74000000e+01 0.00000000e+00 4.74000000e+01 6.32298414e+00 4.74000000e+01 -3.27913434e+00
 4.77000000e+01 0.00000000e+00 4.77000000e+01 5.25557318e+00 4.77000000e+01 -3.24466905e+00
 4.80000000e+01 0.00000000e+00 4.80000000e+01 6.37395254e+00 4.80000000e+01 -3.43951104e+00
 4.83000000e+01 0.00000000e+00 4.83000000e+01 6.17599240e+00 4.83000000e+01 -3.76792967e+00
 4.86000000e+01 0.00000000e+00 4.86000000e+01 6.23073085e+00 4.86000000e+01 -2.79428548e+00
 4.89000000e+01 0.00000000e+00 4.89000000e+01 6.38196864e+00 4.89000000e+01 -3.13030257e+00
 4.92000000e+01 0.00000000e+00 4.92000000e+01 5.99235988e+00 4.92000000e+01 -2.43293029e+00
 4.95000000e+01 0.00000000e+00 4.95000000e+01 5.67353783e+00 4.95000000e+01 -3.25566251e+00
 4.98000000e+01 0.00000000e+00 4.98000000e+01 6.05998094e+00 4.98000000e+01 -3.09099561e+00
 5.01000000e+01 0.00000000e+00 5.01000000e+01 4.19959302e+00 5.01000000e+01 -3.17405952e+00
 5.04000000e+01 0.00000000e+00 5.04000000e+01 4.18959750e+00 5.04000000e+01 -3.63113688e+00
 5.07000000e+01 0.00000000e+00 5.07000000e+01 4.28544895e+00 5.07000000e+01 -2.88909133e+00
 5.10000000e+01 0.00000000e+00 5.10000000e+01 4.16242331e+00 5.10000000e+01 -3.17334377e+00
 5.13000000e+01 0.00000000e+00 5.13000000e+01 3.80878381e+00 5.13000000e+01 -3.26608547e+00
 5.16000000e+01 0.00000000e+00 5.16000000e+01 3.65634294e+00 5.16000000e+01 -3.23765062e+00
 5.19000000e+01 0.00000000e+00 5.19000000e+01 3.85911216e+00 5.19000000e+01 -3.06213959e+00
 5.22000000e+01 0.00000000e+00 5.22000000e+01 3.42811328e+00 5.22000000e+01 -3.30121838e+00
 5.25000000e+01 0.00000000e+00 5.25000000e+01 4.24414886e+00 5.25000000e+01 -3.23443639e+00
 5.28000000e+01 0.00000000e+00 5.28000000e+01 3.47200820e+00 5.28000000e+01 -3.33885494e+00
 5.31000000e+01 0.00000000e+00 5.31000000e+01 3.86370877e+00 5.31000000e+01 -3.28424756e+00
 5.34000000e+01 0.00000000e+00 5.34000000e+01 3.48113126e+00 5.34000000e+01 -3.28011755e+00
 5.37000000e+01 0.00000000e+00 5.37000000e+01 3.87759619e+00 5.37000000e+01 -2.81283815e+00
 5.40000000e+01 0.00000000e+00 5.40000000e+01 4.46232265e+00 5.40000000e+01 -3.04575222e+00
 5.43000000e+01 0.00000000e+00 5.43000000e+01 4.07965249e+00 5.43000000e+01 -2.49834089e+00
 5.46000000e+01 0.00000000e+00 5.46000000e+01 3.67575387e+00 5.46000000e+01 -3.50386736e+00
 5.49000000e+01 0.00000000e+00 5.49000000e+01 3.95133215e+00 5.49000000e+01 -3.19822141e+00
 5.52000000e+01 0.00000000e+00 5.52000000e+01 7.22419099e+00 5.52000000e+01 -5.30632155e+00
 5.55000000e+01 0.00000000e+00 5.55000000e+01 7.22063615e+00 5.55000000e+01 -5.54139025e+00
 5.58000000e+01 0.00000000e+00 5.58000000e+01 7.54625085e+00 5.58000000e+01 -6.18455064e+00
 5.61000000e+01 0.00000000e+00 5.61000000e+01 7.15728337e+00 5.61000000e+01 -5.05052619e+00
 5.64000000e+01 0.00000000e+00 5.64000000e+01 7.33051329e+00 5.64000000e+01 -5.79920726e+00
 5.67000000e+01 0.00000000e+00 5.67000000e+01 7.80290006e+00 5.67000000e+01 -4.85458334e+00
 5.70000000e+01 0.00000000e+00 5.70000000e+01 7.44624037e+00 5.70000000e+01 -5.61175563e+00
 5.73000000e+01 0.00000000e+00 5.73000000e+01 7.97687202e+00 5.73000000e+01 -5.66152121e+00
 5.76000000e+01 0.00000000e+00 5.76000000e+01 7.61937899e+00 5.76000000e+01 -4.98234211e+00
 5.79000000e+01 0.00000000e+00 5.79000000e+01 8.21985677e+00 5.79000000e+01 -5.45122703e+00
 5.82000000e+01 0.00000000e+00 5.82000000e+01 7.52124662e+00 5.82000000e+01 -5.62091900e+00
 5.85000000e+01 0.00000000e+00 5.85000000e+01 7.66459896e+00 5.85000000e+01 -5.67020681e+00
 5.88000000e+01 0.00000000e+00 5.88000000e+01 7.86073915e+00 5.88000000e+01 -5.64831085e+00
 5.91000000e+01 0.00000000e+00 5.91000000e+01 7.54000419e+00 5.91000000e+01 -5.68430856e+00
 5.94000000e+01 0.00000000e+00 5.94000000e+01 7.44058197e+00 5.94000000e+01 -5.66780844e+00
 5.97000000e+01 0.00000000e+00 5.97000000e+01 7.51412767e+00 5.97000000e+01 -5.47665187e+00
