 0.00000000e+00 0.00000000e+00 0.00000000e+00 7.96305608e+00 0.00000000e+00 -6.07799382e+00
 3.00000000e-01 0.00000000e+00 3.00000000e-01 8.34158018e+00 3.00000000e-01 -5.37312398e+00
 6.00000000e-01 0.00000000e+00 6.00000000e-01 8.05072439e+00 6.00000000e-01 -4.93176114e+00
 9.00000000e-01 0.00000000e+00 9.00000000e-01 7.97483792e+00 9.00000000e-01 -5.64653993e+00
 1.20000000e+00 0.00000000e+00 1.20000000e+00 7.75417196e+00 1.20000000e+00 -5.46701634e+00
 1.50000000e+00 0.00000000e+00 1.50000000e+00 7.97252147e+00 1.50000000e+00 -5.86897038e+00
 1.80000000e+00 0.00000000e+00 1.80000000e+00 7.78869659e+00 1.80000000e+00 -5.47569896e+00
 2.10000000e+00 0.00000000e+00 2.10000000e+00 7.85130759e+00 2.10000000e+00 -5.22403418e+00
 2.40000000e+00 0.00000000e+00 2.40000000e+00 8.57151779e+00 2.40000000e+00 -5.39396404e+00
 2.70000000e+00 0.00000000e+00 2.70000000e+00 8.45463002e+00 2.70000000e+00 -5.48830054e+00
 3.00000000e+00 0.00000000e+00 3.00000000e+00 8.55585214e+00 3.00000000e+00 -5.28015425e+00
 3.30000000e+00 0.00000000e+00 3.30000000e+00 7.84018417e+00 3.30000000e+00 -6.29926344e+00
 3.60000000e+00 0.00000000e+00 3.60000000e+00 8.15258724e+00 3.60000000e+00 -5.74400349e+00
 3.90000000e+00 0.00000000e+00 3.90000000e+00 8.42502586e+00 3.90000000e+00 -4.70347941e+00
 4.20000000e+00 0.00000000e+00 4.20000000e+00 8.37505966e+00 4.20000000e+00 -5.32036865e+00
 4.50000000e+00 0.00000000e+00 4.50000000e+00 8.18655318e+00 4.50000000e+00 -5.55332924e+00
 4.80000000e+00 0.00000000e+00 4.80000000e+00 7.95695257e+00 4.80000000e+00 -5.30910093e+00
 5.10000000e+00 0.00000000e+00 5.10000000e+00 8.16207494e+00 5.10000000e+00 -5.68040082e+00
 5.40000000e+00 0.00000000e+00 5.40000000e+00 8.87255607e+00 5.40000000e+00 -5.31621914e+00
 5.70000000e+00 0.00000000e+00 5.70000000e+00 7.54355786e+00 5.70000000e+00 -5.71425112e+00
 6.00000000e+00 0.00000000e+00 6.00000000e+00 8.12424417e+00 6.00000000e+00 -6.06852421e+00
 6.30000000e+00 0.00000000e+00 6.30000000e+00 8.24069064e+00 6.30000000e+00 -6.04983794e+00
 6.60000000e+00 0.00000000e+00 6.60000000e+00 8.12224197e+00 6.60000000e+00 -5.54902676e+00
 6.90000000e+00 0.00000000e+00 6.90000000e+00 7.89249696e+00 6.90000000e+00 -6.19770055e+00
 7.20000000e+00 0.00000000e+00 7.20000000e+00 8.72543849e+00 7.20000000e+00 -5.39457714e+00
 7.50000000e+00 0.00000000e+00 7.50000000e+00 7.93288874e+00 7.50000000e+00 -6.10387937e+00
 7.80000000e+00 0.00000000e+00 7.80000000e+00 8.12495892e+00 7.80000000e+00 -4.91822013e+00
 8.10000000e+00 0.00000000e+00 8.10000000e+00 8.33818483e+00 8.10000000e+00 -5.33044662e+00
 8.40000000e+00 0.00000000e+00 8.40000000e+00 8.15569784e+00 8.40000000e+00 -5.69801433e+00
 8.70000000e+00 0.00000000e+00 8.70000000e+00 8.51052521e+00 8.70000000e+00 -5.86669451e+00
 9.00000000e+00 0.00000000e+00 9.00000000e+00 8.23121000e+00 9.00000000e+00 -4.79408983e+00
 9.30000000e+00 0.00000000e+00 9.30000000e+00 8.72077778e+00 9.30000000e+00 -5.07949913e+00
 9.60000000e+00 0.00000000e+00 9.60000000e+00 8.05900503e+00 9.60000000e+00 -4.91016057e+00
 9.90000000e+00 0.00000000e+00 9.90000000e+00 8.09387113e+00 9.90000000e+00 -5.34411936e+00
 1.02000000e+01 0.00000000e+00 1.02000000e+01 8.36386322e+00 1.02000000e+01 -4.78027345e+00
 1.05000000e+01 0.00000000e+00 1.05000000e+01 8.28939683e+00 1.05000000e+01 -5.65106762e+00
 1.08000000e+01 0.00000000e+00 1.08000000e+01 7.86737439e+00 1.08000000e+01 -5.44410268e+00
 1.11000000e+01 0.00000000e+00 1.11000000e+01 7.68067750e+00 1.11000000e+01 -5.62715592e+00
 1.14000000e+01 0.00000000e+00 1.14000000e+01 8.21621891e+00 1.14000000e+01 -4.93943436e+00
 1.17000000e+01 0.00000000e+00 1.17000000e+01 8.42669267e+00 1.17000000e+01 -5.31416345e+00
 1.20000000e+01 0.00000000e+00 1.20000000e+01 7.69095358e+00 1.20000000e+01 -5.87153426e+00
 1.23000000e+01 0.00000000e+00 1.23000000e+01 8.31322717e+00 1.23000000e+01 -5.08785460e+00
 1.26000000e+01 0.00000000e+00 1.26000000e+01 8.37112108e+00 1.26000000e+01 -6.14983669e+00
 1.29000000e+01 0.00000000e+00 1.29000000e+01 8.25095578e+00 1.29000000e+01 -5.74392582e+00
 1.32000000e+01 0.00000000e+00 1.32000000e+01 8.10545685e+00 1.32000000e+01 -5.33440205e+00
 1.35000000e+01 0.00000000e+00 1.35000000e+01 8.75800147e+00 1.35000000e+01 -5.59950016e+00
 1.38000000e+01 0.00000000e+00 1.38000000e+01 7.93276520e+00 1.38000000e+01 -5.42329015e+00
 1.41000000e+01 0.00000000e+00 1.41000000e+01 7.89542849e+00 1.41000000e+01 -5.19890204e+00
 1.44000000e+01 0.00000000e+00 1.44000000e+01 8.51736640e+00 1.44000000e+01 -5.49249043e+00
 1.47000000e+01 0.00000000e+00 1.47000000e+01 7.91694557e+00 1.47000000e+01 -5.75980997e+00
 1.50000000e+01 0.00000000e+00 1.50000000e+01 8.30090216e+00 1.50000000e+01 -5.64842830e+00
 1.53000000e+01 0.00000000e+00 1.53000000e+01 1.71754021e+00 1.53000000e+01 -4.60229182e+00
 1.56000000e+01 0.00000000e+00 1.56000000e+01 1.86114430e+00 1.56000000e+01 -4.81408364e+00
 1.59000000e+01 0.00000000e+00 1.59000000e+01 1.63027789e+00 1.59000000e+01 -4.29928017e+00
 1.62000000e+01 0.00000000e+00 1.62000000e+01 1.22892153e+00 1.62000000e+01 -4.75546464e+00
 1.65000000e+01 0.00000000e+00 1.65000000e+01 1.09177307e+00 1.65000000e+01 -5.39482488e+00
 1.68000000e+01 0.00000000e+00 1.68000000e+01 8.41342847e-01 1.68000000e+01 -4.53064827e+00
 1.71000000e+01 0.00000000e+00 1.71000000e+01 1.11600149e+00 1.71000000e+01 -4.69809798e+00
 1.74000000e+01 0.00000000e+00 1.74000000e+01 1.65331938e+00 1.74000000e+01 -4.26548660e+00
 1.77000000e+01 0.00000000e+00 1.77000000e+01 1.98895213e+00 1.77000000e+01 -4.64938107e+00
 1.80000000e+01 0.00000000e+00 1.80000000e+01 1.78289325e+00 1.80000000e+01 -4.49337858e+00
 1.83000000e+01 0.00000000e+00 1.83000000e+01 9.53985797e-01 1.83000000e+01 -4.28984299e+00
 1.86000000e+01 0.00000000e+00 1.86000000e+01 1.15284276e+00 1.86000000e+01 -4.60508729e+00
 1.89000000e+01 0.00000000e+00 1.89000000e+01 1.35182165e+00 1.89000000e+01 -4.59117980e+00
 1.92000000e+01 0.00000000e+00 1.92000000e+01 1.40001004e+00 1.92000000e+01 -5.56068792e+00
 1.95000000e+01 0.00000000e+00 1.95000000e+01 1.50353438e+00 1.95000000e+01 -5.45205153e+00
 1.98000000e+01 0.00000000e+00 1.98000000e+01 9.78080866e-01 1.98000000e+01 -4.89165783e+00
 2.01000000e+01 0.00000000e+00 2.01000000e+01 1.06620968e+00 2.01000000e+01 -4.55369308e+00
 2.04000000e+01 0.00000000e+00 2.04000000e+01 1.51314515e+00 2.04000000e+01 -4.75588556e+00
 2.07000000e+01 0.00000000e+00 2.07000000e+01 1.29454403e+00 2.07000000e+01 -4.47494451e+00
 2.10000000e+01 0.00000000e+00 2.10000000e+01 1.06424370e+00 2.10000000e+01 -5.39828467e+00
 2.13000000e+01 0.00000000e+00 2.13000000e+01 1.13052379e+00 2.13000000e+01 -4.16499403e+00
 2.16000000e+01 0.00000000e+00 2.16000000e+01 1.93136990e+00 2.16000000e+01 -4.54020278e+00
 2.19000000e+01 0.00000000e+00 2.19000000e+01 8.30552619e-01 2.19000000e+01 -4.14833325e+00
 2.22000000e+01 0.00000000e+00 2.22000000e+01 1.45196928e+00 2.22000000e+01 -4.68751442e+00
 2.25000000e+01 0.00000000e+00 2.25000000e+01 1.76891477e+00 2.25000000e+01 -4.63240577e+00
 2.28000000e+01 0.00000000e+00 2.28000000e+01 9.96265786e-01 2.28000000e+01 -5.01326370e+00
 2.31000000e+01 0.00000000e+00 2.31000000e+01 1.15282067e+00 2.31000000e+01 -5.15194249e+00
 2.34000000e+01 0.00000000e+00 2.34000000e+01 9.47620239e-01 2.34000000e+01 -4.50746141e+00
 2.37000000e+01 0.00000000e+00 2.37000000e+01 1.64002672e+00 2.37000000e+01 -4.91548982e+00
 2.40000000e+01 0.00000000e+00 2.40000000e+01 1.13914533e+00 2.40000000e+01 -4.78385476e+00
 2.43000000e+01 0.00000000e+00 2.43000000e+01 8.23027951e-01 2.43000000e+01 -5.03726720e+00
 2.46000000e+01 0.00000000e+00 2.46000000e+01 1.53765250e+00 2.46000000e+01 -4.99921737e+00
 2.49000000e+01 0.00000000e+00 2.49000000e+01 1.80949112e+00 2.49000000e+01 -4.46161325e+00
 2.52000000e+01 0.00000000e+00 2.52000000e+01 4.85979195e+00 2.52000000e+01 -6.22037606e+00
 2.55000000e+01 0.00000000e+00 2.55000000e+01 4.52609839e+00 2.55000000e+01 -6.23191492e+00
 2.58000000e+01 0.00000000e+00 2.58000000e+01 4.21892236e+00 2.58000000e+01 -6.56189807e+00
 2.61000000e+01 0.00000000e+00 2.61000000e+01 4.69027459e+00 2.61000000e+01 -6.27106451e+00
 2.64000000e+01 0.00000000e+00 2.64000000e+01 5.30906641e+00 2.64000000e+01 -6.31934499e+00
 2.67000000e+01 0.00000000e+00 2.67000000e+01 4.66275112e+00 2.67000000e+01 -6.84769689e+00
 2.70000000e+01 0.00000000e+00 2.70000000e+01 4.69545790e+00 2.70000000e+01 -6.35281152e+00
 2.73000000e+01 0.00000000e+00 2.73000000e+01 4.54310102e+00 2.73000000e+01 -6.31170665e+00
 2.76000000e+01 0.00000000e+00 2.76000000e+01 4.49824898e+00 2.76000000e+01 -6.51125814e+00
 2.79000000e+01 0.00000000e+00 2.79000000e+01 5.38429644e+00 2.79000000e+01 -5.93609872e+00
 2.82000000e+01 0.00000000e+00 2.82000000e+01 5.33784418e+00 2.82000000e+01 -6.42787235e+00
 2.85000000e+01 0.00000000e+00 2.85000000e+01 4.72459735e+00 2.85000000e+01 -6.15933287e+00
 2.88000000e+01 0.00000000e+00 2.88000000e+01 4.49240525e+00 2.88000000e+01 -5.91948507e+00
 2.91000000e+01 0.00000000e+00 2.91000000e+01 5.37822549e+00 2.91000000e+01 -6.36631243e+00
 2.94000000e+01 0.00000000e+00 2.94000000e+01 5.00104531e+00 2.94000000e+01 -5.74255916e+00
 2.97000000e+01 0.00000000e+00 2.97000000e+01 5.54560965e+00 2.97000000e+01 -6.46870646e+00
 3.00000000e+01 0.00000000e+00 3.00000000e+01 4.80302572e+00 3.00000000e+01 -6.88076685e+00
 3.03000000e+01 0.00000000e+00 3.03000000e+01 5.01316118e+00 3.03000000e+01 -5.78918491e+00
 3.06000000e+01 0.00000000e+00 3.06000000e+01 4.76192978e+00 3.06000000e+01 -5.98461216e+00
 3.09000000e+01 0.00000000e+00 3.09000000e+01 4.70465059e+00 3.09000000e+01 -6.51468917e+00
 3.12000000e+01 0.00000000e+00 3.12000000e+01 4.94134243e+00 3.12000000e+01 -6.36643704e+00
 3.15000000e+01 0.00000000e+00 3.15000000e+01 5.03019272e+00 3.15000000e+01 -6.30538000e+00
 3.18000000e+01 0.00000000e+00 3.18000000e+01 4.93244606e+00 3.18000000e+01 -6.46884820e+00
 3.21000000e+01 0.00000000e+00 3.21000000e+01 4.67250071e+00 3.21000000e+01 -6.66612128e+00
 3.24000000e+01 0.00000000e+00 3.24000000e+01 5.06267201e+00 3.24000000e+01 -5.98294755e+00
 3.27000000e+01 0.00000000e+00 3.27000000e+01 5.38833338e+00 3.27000000e+01 -5.89690138e+00
 3.30000000e+01 0.00000000e+00 3.30000000e+01 4.88806274e+00 3.30000000e+01 -7.01223033e+00
 3.33000000e+01 0.00000000e+00 3.33000000e+01 5.39426945e+00 3.33000000e+01 -6.44966916e+00
 3.36000000e+01 0.00000000e+00 3.36000000e+01 5.11465825e+00 3.36000000e+01 -6.05358359e+00
 3.39000000e+01 0.00000000e+00 3.39000000e+01 5.44749931e+00 3.39000000e+01 -6.54494155e+00
 3.42000000e+01 0.00000000e+00 3.42000000e+01 4.78386282e+00 3.42000000e+01 -6.39845714e+00
 3.45000000e+01 0.00000000e+00 3.45000000e+01 4.75582431e+00 3.45000000e+01 -6.35407336e+00
 3.48000000e+01 0.00000000e+00 3.48000000e+01 5.10554874e+00 3.48000000e+01 -5.80854635e+00
 3.51000000e+01 0.00000000e+00 3.51000000e+01 5.57541836e+00 3.51000000e+01 -1.63600478e+00
 3.54000000e+01 0.00000000e+00 3.54000000e+01 5.11022744e+00 3.54000000e+01 -1.74738647e+00
 3.57000000e+01 0.00000000e+00 3.57000000e+01 5.95669301e+00 3.57000000e+01 -2.46080708e+00
 3.60000000e+01 0.00000000e+00 3.60000000e+01 4.99174309e+00 3.60000000e+01 -2.27064923e+00
 3.63000000e+01 0.00000000e+00 3.63000000e+01 5.02715217e+00 3.63000000e+01 -1.71830763e+00
 3.66000000e+01 0.00000000e+00 3.66000000e+01 5.71098662e+00 3.66000000e+01 -2.47364007e+00
 3.69000000e+01 0.00000000e+00 3.69000000e+01 5.58550229e+00 3.69000000e+01 -2.53582866e+00
 3.72000000e+01 0.00000000e+00 3.72000000e+01 4.61636900e+00 3.72000000e+01 -2.07825185e+00
 3.75000000e+01 0.00000000e+00 3.75000000e+01 5.36791562e+00 3.75000000e+01 -2.48429819e+00
 3.78000000e+01 0.00000000e+00 3.78000000e+01 5.10724955e+00 3.78000000e+01 -1.96077866e+00
 3.81000000e+01 0.00000000e+00 3.81000000e+01 4.63958432e+00 3.81000000e+01 -2.95230279e+00
 3.84000000e+01 0.00000000e+00 3.84000000e+01 5.44650031e+00 3.84000000e+01 -1.70541797e+00
 3.87000000e+01 0.00000000e+00 3.87000000e+01 4.98473540e+00 3.87000000e+01 -2.88426391e+00
 3.90000000e+01 0.00000000e+00 3.90000000e+01 4.93371544e+00 3.90000000e+01 -2.39018669e+00
 3.93000000e+01 0.00000000e+00 3.93000000e+01 4.70462370e+00 3.93000000e+01 -2.04112576e+00
 3.96000000e+01 0.00000000e+00 3.96000000e+01 5.58433307e+00 3.96000000e+01 -1.38574366e+00
 3.99000000e+01 0.00000000e+00 3.99000000e+01 5.09063581e+00 3.99000000e+01 -2.09976254e+00
 4.02000000e+01 0.00000000e+00 4.02000000e+01 6.17335014e+00 4.02000000e+01 9.18712629e-01
 4.05000000e+01 0.00000000e+00 4.05000000e+01 5.59185644e+00 4.05000000e+01 6.73474982e-01
 4.08000000e+01 0.00000000e+00 4.08000000e+01 5.57908611e+00 4.08000000e+01 5.25495964e-01
 4.11000000e+01 0.00000000e+00 4.11000000e+01 5.63997661e+00 4.11000000e+01 1.45367337e-01
 4.14000000e+01 0.00000000e+00 4.14000000e+01 5.86492237e+00 4.14000000e+01 2.75980272e-01
 4.17000000e+01 0.00000000e+00 4.17000000e+01 6.19743463e+00 4.17000000e+01 -2.71234520e-01
 4.20000000e+01 0.00000000e+00 4.20000000e+01 5.04491681e+00 4.20000000e+01 8.34222251e-01
 4.23000000e+01 0.00000000e+00 4.23000000e+01 5.18933199e+00 4.23000000e+01 3.60399905e-01
 4.26000000e+01 0.00000000e+00 4.26000000e+01 5.41104987e+00 4.26000000e+01 5.54674860e-01
 4.29000000e+01 0.00000000e+00 4.29000000e+01 5.81414615e+00 4.29000000e+01 1.86895031e-01
 4.32000000e+01 0.00000000e+00 4.32000000e+01 5.78602282e+00 4.32000000e+01 5.16460102e-01
 4.35000000e+01 0.00000000e+00 4.35000000e+01 5.97445913e+00 4.35000000e+01 -6.60148860e-02
 4.38000000e+01 0.00000000e+00 4.38000000e+01 6.03436950e+00 4.38000000e+01 1.50237401e-01
 4.41000000e+01 0.00000000e+00 4.41000000e+01 4.99061371e+00 4.41000000e+01 6.73880168e-01
 4.44000000e+01 0.00000000e+00 4.44000000e+01 5.74534182e+00 4.44000000e+01 8.40909760e-01
 4.47000000e+01 0.00000000e+00 4.47000000e+01 5.31310669e+00 4.47000000e+01 7.81595122e-03
 4.50000000e+01 0.00000000e+00 4.50000000e+01 6.34788113e+00 4.50000000e+01 3.90784006e-01
 4.53000000e+01 0.00000000e+00 4.53000000e+01 5.48834003e+00 4.53000000e+01 8.27044853e-01
 4.56000000e+01 0.00000000e+00 4.56000000e+01 5.38908450e+00 4.56000000e+01 3.02247274e-01
 4.59000000e+01 0.00000000e+00 4.59000000e+01 5.99216334e+00 4.59000000e+01 5.53984520e-01
 4.62000000e+01 0.00000000e+00 4.62000000e+01 5.28352454e+00 4.62000000e+01 3.45040418e-01
 4.65000000e+01 0.00000000e+00 4.65000000e+01 5.58107298e+00 4.65000000e+01 5.99573928e-01
 4.68000000e+01 0.00000000e+00 4.68000000e+01 6.23192224e+00 4.68000000e+01 8.77533675e-01
 4.71000000e+01 0.00000000e+00 4.71000000e+01 6.05771890e+00 4.71000000e+01 3.56220290e-01
 4.74000000e+01 0.00000000e+00 4.74000000e+01 5.83806819e+00 4.74000000e+01 6.57242526e-01
 4.77000000e+01 0.00000000e+00 4.77000000e+01 6.02710519e+00 4.77000000e+01 -1.58685624e-01
 4.80000000e+01 0.00000000e+00 4.80000000e+01 5.59693524e+00 4.80000000e+01 4.34061399e-01
 4.83000000e+01 0.00000000e+00 4.83000000e+01 5.32142462e+00 4.83000000e+01 1.87772068e-02
 4.86000000e+01 0.00000000e+00 4.86000000e+01 6.03863788e+00 4.86000000e+01 5.40981063e-01
 4.89000000e+01 0.00000000e+00 4.89000000e+01 5.61076518e+00 4.89000000e+01 1.88715466e-01
 4.92000000e+01 0.00000000e+00 4.92000000e+01 5.66462475e+00 4.92000000e+01 5.74985509e-01
 4.95000000e+01 0.00000000e+00 4.95000000e+01 6.15619044e+00 4.95000000e+01 5.56873225e-01
 4.98000000e+01 0.00000000e+00 4.98000000e+01 4.94881899e+00 4.98000000e+01 3.26888465e-01
 5.01000000e+01 0.00000000e+00 5.01000000e+01 1.30874226e+00 5.01000000e+01 -5.07840906e+00
 5.04000000e+01 0.00000000e+00 5.04000000e+01 1.33118371e+00 5.04000000e+01 -4.85833799e+00
 5.07000000e+01 0.00000000e+00 5.07000000e+01 1.53565484e+00 5.07000000e+01 -4.55002187e+00
 5.10000000e+01 0.00000000e+00 5.10000000e+01 8.56400950e-01 5.10000000e+01 -4.65172730e+00
 5.13000000e+01 0.00000000e+00 5.13000000e+01 1.73550080e+00 5.13000000e+01 -4.72881434e+00
 5.16000000e+01 0.00000000e+00 5.16000000e+01 4.59475356e-01 5.16000000e+01 -4.61190160e+00
 5.19000000e+01 0.00000000e+00 5.19000000e+01 1.65741177e+00 5.19000000e+01 -3.70177681e+00
 5.22000000e+01 0.00000000e+00 5.22000000e+01 9.54171841e-01 5.22000000e+01 -4.24373421e+00
 5.25000000e+01 0.00000000e+00 5.25000000e+01 1.48419034e+00 5.25000000e+01 -4.57416424e+00
 5.28000000e+01 0.00000000e+00 5.28000000e+01 9.16117205e-01 5.28000000e+01 -4.30946697e+00
 5.31000000e+01 0.00000000e+00 5.31000000e+01 1.14423654e+00 5.31000000e+01 -4.49302733e+00
 5.34000000e+01 0.00000000e+00 5.34000000e+01 1.64125771e+00 5.34000000e+01 -4.65411553e+00
 5.37000000e+01 0.00000000e+00 5.37000000e+01 1.11452364e+00 5.37000000e+01 -4.37165714e+00
 5.40000000e+01 0.00000000e+00 5.40000000e+01 1.70583389e+00 5.40000000e+01 -4.96753751e+00
 5.43000000e+01 0.00000000e+00 5.43000000e+01 1.30353738e+00 5.43000000e+01 -3.99819538e+00
 5.46000000e+01 0.00000000e+00 5.46000000e+01 1.89602436e+00 5.46000000e+01 -4.63028923e+00
 5.49000000e+01 0.00000000e+00 5.49000000e+01 1.21229448e+00 5.49000000e+01 -4.58685756e+00
 5.52000000e+01 0.00000000e+00 5.52000000e+01 8.64283465e+00 5.52000000e+01 -5.69797279e+00
 5.55000000e+01 0.00000000e+00 5.55000000e+01 8.08035900e+00 5.55000000e+01 -5.31096934e+00
 5.58000000e+01 0.00000000e+00 5.58000000e+01 8.50799808e+00 5.58000000e+01 -4.98222248e+00
 5.61000000e+01 0.00000000e+00 5.61000000e+01 8.59840457e+00 5.61000000e+01 -5.26869701e+00
 5.64000000e+01 0.00000000e+00 5.64000000e+01 8.11225017e+00 5.64000000e+01 -5.43387228e+00
 5.67000000e+01 0.00000000e+00 5.67000000e+01 8.26005780e+00 5.67000000e+01 -5.23087487e+00
 5.70000000e+01 0.00000000e+00 5.70000000e+01 8.23431334e+00 5.70000000e+01 -5.64602153e+00
 5.73000000e+01 0.00000000e+00 5.73000000e+01 8.38333961e+00 5.73000000e+01 -5.90262194e+00
 5.76000000e+01 0.00000000e+00 5.76000000e+01 8.06332693e+00 5.76000000e+01 -5.64265744e+00
 5.79000000e+01 0.00000000e+00 5.79000000e+01 8.59606613e+00 5.79000000e+01 -5.34125405e+00
 5.82000000e+01 0.00000000e+00 5.82000000e+01 7.70791621e+00 5.82000000e+01 -5.40229879e+00
 5.85000000e+01 0.00000000e+00 5.85000000e+01 8.17248381e+00 5.85000000e+01 -5.59807568e+00
 5.88000000e+01 0.00000000e+00 5.88000000e+01 8.77892986e+00 5.88000000e+01 -5.36828250e+00
 5.91000000e+01 0.00000000e+00 5.91000000e+01 7.60580177e+00 5.91000000e+01 -4.63819512e+00
 5.94000000e+01 0.00000000e+00 5.94000000e+01 8.36669236e+00 5.94000000e+01 -5.18778390e+00
 5.97000000e+01 0.00000000e+00 5.97000000e+01 8.57064158e+00 5.97000000e+01 -5.30394885e+00
