 0.00000000e+00 0.00000000e+00 0.00000000e+00 7.81353624e+00 0.00000000e+00 -4.59163895e+00
 3.00000000e-01 0.00000000e+00 3.00000000e-01 7.89698270e+00 3.00000000e-01 -4.43933215e+00
 6.00000000e-01 0.00000000e+00 6.00000000e-01 7.96119195e+00 6.00000000e-01 -4.46382089e+00
 9.00000000e-01 0.00000000e+00 9.00000000e-01 7.46405696e+00 9.00000000e-01 -4.01744479e+00
 1.20000000e+00 0.00000000e+00 1.20000000e+00 7.61767658e+00 1.20000000e+00 -4.94501381e+00
 1.50000000e+00 0.00000000e+00 1.50000000e+00 7.23808780e+00 1.50000000e+00 -4.77788327e+00
 1.80000000e+00 0.00000000e+00 1.80000000e+00 7.29361844e+00 1.80000000e+00 -4.66802078e+00
 2.10000000e+00 0.00000000e+00 2.10000000e+00 7.55303315e+00 2.10000000e+00 -5.15505013e+00
 2.40000000e+00 0.00000000e+00 2.40000000e+00 7.48025126e+00 2.40000000e+00 -4.30529641e+00
 2.70000000e+00 0.00000000e+00 2.70000000e+00 7.55986784e+00 2.70000000e+00 -3.55254348e+00
 3.00000000e+00 0.00000000e+00 3.00000000e+00 7.56601334e+00 3.00000000e+00 -5.34183825e+00
 3.30000000e+00 0.00000000e+00 3.30000000e+00 7.42528042e+00 3.30000000e+00 -4.14318134e+00
 3.60000000e+00 0.00000000e+00 3.60000000e+00 7.33272407e+00 3.60000000e+00 -4.54920034e+00
 3.90000000e+00 0.00000000e+00 3.90000000e+00 7.37138029e+00 3.90000000e+00 -4.25408984e+00
 4.20000000e+00 0.00000000e+00 4.20000000e+00 6.95961023e+00 4.20000000e+00 -4.97560486e+00
 4.50000000e+00 0.00000000e+00 4.50000000e+00 7.06903285e+00 4.50000000e+00 -4.92833478e+00
 4.80000000e+00 0.00000000e+00 4.80000000e+00 7.19233889e+00 4.80000000e+00 -4.71534223e+00
 5.10000000e+00 0.00000000e+00 5.10000000e+00 7.04716492e+00 5.10000000e+00 -4.96766508e+00
 5.40000000e+00 0.00000000e+00 5.40000000e+00 7.20738813e+00 5.40000000e+00 -4.48555542e+00
 5.70000000e+00 0.00000000e+00 5.70000000e+00 7.51934351e+00 5.70000000e+00 -4.89715357e+00
 6.00000000e+00 0.00000000e+00 6.00000000e+00 7.14816488e+00 6.00000000e+00 -4.34049476e+00
 6.30000000e+00 0.00000000e+00 6.30000000e+00 7.25018332e+00 6.30000000e+00 -4.98797894e+00
 6.60000000e+00 0.00000000e+00 6.60000000e+00 7.64281544e+00 6.60000000e+00 -4.41412993e+00
 6.90000000e+00 0.00000000e+00 6.90000000e+00 6.99992769e+00 6.90000000e+00 -4.50558163e+00
 7.20000000e+00 0.00000000e+00 7.20000000e+00 7.45236894e+00 7.20000000e+00 -5.40726756e+00
 7.50000000e+00 0.00000000e+00 7.50000000e+00 7.40501587e+00 7.50000000e+00 -5.10198555e+00
 7.80000000e+00 0.00000000e+00 7.80000000e+00 7.77535482e+00 7.80000000e+00 -3.88974472e+00
 8.10000000e+00 0.00000000e+00 8.10000000e+00 7.83527782e+00 8.10000000e+00 -4.95839758e+00
 8.40000000e+00 0.00000000e+00 8.40000000e+00 7.33520701e+00 8.40000000e+00 -4.74916320e+00
 8.70000000e+00 0.00000000e+00 8.70000000e+00 7.67294375e+00 8.70000000e+00 -4.65006104e+00
 9.00000000e+00 0.00000000e+00 9.00000000e+00 7.66913107e+00 9.00000000e+00 -4.61561193e+00
 9.30000000e+00 0.00000000e+00 9.30000000e+00 7.16678883e+00 9.30000000e+00 -4.23900534e+00
 9.60000000e+00 0.00000000e+00 9.60000000e+00 7.17136964e+00 9.60000000e+00 -5.24445184e+00
 9.90000000e+00 0.00000000e+00 9.90000000e+00 7.22301422e+00 9.90000000e+00 -4.91564582e+00
 1.02000000e+01 0.00000000e+00 1.02000000e+01 7.48679665e+00 1.02000000e+01 -4.22280798e+00
 1.05000000e+01 0.00000000e+00 1.05000000e+01 7.01699075e+00 1.05000000e+01 -4.05787504e+00
 1.08000000e+01 0.00000000e+00 1.08000000e+01 7.14116562e+00 1.08000000e+01 -4.57846482e+00
 1.11000000e+01 0.00000000e+00 1.11000000e+01 7.77194058e+00 1.11000000e+01 -4.62791309e+00
 1.14000000e+01 0.00000000e+00 1.14000000e+01 7.37539071e+00 1.14000000e+01 -4.40314384e+00
 1.17000000e+01 0.00000000e+00 1.17000000e+01 7.67817190e+00 1.17000000e+01 -4.72234330e+00
 1.20000000e+01 0.00000000e+00 1.20000000e+01 7.68892905e+00 1.20000000e+01 -4.48439223e+00
 1.23000000e+01 0.00000000e+00 1.23000000e+01 7.63037029e+00 1.23000000e+01 -4.29245605e+00
 1.26000000e+01 0.00000000e+00 1.26000000e+01 7.35293051e+00 1.26000000e+01 -4.29709011e+00
 1.29000000e+01 0.00000000e+00 1.29000000e+01 6.85710926e+00 1.29000000e+01 -4.87090458e+00
 1.32000000e+01 0.00000000e+00 1.32000000e+01 7.65817429e+00 1.32000000e+01 -3.65570586e+00
 1.35000000e+01 0.00000000e+00 1.35000000e+01 7.79590134e+00 1.35000000e+01 -4.34560985e+00
 1.38000000e+01 0.00000000e+00 1.38000000e+01 8.01471602e+00 1.38000000e+01 -5.20835703e+00
 1.41000000e+01 0.00000000e+00 1.41000000e+01 7.61604897e+00 1.41000000e+01 -4.84042411e+00
 1.44000000e+01 0.00000000e+00 1.44000000e+01 7.61349011e+00 1.44000000e+01 -4.39574264e+00
 1.47000000e+01 0.00000000e+00 1.47000000e+01 6.92213740e+00 1.47000000e+01 -4.66181684e+00
 1.50000000e+01 0.00000000e+00 1.50000000e+01 8.01583592e+00 1.50000000e+01 -4.89817261e+00
 1.53000000e+01 0.00000000e+00 1.53000000e+01 -1.25401861e-02 1.53000000e+01 -4.35521237e+00
 1.56000000e+01 0.00000000e+00 1.56000000e+01 -2.94590064e-01 1.56000000e+01 -4.51779232e+00
 1.59000000e+01 0.00000000e+00 1.59000000e+01 -7.73663259e-01 1.59000000e+01 -4.20337755e+00
 1.62000000e+01 0.00000000e+00 1.62000000e+01 -1.27650760e-01 1.62000000e+01 -4.73331465e+00
 1.65000000e+01 0.00000000e+00 1.65000000e+01 9.24398064e-02 1.65000000e+01 -4.36967395e+00
 1.68000000e+01 0.00000000e+00 1.68000000e+01 6.42948526e-02 1.68000000e+01 -4.72880870e+00
 1.71000000e+01 0.00000000e+00 1.71000000e+01 -5.42447904e-01 1.71000000e+01 -4.33940462e+00
 1.74000000e+01 0.00000000e+00 1.74000000e+01 -4.39848799e-01 1.74000000e+01 -3.80736017e+00
 1.77000000e+01 0.00000000e+00 1.77000000e+01 -3.55077964e-01 1.77000000e+01 -4.51502370e+00
 1.80000000e+01 0.00000000e+00 1.80000000e+01 -4.24334973e-01 1.80000000e+01 -5.02481526e+00
 1.83000000e+01 0.00000000e+00 1.83000000e+01 4.15756107e-02 1.83000000e+01 -4.76456316e+00
 1.86000000e+01 0.00000000e+00 1.86000000e+01 -3.77112057e-01 1.86000000e+01 -4.41050397e+00
 1.89000000e+01 0.00000000e+00 1.89000000e+01 2.36203965e-02 1.89000000e+01 -4.25126920e+00
 1.92000000e+01 0.00000000e+00 1.92000000e+01 -8.04587599e-01 1.92000000e+01 -4.66804212e+00
 1.95000000e+01 0.00000000e+00 1.95000000e+01 -2.18450795e-01 1.95000000e+01 -4.54419212e+00
 1.98000000e+01 0.00000000e+00 1.98000000e+01 4.19137902e-01 1.98000000e+01 -4.14866042e+00
 2.01000000e+01 0.00000000e+00 2.01000000e+01 3.68574248e-01 2.01000000e+01 -4.13069041e+00
 2.04000000e+01 0.00000000e+00 2.04000000e+01 -9.71871816e-02 2.04000000e+01 -4.26289285e+00
 2.07000000e+01 0.00000000e+00 2.07000000e+01 -3.19430237e-03 2.07000000e+01 -4.98558869e+00
 2.10000000e+01 0.00000000e+00 2.10000000e+01 -6.52503816e-01 2.10000000e+01 -4.28407199e+00
 2.13000000e+01 0.00000000e+00 2.13000000e+01 -1.93397320e-02 2.13000000e+01 -4.38607169e+00
 2.16000000e+01 0.00000000e+00 2.16000000e+01 8.85027757e-02 2.16000000e+01 -5.05075343e+00
 2.19000000e+01 0.00000000e+00 2.19000000e+01 -2.13912395e-01 2.19000000e+01 -4.67387977e+00
 2.22000000e+01 0.00000000e+00 2.22000000e+01 -1.23885208e-01 2.22000000e+01 -4.11157779e+00
 2.25000000e+01 0.00000000e+00 2.25000000e+01 -2.08309567e-01 2.25000000e+01 -5.03393501e+00
 2.28000000e+01 0.00000000e+00 2.28000000e+01 -2.49304813e-01 2.28000000e+01 -4.68390409e+00
 2.31000000e+01 0.00000000e+00 2.31000000e+01 3.52512237e-01 2.31000000e+01 -4.63368709e+00
 2.34000000e+01 0.00000000e+00 2.34000000e+01 -9.29680639e-02 2.34000000e+01 -4.49064128e+00
 2.37000000e+01 0.00000000e+00 2.37000000e+01 -2.88564435e-02 2.37000000e+01 -3.99051724e+00
 2.40000000e+01 0.00000000e+00 2.40000000e+01 -7.24919893e-01 2.40000000e+01 -3.88979155e+00
 2.43000000e+01 0.00000000e+00 2.43000000e+01 -4.01629937e-01 2.43000000e+01 -4.89946464e+00
 2.46000000e+01 0.00000000e+00 2.46000000e+01 3.46037312e-02 2.46000000e+01 -3.89069530e+00
 2.49000000e+01 0.00000000e+00 2.49000000e+01 6.08909929e-01 2.49000000e+01 -4.34335629e+00
 2.52000000e+01 0.00000000e+00 2.52000000e+01 1.44906907e+00 2.52000000e+01 -5.01410463e+00
 2.55000000e+01 0.00000000e+00 2.55000000e+01 1.17151821e+00 2.55000000e+01 -5.78260631e+00
 2.58000000e+01 0.00000000e+00 2.58000000e+01 1.77459034e+00 2.58000000e+01 -5.34056894e+00
 2.61000000e+01 0.00000000e+00 2.61000000e+01 1.65755296e+00 2.61000000e+01 -5.64250585e+00
 2.64000000e+01 0.00000000e+00 2.64000000e+01 1.54472240e+00 2.64000000e+01 -5.79468906e+00
 2.67000000e+01 0.00000000e+00 2.67000000e+01 1.81622971e+00 2.67000000e+01 -5.51979977e+00
 2.70000000e+01 0.00000000e+00 2.70000000e+01 1.70981502e+00 2.70000000e+01 -5.93110487e+00
 2.73000000e+01 0.00000000e+00 2.73000000e+01 1.08959843e+00 2.73000000e+01 -5.51305995e+00
 2.76000000e+01 0.00000000e+00 2.76000000e+01 1.13517926e+00 2.76000000e+01 -4.96814200e+00
 2.79000000e+01 0.00000000e+00 2.79000000e+01 1.61708961e+00 2.79000000e+01 -5.52650293e+00
 2.82000000e+01 0.00000000e+00 2.82000000e+01 1.11914897e+00 2.82000000e+01 -5.88234919e+00
 2.85000000e+01 0.00000000e+00 2.85000000e+01 1.19308004e+00 2.85000000e+01 -5.65071526e+00
 2.88000000e+01 0.00000000e+00 2.88000000e+01 1.39231947e+00 2.88000000e+01 -5.88103705e+00
 2.91000000e+01 0.00000000e+00 2.91000000e+01 1.08819497e+00 2.91000000e+01 -5.37305907e+00
 2.94000000e+01 0.00000000e+00 2.94000000e+01 1.21615692e+00 2.94000000e+01 -5.74165816e+00
 2.97000000e+01 0.00000000e+00 2.97000000e+01 2.07167692e+00 2.97000000e+01 -5.29174902e+00
 3.00000000e+01 0.00000000e+00 3.00000000e+01 2.18691724e+00 3.00000000e+01 -5.26598119e+00
 3.03000000e+01 0.00000000e+00 3.03000000e+01 1.30658912e+00 3.03000000e+01 -5.37345702e+00
 3.06000000e+01 0.00000000e+00 3.06000000e+01 1.40505447e+00 3.06000000e+01 -5.41402452e+00
 3.09000000e+01 0.00000000e+00 3.09000000e+01 1.61939908e+00 3.09000000e+01 -5.53239474e+00
 3.12000000e+01 0.00000000e+00 3.12000000e+01 1.99009534e+00 3.12000000e+01 -5.93025880e+00
 3.15000000e+01 0.00000000e+00 3.15000000e+01 9.98543212e-01 3.15000000e+01 -5.53053357e+00
 3.18000000e+01 0.00000000e+00 3.18000000e+01 1.75329438e+00 3.18000000e+01 -6.00542877e+00
 3.21000000e+01 0.00000000e+00 3.21000000e+01 1.87374694e+00 3.21000000e+01 -5.71761898e+00
 3.24000000e+01 0.00000000e+00 3.24000000e+01 1.24330851e+00 3.24000000e+01 -5.20736467e+00
 3.27000000e+01 0.00000000e+00 3.27000000e+01 9.97753737e-01 3.27000000e+01 -4.99387843e+00
 3.30000000e+01 0.00000000e+00 3.30000000e+01 1.61911001e+00 3.30000000e+01 -6.09856521e+00
 3.33000000e+01 0.00000000e+00 3.33000000e+01 1.01477130e+00 3.33000000e+01 -5.43680897e+00
 3.36000000e+01 0.00000000e+00 3.36000000e+01 1.64442204e+00 3.36000000e+01 -5.83333295e+00
 3.39000000e+01 0.00000000e+00 3.39000000e+01 6.85835276e-01 3.39000000e+01 -5.53327244e+00
 3.42000000e+01 0.00000000e+00 3.42000000e+01 1.37601721e+00 3.42000000e+01 -6.13977842e+00
 3.45000000e+01 0.00000000e+00 3.45000000e+01 6.83681710e-01 3.45000000e+01 -5.90005216e+00
 3.48000000e+01 0.00000000e+00 3.48000000e+01 1.65826427e+00 3.48000000e+01 -5.90034505e+00
 3.51000000e+01 0.00000000e+00 3.51000000e+01 6.61527280e+00 3.51000000e+01 -3.08053459e+00
 3.54000000e+01 0.00000000e+00 3.54000000e+01 6.98455942e+00 3.54000000e+01 -2.62393385e+00
 3.57000000e+01 0.00000000e+00 3.57000000e+01 6.10025846e+00 3.57000000e+01 -2.98980554e+00
 3.60000000e+01 0.00000000e+00 3.60000000e+01 6.80161888e+00 3.60000000e+01 -2.82763402e+00
 3.63000000e+01 0.00000000e+00 3.63000000e+01 6.84507136e+00 3.63000000e+01 -2.82325118e+00
 3.66000000e+01 0.00000000e+00 3.66000000e+01 7.11840458e+00 3.66000000e+01 -2.91998488e+00
 3.69000000e+01 0.00000000e+00 3.69000000e+01 6.64137123e+00 3.69000000e+01 -2.51719928e+00
 3.72000000e+01 0.00000000e+00 3.72000000e+01 6.50585989e+00 3.72000000e+01 -3.31133454e+00
 3.75000000e+01 0.00000000e+00 3.75000000e+01 6.23454785e+00 3.75000000e+01 -2.18820634e+00
 3.78000000e+01 0.00000000e+00 3.78000000e+01 6.39752762e+00 3.78000000e+01 -2.57536008e+00
 3.81000000e+01 0.00000000e+00 3.81000000e+01 6.46594490e+00 3.81000000e+01 -2.72650902e+00
 3.84000000e+01 0.00000000e+00 3.84000000e+01 6.71598843e+00 3.84000000e+01 -3.64641255e+00
 3.87000000e+01 0.00000000e+00 3.87000000e+01 6.46121277e+00 3.87000000e+01 -2.38013096e+00
 3.90000000e+01 0.00000000e+00 3.90000000e+01 6.00181237e+00 3.90000000e+01 -2.04367021e+00
 3.93000000e+01 0.00000000e+00 3.93000000e+01 6.61077781e+00 3.93000000e+01 -2.99540956e+00
 3.96000000e+01 0.00000000e+00 3.96000000e+01 6.87882863e+00 3.96000000e+01 -2.70969695e+00
 3.99000000e+01 0.00000000e+00 3.99000000e+01 6.69942539e+00 3.99000000e+01 -2.72294679e+00
 4.02000000e+01 0.00000000e+00 4.02000000e+01 4.02907532e+00 4.02000000e+01 -2.47937493e+00
 4.05000000e+01 0.00000000e+00 4.05000000e+01 3.93315649e+00 4.05000000e+01 -2.27989962e+00
 4.08000000e+01 0.00000000e+00 4.08000000e+01 3.79982803e+00 4.08000000e+01 -3.15582984e+00
 4.11000000e+01 0.00000000e+00 4.11000000e+01 3.62913592e+00 4.11000000e+01 -2.31513812e+00
 4.14000000e+01 0.00000000e+00 4.14000000e+01 4.29492292e+00 4.14000000e+01 -2.95717435e+00
 4.17000000e+01 0.00000000e+00 4.17000000e+01 3.45511150e+00 4.17000000e+01 -2.69169032e+00
 4.20000000e+01 0.00000000e+00 4.20000000e+01 3.70188434e+00 4.20000000e+01 -2.74289209e+00
 4.23000000e+01 0.00000000e+00 4.23000000e+01 3.52032820e+00 4.23000000e+01 -2.55364718e+00
 4.26000000e+01 0.00000000e+00 4.26000000e+01 3.36132573e+00 4.26000000e+01 -2.37918834e+00
 4.29000000e+01 0.00000000e+00 4.29000000e+01 4.19724079e+00 4.29000000e+01 -2.34419792e+00
 4.32000000e+01 0.00000000e+00 4.32000000e+01 3.74867299e+00 4.32000000e+01 -2.48207486e+00
 4.35000000e+01 0.00000000e+00 4.35000000e+01 3.43826240e+00 4.35000000e+01 -2.85654056e+00
 4.38000000e+01 0.00000000e+00 4.38000000e+01 3.38651722e+00 4.38000000e+01 -2.41047960e+00
 4.41000000e+01 0.00000000e+00 4.41000000e+01 3.80228184e+00 4.41000000e+01 -2.34790705e+00
 4.44000000e+01 0.00000000e+00 4.44000000e+01 3.75082894e+00 4.44000000e+01 -2.20044566e+00
 4.47000000e+01 0.00000000e+00 4.47000000e+01 3.99640085e+00 4.47000000e+01 -2.74075434e+00
 4.50000000e+01 0.00000000e+00 4.50000000e+01 3.36884549e+00 4.50000000e+01 -2.87595201e+00
 4.53000000e+01 0.00000000e+00 4.53000000e+01 3.73033476e+00 4.53000000e+01 -1.99680659e+00
 4.56000000e+01 0.00000000e+00 4.56000000e+01 3.96197476e+00 4.56000000e+01 -2.33840356e+00
 4.59000000e+01 0.00000000e+00 4.59000000e+01 3.44203839e+00 4.59000000e+01 -3.26594336e+00
 4.62000000e+01 0.00000000e+00 4.62000000e+01 4.30408916e+00 4.62000000e+01 -2.34984903e+00
 4.65000000e+01 0.00000000e+00 4.65000000e+01 3.95863348e+00 4.65000000e+01 -3.07029643e+00
 4.68000000e+01 0.00000000e+00 4.68000000e+01 4.00986751e+00 4.68000000e+01 -2.55355082e+00
 4.71000000e+01 0.00000000e+00 4.71000000e+01 3.52457853e+00 4.71000000e+01 -2.37534674e+00
 4.74000000e+01 0.00000000e+00 4.74000000e+01 3.43345780e+00 4.74000000e+01 -3.04248517e+00
 4.77000000e+01 0.00000000e+00 4.77000000e+01 3.90365071e+00 4.77000000e+01 -2.23502274e+00
 4.80000000e+01 0.00000000e+00 4.80000000e+01 3.22938875e+00 4.80000000e+01 -2.12501202e+00
 4.83000000e+01 0.00000000e+00 4.83000000e+01 3.48671638e+00 4.83000000e+01 -2.63642865e+00
 4.86000000e+01 0.00000000e+00 4.86000000e+01 3.73269453e+00 4.86000000e+01 -2.54344251e+00
 4.89000000e+01 0.00000000e+00 4.89000000e+01 3.97860569e+00 4.89000000e+01 -2.57151555e+00
 4.92000000e+01 0.00000000e+00 4.92000000e+01 3.60349612e+00 4.92000000e+01 -2.30401692e+00
 4.95000000e+01 0.00000000e+00 4.95000000e+01 3.49415640e+00 4.95000000e+01 -2.32873625e+00
 4.98000000e+01 0.00000000e+00 4.98000000e+01 3.95673554e+00 4.98000000e+01 -2.84065220e+00
 5.01000000e+01 0.00000000e+00 5.01000000e+01 2.87815714e+00 5.01000000e+01 -1.85998163e+00
 5.04000000e+01 0.00000000e+00 5.04000000e+01 3.40340609e+00 5.04000000e+01 -2.12935686e+00
 5.07000000e+01 0.00000000e+00 5.07000000e+01 2.05430511e+00 5.07000000e+01 -1.81282068e+00
 5.10000000e+01 0.00000000e+00 5.10000000e+01 2.56805346e+00 5.10000000e+01 -2.23683902e+00
 5.13000000e+01 0.00000000e+00 5.13000000e+01 2.95540224e+00 5.13000000e+01 -2.16748312e+00
 5.16000000e+01 0.00000000e+00 5.16000000e+01 2.40520342e+00 5.16000000e+01 -1.77873711e+00
 5.19000000e+01 0.00000000e+00 5.19000000e+01 2.71750006e+00 5.19000000e+01 -2.04066137e+00
 5.22000000e+01 0.00000000e+00 5.22000000e+01 2.84728938e+00 5.22000000e+01 -2.82877665e+00
 5.25000000e+01 0.00000000e+00 5.25000000e+01 2.63621795e+00 5.25000000e+01 -2.03791049e+00
 5.28000000e+01 0.00000000e+00 5.28000000e+01 2.84808056e+00 5.28000000e+01 -2.15160519e+00
 5.31000000e+01 0.00000000e+00 5.31000000e+01 2.32928784e+00 5.31000000e+01 -1.53322175e+00
 5.34000000e+01 0.00000000e+00 5.34000000e+01 2.04021870e+00 5.34000000e+01 -2.60511782e+00
 5.37000000e+01 0.00000000e+00 5.37000000e+01 3.06621568e+00 5.37000000e+01 -2.47087978e+00
 5.40000000e+01 0.00000000e+00 5.40000000e+01 2.13846163e+00 5.40000000e+01 -2.15618775e+00
 5.43000000e+01 0.00000000e+00 5.43000000e+01 2.06783340e+00 5.43000000e+01 -2.56072629e+00
 5.46000000e+01 0.00000000e+00 5.46000000e+01 2.57894213e+00 5.46000000e+01 -1.79562879e+00
 5.49000000e+01 0.00000000e+00 5.49000000e+01 2.24130556e+00 5.49000000e+01 -1.72854013e+00
 5.52000000e+01 0.00000000e+00 5.52000000e+01 7.87272241e+00 5.52000000e+01 -5.45952107e+00
 5.55000000e+01 0.00000000e+00 5.55000000e+01 7.55412211e+00 5.55000000e+01 -5.18579064e+00
 5.58000000e+01 0.00000000e+00 5.58000000e+01 7.87634592e+00 5.58000000e+01 -4.80503596e+00
 5.61000000e+01 0.00000000e+00 5.61000000e+01 7.79235883e+00 5.61000000e+01 -4.50858198e+00
 5.64000000e+01 0.00000000e+00 5.64000000e+01 7.28753064e+00 5.64000000e+01 -4.51781280e+00
 5.67000000e+01 0.00000000e+00 5.67000000e+01 7.91671409e+00 5.67000000e+01 -5.08661999e+00
 5.70000000e+01 0.00000000e+00 5.70000000e+01 6.80390293e+00 5.70000000e+01 -4.80025847e+00
 5.73000000e+01 0.00000000e+00 5.73000000e+01 7.86894203e+00 5.73000000e+01 -4.12710042e+00
 5.76000000e+01 0.00000000e+00 5.76000000e+01 7.05229649e+00 5.76000000e+01 -4.59721039e+00
 5.79000000e+01 0.00000000e+00 5.79000000e+01 7.65066675e+00 5.79000000e+01 -5.08912479e+00
 5.82000000e+01 0.00000000e+00 5.82000000e+01 7.60059697e+00 5.82000000e+01 -4.58196729e+00
 5.85000000e+01 0.00000000e+00 5.85000000e+01 7.69702825e+00 5.85000000e+01 -5.10216068e+00
 5.88000000e+01 0.00000000e+00 5.88000000e+01 7.56419015e+00 5.88000000e+01 -4.35044551e+00
 5.91000000e+01 0.00000000e+00 5.91000000e+01 7.50427184e+00 5.91000000e+01 -4.64471584e+00
 5.94000000e+01 0.00000000e+00 5.94000000e+01 6.85795471e+00 5.94000000e+01 -5.08819933e+00
 5.97000000e+01 0.00000000e+00 5.97000000e+01 7.34925388e+00 5.97000000e+01 -4.30832513e+00
