 0.00000000e+00 0.00000000e+00 0.00000000e+00 8.17407927e+00 0.00000000e+00 -3.74818977e+00
 3.00000000e-01 0.00000000e+00 3.00000000e-01 7.81588364e+00 3.00000000e-01 -3.78381428e+00
 6.00000000e-01 0.00000000e+00 6.00000000e-01 8.24363803e+00 6.00000000e-01 -3.84482587e+00
 9.00000000e-01 0.00000000e+00 9.00000000e-01 7.57725334e+00 9.00000000e-01 -4.70136612e+00
 1.20000000e+00 0.00000000e+00 1.20000000e+00 8.15352911e+00 1.20000000e+00 -3.86730685e+00
 1.50000000e+00 0.00000000e+00 1.50000000e+00 8.71913783e+00 1.50000000e+00 -3.89582981e+00
 1.80000000e+00 0.00000000e+00 1.80000000e+00 7.89869835e+00 1.80000000e+00 -4.29149376e+00
 2.10000000e+00 0.00000000e+00 2.10000000e+00 8.20914835e+00 2.10000000e+00 -4.29235463e+00
 2.40000000e+00 0.00000000e+00 2.40000000e+00 7.71369084e+00 2.40000000e+00 -4.33164598e+00
 2.70000000e+00 0.00000000e+00 2.70000000e+00 8.43774158e+00 2.70000000e+00 -4.03677841e+00
 3.00000000e+00 0.00000000e+00 3.00000000e+00 7.97641009e+00 3.00000000e+00 -3.44069749e+00
 3.30000000e+00 0.00000000e+00 3.30000000e+00 8.42600804e+00 3.30000000e+00 -4.38731987e+00
 3.60000000e+00 0.00000000e+00 3.60000000e+00 8.52959693e+00 3.60000000e+00 -3.80677832e+00
 3.90000000e+00 0.00000000e+00 3.90000000e+00 7.56191591e+00 3.90000000e+00 -3.89969297e+00
 4.20000000e+00 0.00000000e+00 4.20000000e+00 7.91934877e+00 4.20000000e+00 -4.30982958e+00
 4.50000000e+00 0.00000000e+00 4.50000000e+00 8.63714848e+00 4.50000000e+00 -3.95097282e+00
 4.80000000e+00 0.00000000e+00 4.80000000e+00 8.03902884e+00 4.80000000e+00 -4.38803832e+00
 5.10000000e+00 0.00000000e+00 5.10000000e+00 8.02034935e+00 5.10000000e+00 -4.87612306e+00
 5.40000000e+00 0.00000000e+00 5.40000000e+00 7.67118415e+00 5.40000000e+00 -3.45841953e+00
 5.70000000e+00 0.00000000e+00 5.70000000e+00 8.67038807e+00 5.70000000e+00 -4.41512813e+00
 6.00000000e+00 0.00000000e+00 6.00000000e+00 8.01007315e+00 6.00000000e+00 -3.66064902e+00
 6.30000000e+00 0.00000000e+00 6.30000000e+00 8.16212103e+00 6.30000000e+00 -4.28447794e+00
 6.60000000e+00 0.00000000e+00 6.60000000e+00 7.75674410e+00 6.60000000e+00 -3.79451079e+00
 6.90000000e+00 0.00000000e+00 6.90000000e+00 8.13838748e+00 6.90000000e+00 -3.89921679e+00
 7.20000000e+00 0.00000000e+00 7.20000000e+00 8.66188857e+00 7.20000000e+00 -4.05099898e+00
 7.50000000e+00 0.00000000e+00 7.50000000e+00 7.88576184e+00 7.50000000e+00 -4.15506418e+00
 7.80000000e+00 0.00000000e+00 7.80000000e+00 7.72795281e+00 7.80000000e+00 -3.84108008e+00
 8.10000000e+00 0.00000000e+00 8.10000000e+00 7.91587262e+00 8.10000000e+00 -3.99287207e+00
 8.40000000e+00 0.00000000e+00 8.40000000e+00 8.15236848e+00 8.40000000e+00 -4.66754703e+00
 8.70000000e+00 0.00000000e+00 8.70000000e+00 8.42315845e+00 8.70000000e+00 -4.05448392e+00
 9.00000000e+00 0.00000000e+00 9.00000000e+00 8.42121429e+00 9.00000000e+00 -4.44475212e+00
 9.30000000e+00 0.00000000e+00 9.30000000e+00 7.80547569e+00 9.30000000e+00 -5.06919718e+00
 9.60000000e+00 0.00000000e+00 9.60000000e+00 7.48958486e+00 9.60000000e+00 -4.44744659e+00
 9.90000000e+00 0.00000000e+00 9.90000000e+00 7.59512277e+00 9.90000000e+00 -4.41326650e+00
 1.02000000e+01 0.00000000e+00 1.02000000e+01 8.60825906e+00 1.02000000e+01 -4.46541943e+00
 1.05000000e+01 0.00000000e+00 1.05000000e+01 7.72838870e+00 1.05000000e+01 -4.05198177e+00
 1.08000000e+01 0.00000000e+00 1.08000000e+01 8.41858614e+00 1.08000000e+01 -4.70244994e+00
 1.11000000e+01 0.00000000e+00 1.11000000e+01 8.29746112e+00 1.11000000e+01 -4.30975101e+00
 1.14000000e+01 0.00000000e+00 1.14000000e+01 7.93103509e+00 1.14000000e+01 -4.24602614e+00
 1.17000000e+01 0.00000000e+00 1.17000000e+01 8.22220227e+00 1.17000000e+01 -4.39214469e+00
 1.20000000e+01 0.00000000e+00 1.20000000e+01 8.76943184e+00 1.20000000e+01 -3.72517622e+00
 1.23000000e+01 0.00000000e+00 1.23000000e+01 7.92207005e+00 1.23000000e+01 -4.04839201e+00
 1.26000000e+01 0.00000000e+00 1.26000000e+01 8.37337907e+00 1.26000000e+01 -3.47255963e+00
 1.29000000e+01 0.00000000e+00 1.29000000e+01 7.73126269e+00 1.29000000e+01 -4.44443353e+00
 1.32000000e+01 0.00000000e+00 1.32000000e+01 7.74619946e+00 1.32000000e+01 -4.00224757e+00
 1.35000000e+01 0.00000000e+00 1.35000000e+01 8.83879166e+00 1.35000000e+01 -4.12562697e+00
 1.38000000e+01 0.00000000e+00 1.38000000e+01 8.37658683e+00 1.38000000e+01 -4.22934598e+00
 1.41000000e+01 0.00000000e+00 1.41000000e+01 8.09066743e+00 1.41000000e+01 -4.15328712e+00
 1.44000000e+01 0.00000000e+00 1.44000000e+01 8.07868722e+00 1.44000000e+01 -4.07458178e+00
 1.47000000e+01 0.00000000e+00 1.47000000e+01 8.43408441e+00 1.47000000e+01 -3.97398597e+00
 1.50000000e+01 0.00000000e+00 1.50000000e+01 7.94446501e+00 1.50000000e+01 -4.52054694e+00
 1.53000000e+01 0.00000000e+00 1.53000000e+01 4.58173341e+00 1.53000000e+01 -5.86136548e+00
 1.56000000e+01 0.00000000e+00 1.56000000e+01 3.95291389e+00 1.56000000e+01 -5.92684178e+00
 1.59000000e+01 0.00000000e+00 1.59000000e+01 3.98413975e+00 1.59000000e+01 -5.21412298e+00
 1.62000000e+01 0.00000000e+00 1.62000000e+01 3.88812996e+00 1.62000000e+01 -5.53996283e+00
 1.65000000e+01 0.00000000e+00 1.65000000e+01 4.10700817e+00 1.65000000e+01 -5.20784787e+00
 1.68000000e+01 0.00000000e+00 1.68000000e+01 4.23999195e+00 1.68000000e+01 -5.71156153e+00
 1.71000000e+01 0.00000000e+00 1.71000000e+01 4.09689494e+00 1.71000000e+01 -5.27851193e+00
 1.74000000e+01 0.00000000e+00 1.74000000e+01 4.28657740e+00 1.74000000e+01 -5.45774864e+00
 1.77000000e+01 0.00000000e+00 1.77000000e+01 4.58809254e+00 1.77000000e+01 -5.63302258e+00
 1.80000000e+01 0.00000000e+00 1.80000000e+01 3.28853399e+00 1.80000000e+01 -6.09654330e+00
 1.83000000e+01 0.00000000e+00 1.83000000e+01 3.47396706e+00 1.83000000e+01 -5.40900972e+00
 1.86000000e+01 0.00000000e+00 1.86000000e+01 4.22069012e+00 1.86000000e+01 -5.34126840e+00
 1.89000000e+01 0.00000000e+00 1.89000000e+01 3.69662835e+00 1.89000000e+01 -5.00629351e+00
 1.92000000e+01 0.00000000e+00 1.92000000e+01 3.87900729e+00 1.92000000e+01 -5.23462274e+00
 1.95000000e+01 0.00000000e+00 1.95000000e+01 4.02991306e+00 1.95000000e+01 -5.49279737e+00
 1.98000000e+01 0.00000000e+00 1.98000000e+01 3.94765265e+00 1.98000000e+01 -6.08577476e+00
 2.01000000e+01 0.00000000e+00 2.01000000e+01 4.60012766e+00 2.01000000e+01 -5.23907940e+00
 2.04000000e+01 0.00000000e+00 2.04000000e+01 3.99216672e+00 2.04000000e+01 -5.70251446e+00
 2.07000000e+01 0.00000000e+00 2.07000000e+01 3.50132590e+00 2.07000000e+01 -5.40367916e+00
 2.10000000e+01 0.00000000e+00 2.10000000e+01 3.90306245e+00 2.10000000e+01 -5.01541122e+00
 2.13000000e+01 0.00000000e+00 2.13000000e+01 4.24169582e+00 2.13000000e+01 -4.48022875e+00
 2.16000000e+01 0.00000000e+00 2.16000000e+01 3.76619695e+00 2.16000000e+01 -5.02738299e+00
 2.19000000e+01 0.00000000e+00 2.19000000e+01 4.05033995e+00 2.19000000e+01 -4.93900460e+00
 2.22000000e+01 0.00000000e+00 2.22000000e+01 3.48881592e+00 2.22000000e+01 -4.64189036e+00
 2.25000000e+01 0.00000000e+00 2.25000000e+01 4.13181683e+00 2.25000000e+01 -5.26372575e+00
 2.28000000e+01 0.00000000e+00 2.28000000e+01 4.21672501e+00 2.28000000e+01 -5.01817615e+00
 2.31000000e+01 0.00000000e+00 2.31000000e+01 3.98658897e+00 2.31000000e+01 -5.39000764e+00
 2.34000000e+01 0.00000000e+00 2.34000000e+01 4.13472947e+00 2.34000000e+01 -5.15567686e+00
 2.37000000e+01 0.00000000e+00 2.37000000e+01 4.12178367e+00 2.37000000e+01 -4.65345669e+00
 2.40000000e+01 0.00000000e+00 2.40000000e+01 4.04510559e+00 2.40000000e+01 -5.65842204e+00
 2.43000000e+01 0.00000000e+00 2.43000000e+01 4.10414201e+00 2.43000000e+01 -5.41127191e+00
 2.46000000e+01 0.00000000e+00 2.46000000e+01 4.17846821e+00 2.46000000e+01 -5.78362445e+00
 2.49000000e+01 0.00000000e+00 2.49000000e+01 4.12310607e+00 2.49000000e+01 -5.31151605e+00
 2.52000000e+01 0.00000000e+00 2.52000000e+01 3.39840352e+00 2.52000000e+01 -4.23563010e+00
 2.55000000e+01 0.00000000e+00 2.55000000e+01 2.79327157e+00 2.55000000e+01 -4.75869356e+00
 2.58000000e+01 0.00000000e+00 2.58000000e+01 2.14876053e+00 2.58000000e+01 -4.77202582e+00
 2.61000000e+01 0.00000000e+00 2.61000000e+01 3.27094633e+00 2.61000000e+01 -4.81425818e+00
 2.64000000e+01 0.00000000e+00 2.64000000e+01 2.20697075e+00 2.64000000e+01 -4.66108977e+00
 2.67000000e+01 0.00000000e+00 2.67000000e+01 2.10952088e+00 2.67000000e+01 -4.40079025e+00
 2.70000000e+01 0.00000000e+00 2.70000000e+01 3.23413809e+00 2.70000000e+01 -5.15184288e+00
 2.73000000e+01 0.00000000e+00 2.73000000e+01 2.89722940e+00 2.73000000e+01 -4.64673457e+00
 2.76000000e+01 0.00000000e+00 2.76000000e+01 2.81022764e+00 2.76000000e+01 -4.29094158e+00
 2.79000000e+01 0.00000000e+00 2.79000000e+01 3.03400908e+00 2.79000000e+01 -5.02935598e+00
 2.82000000e+01 0.00000000e+00 2.82000000e+01 2.79035198e+00 2.82000000e+01 -4.18947458e+00
 2.85000000e+01 0.00000000e+00 2.85000000e+01 3.01457959e+00 2.85000000e+01 -4.68144860e+00
 2.88000000e+01 0.00000000e+00 2.88000000e+01 2.73537906e+00 2.88000000e+01 -5.28147662e+00
 2.91000000e+01 0.00000000e+00 2.91000000e+01 3.04554462e+00 2.91000000e+01 -5.20638887e+00
 2.94000000e+01 0.00000000e+00 2.94000000e+01 2.53161720e+00 2.94000000e+01 -5.03546064e+00
 2.97000000e+01 0.00000000e+00 2.97000000e+01 2.51610635e+00 2.97000000e+01 -4.96196778e+00
 3.00000000e+01 0.00000000e+00 3.00000000e+01 2.79389408e+00 3.00000000e+01 -5.22544058e+00
 3.03000000e+01 0.00000000e+00 3.03000000e+01 3.04495193e+00 3.03000000e+01 -4.50779402e+00
 3.06000000e+01 0.00000000e+00 3.06000000e+01 2.62590732e+00 3.06000000e+01 -4.74975282e+00
 3.09000000e+01 0.00000000e+00 3.09000000e+01 3.41032091e+00 3.09000000e+01 -5.10874077e+00
 3.12000000e+01 0.00000000e+00 3.12000000e+01 3.14870167e+00 3.12000000e+01 -4.71571358e+00
 3.15000000e+01 0.00000000e+00 3.15000000e+01 2.98197427e+00 3.15000000e+01 -4.86365951e+00
 3.18000000e+01 0.00000000e+00 3.18000000e+01 3.58759919e+00 3.18000000e+01 -5.65177839e+00
 3.21000000e+01 0.00000000e+00 3.21000000e+01 3.15108336e+00 3.21000000e+01 -5.30944960e+00
 3.24000000e+01 0.00000000e+00 3.24000000e+01 3.32407703e+00 3.24000000e+01 -5.14568548e+00
 3.27000000e+01 0.00000000e+00 3.27000000e+01 3.66295596e+00 3.27000000e+01 -5.77610326e+00
 3.30000000e+01 0.00000000e+00 3.30000000e+01 2.75737398e+00 3.30000000e+01 -5.10148638e+00
 3.33000000e+01 0.00000000e+00 3.33000000e+01 2.99863781e+00 3.33000000e+01 -4.89162518e+00
 3.36000000e+01 0.00000000e+00 3.36000000e+01 3.00229593e+00 3.36000000e+01 -5.37451135e+00
 3.39000000e+01 0.00000000e+00 3.39000000e+01 2.83534845e+00 3.39000000e+01 -4.73162328e+00
 3.42000000e+01 0.00000000e+00 3.42000000e+01 3.11738955e+00 3.42000000e+01 -4.48588851e+00
 3.45000000e+01 0.00000000e+00 3.45000000e+01 3.16376968e+00 3.45000000e+01 -4.98852688e+00
 3.48000000e+01 0.00000000e+00 3.48000000e+01 3.13244900e+00 3.48000000e+01 -5.12837427e+00
 3.51000000e+01 0.00000000e+00 3.51000000e+01 3.77405305e+00 3.51000000e+01 -3.01615211e+00
 3.54000000e+01 0.00000000e+00 3.54000000e+01 4.71962817e+00 3.54000000e+01 -2.89261494e+00
 3.57000000e+01 0.00000000e+00 3.57000000e+01 4.82449934e+00 3.57000000e+01 -2.54371931e+00
 3.60000000e+01 0.00000000e+00 3.60000000e+01 4.30678158e+00 3.60000000e+01 -2.33488180e+00
 3.63000000e+01 0.00000000e+00 3.63000000e+01 3.87501931e+00 3.63000000e+01 -2.47215888e+00
 3.66000000e+01 0.00000000e+00 3.66000000e+01 3.52280823e+00 3.66000000e+01 -2.10956532e+00
 3.69000000e+01 0.00000000e+00 3.69000000e+01 4.81693550e+00 3.69000000e+01 -2.28604585e+00
 3.72000000e+01 0.00000000e+00 3.72000000e+01 4.70420164e+00 3.72000000e+01 -2.76945686e+00
 3.75000000e+01 0.00000000e+00 3.75000000e+01 4.65736678e+00 3.75000000e+01 -2.72242732e+00
 3.78000000e+01 0.00000000e+00 3.78000000e+01 4.68101412e+00 3.78000000e+01 -2.67766938e+00
 3.81000000e+01 0.00000000e+00 3.81000000e+01 3.89526989e+00 3.81000000e+01 -2.66358501e+00
 3.84000000e+01 0.00000000e+00 3.84000000e+01 4.90155217e+00 3.84000000e+01 -2.44081101e+00
 3.87000000e+01 0.00000000e+00 3.87000000e+01 4.10643114e+00 3.87000000e+01 -3.03742172e+00
 3.90000000e+01 0.00000000e+00 3.90000000e+01 3.72852871e+00 3.90000000e+01 -2.53248917e+00
 3.93000000e+01 0.00000000e+00 3.93000000e+01 3.66383078e+00 3.93000000e+01 -2.55546546e+00
 3.96000000e+01 0.00000000e+00 3.96000000e+01 4.24852400e+00 3.96000000e+01 -3.07425347e+00
 3.99000000e+01 0.00000000e+00 3.99000000e+01 4.20026895e+00 3.99000000e+01 -2.99038829e+00
 4.02000000e+01 0.00000000e+00 4.02000000e+01 3.86551061e+00 4.02000000e+01 -2.95309310e+00
 4.05000000e+01 0.00000000e+00 4.05000000e+01 4.14140275e+00 4.05000000e+01 -3.27989296e+00
 4.08000000e+01 0.00000000e+00 4.08000000e+01 3.54960822e+00 4.08000000e+01 -2.37101957e+00
 4.11000000e+01 0.00000000e+00 4.11000000e+01 3.29949899e+00 4.11000000e+01 -3.48267518e+00
 4.14000000e+01 0.00000000e+00 4.14000000e+01 3.90437888e+00 4.14000000e+01 -3.31279353e+00
 4.17000000e+01 0.00000000e+00 4.17000000e+01 3.33667613e+00 4.17000000e+01 -2.87528880e+00
 4.20000000e+01 0.00000000e+00 4.20000000e+01 3.79250921e+00 4.20000000e+01 -3.17448045e+00
 4.23000000e+01 0.00000000e+00 4.23000000e+01 4.04581951e+00 4.23000000e+01 -2.74906782e+00
 4.26000000e+01 0.00000000e+00 4.26000000e+01 3.75155259e+00 4.26000000e+01 -3.86405712e+00
 4.29000000e+01 0.00000000e+00 4.29000000e+01 4.22855134e+00 4.29000000e+01 -3.01588901e+00
 4.32000000e+01 0.00000000e+00 4.32000000e+01 4.27288681e+00 4.32000000e+01 -3.10722220e+00
 4.35000000e+01 0.00000000e+00 4.35000000e+01 3.86245055e+00 4.35000000e+01 -3.15962565e+00
 4.38000000e+01 0.00000000e+00 4.38000000e+01 3.19010660e+00 4.38000000e+01 -2.88192509e+00
 4.41000000e+01 0.00000000e+00 4.41000000e+01 3.21727625e+00 4.41000000e+01 -3.53101246e+00
 4.44000000e+01 0.00000000e+00 4.44000000e+01 3.18493733e+00 4.44000000e+01 -3.59730564e+00
 4.47000000e+01 0.00000000e+00 4.47000000e+01 3.28662033e+00 4.47000000e+01 -3.08994652e+00
 4.50000000e+01 0.00000000e+00 4.50000000e+01 3.33403867e+00 4.50000000e+01 -2.28809552e+00
 4.53000000e+01 0.00000000e+00 4.53000000e+01 4.07140481e+00 4.53000000e+01 -2.85560186e+00
 4.56000000e+01 0.00000000e+00 4.56000000e+01 3.87538523e+00 4.56000000e+01 -3.37488119e+00
 4.59000000e+01 0.00000000e+00 4.59000000e+01 3.70009413e+00 4.59000000e+01 -2.90874022e+00
 4.62000000e+01 0.00000000e+00 4.62000000e+01 3.70740111e+00 4.62000000e+01 -3.00020513e+00
 4.65000000e+01 0.00000000e+00 4.65000000e+01 3.76563987e+00 4.65000000e+01 -3.81164339e+00
 4.68000000e+01 0.00000000e+00 4.68000000e+01 2.86905338e+00 4.68000000e+01 -3.61757033e+00
 4.71000000e+01 0.00000000e+00 4.71000000e+01 4.52736051e+00 4.71000000e+01 -3.97667577e+00
 4.74000000e+01 0.00000000e+00 4.74000000e+01 3.53593590e+00 4.74000000e+01 -3.03891423e+00
 4.77000000e+01 0.00000000e+00 4.77000000e+01 3.51390182e+00 4.77000000e+01 -3.56313896e+00
 4.80000000e+01 0.00000000e+00 4.80000000e+01 3.79095005e+00 4.80000000e+01 -2.82111234e+00
 4.83000000e+01 0.00000000e+00 4.83000000e+01 3.42255748e+00 4.83000000e+01 -3.51861624e+00
 4.86000000e+01 0.00000000e+00 4.86000000e+01 3.68299577e+00 4.86000000e+01 -3.11930971e+00
 4.89000000e+01 0.00000000e+00 4.89000000e+01 4.36014768e+00 4.89000000e+01 -3.53421380e+00
 4.92000000e+01 0.00000000e+00 4.92000000e+01 3.51260095e+00 4.92000000e+01 -3.32605399e+00
 4.95000000e+01 0.00000000e+00 4.95000000e+01 4.02464952e+00 4.95000000e+01 -2.82734756e+00
 4.98000000e+01 0.00000000e+00 4.98000000e+01 3.88659452e+00 4.98000000e+01 -2.83446067e+00
 5.01000000e+01 0.00000000e+00 5.01000000e+01 2.54862615e+00 5.01000000e+01 -2.71616516e+00
 5.04000000e+01 0.00000000e+00 5.04000000e+01 2.29613562e+00 5.04000000e+01 -2.26879890e+00
 5.07000000e+01 0.00000000e+00 5.07000000e+01 3.01314537e+00 5.07000000e+01 -3.09176827e+00
 5.10000000e+01 0.00000000e+00 5.10000000e+01 3.35540675e+00 5.10000000e+01 -2.62126526e+00
 5.13000000e+01 0.00000000e+00 5.13000000e+01 1.86487503e+00 5.13000000e+01 -2.44102428e+00
 5.16000000e+01 0.00000000e+00 5.16000000e+01 3.05834363e+00 5.16000000e+01 -2.22185216e+00
 5.19000000e+01 0.00000000e+00 5.19000000e+01 2.40173606e+00 5.19000000e+01 -2.43587637e+00
 5.22000000e+01 0.00000000e+00 5.22000000e+01 2.87984339e+00 5.22000000e+01 -2.12747476e+00
 5.25000000e+01 0.00000000e+00 5.25000000e+01 2.91067610e+00 5.25000000e+01 -1.68873004e+00
 5.28000000e+01 0.00000000e+00 5.28000000e+01 2.71867678e+00 5.28000000e+01 -2.49128772e+00
 5.31000000e+01 0.00000000e+00 5.31000000e+01 3.09629662e+00 5.31000000e+01 -2.80791989e+00
 5.34000000e+01 0.00000000e+00 5.34000000e+01 2.56426945e+00 5.34000000e+01 -2.54612457e+00
 5.37000000e+01 0.00000000e+00 5.37000000e+01 2.41470984e+00 5.37000000e+01 -2.95164739e+00
 5.40000000e+01 0.00000000e+00 5.40000000e+01 2.81667712e+00 5.40000000e+01 -2.14044316e+00
 5.43000000e+01 0.00000000e+00 5.43000000e+01 3.08869206e+00 5.43000000e+01 -2.42569095e+00
 5.46000000e+01 0.00000000e+00 5.46000000e+01 2.64118749e+00 5.46000000e+01 -2.41112731e+00
 5.49000000e+01 0.00000000e+00 5.49000000e+01 1.86359711e+00 5.49000000e+01 -2.28352116e+00
 5.52000000e+01 0.00000000e+00 5.52000000e+01 8.12321458e+00 5.52000000e+01 -4.81694750e+00
 5.55000000e+01 0.00000000e+00 5.55000000e+01 7.70467787e+00 5.55000000e+01 -4.30339270e+00
 5.58000000e+01 0.00000000e+00 5.58000000e+01 7.78242805e+00 5.58000000e+01 -4.33914990e+00
 5.61000000e+01 0.00000000e+00 5.61000000e+01 7.74643342e+00 5.61000000e+01 -4.43130146e+00
 5.64000000e+01 0.00000000e+00 5.64000000e+01 7.60372111e+00 5.64000000e+01 -4.34868339e+00
 5.67000000e+01 0.00000000e+00 5.67000000e+01 8.07723152e+00 5.67000000e+01 -4.43253227e+00
 5.70000000e+01 0.00000000e+00 5.70000000e+01 7.67452705e+00 5.70000000e+01 -3.63216954e+00
 5.73000000e+01 0.00000000e+00 5.73000000e+01 7.88850819e+00 5.73000000e+01 -3.95119391e+00
 5.76000000e+01 0.00000000e+00 5.76000000e+01 8.30341696e+00 5.76000000e+01 -3.92616179e+00
 5.79000000e+01 0.00000000e+00 5.79000000e+01 7.89066679e+00 5.79000000e+01 -4.58108757e+00
 5.82000000e+01 0.00000000e+00 5.82000000e+01 8.21330494e+00 5.82000000e+01 -4.32907490e+00
 5.85000000e+01 0.00000000e+00 5.85000000e+01 6.90274865e+00 5.85000000e+01 -4.76675028e+00
 5.88000000e+01 0.00000000e+00 5.88000000e+01 8.45951427e+00 5.88000000e+01 -4.42726340e+00
 5.91000000e+01 0.00000000e+00 5.91000000e+01 7.97391903e+00 5.91000000e+01 -3.82047347e+00
 5.94000000e+01 0.00000000e+00 5.94000000e+01 8.68746781e+00 5.94000000e+01 -4.07301401e+00
 5.97000000e+01 0.00000000e+00 5.97000000e+01 8.03380682e+00 5.97000000e+01 -4.27641868e+00
