 0.00000000e+00 0.00000000e+00 0.00000000e+00 6.29640354e+00 0.00000000e+00 -4.08028062e+00
 3.00000000e-01 0.00000000e+00 3.00000000e-01 6.60164319e+00 3.00000000e-01 -4.73858418e+00
 6.00000000e-01 0.00000000e+00 6.00000000e-01 5.84611810e+00 6.00000000e-01 -4.71996359e+00
 9.00000000e-01 0.00000000e+00 9.00000000e-01 6.01668549e+00 9.00000000e-01 -4.70192124e+00
 1.20000000e+00 0.00000000e+00 1.20000000e+00 5.95153069e+00 1.20000000e+00 -4.65507313e+00
 1.50000000e+00 0.00000000e+00 1.50000000e+00 6.67671444e+00 1.50000000e+00 -4.08942477e+00
 1.80000000e+00 0.00000000e+00 1.80000000e+00 6.47906897e+00 1.80000000e+00 -4.51584590e+00
 2.10000000e+00 0.00000000e+00 2.10000000e+00 6.99846396e+00 2.10000000e+00 -4.69333613e+00
 2.40000000e+00 0.00000000e+00 2.40000000e+00 6.07126128e+00 2.40000000e+00 -4.56023434e+00
 2.70000000e+00 0.00000000e+00 2.70000000e+00 6.25660302e+00 2.70000000e+00 -5.09270419e+00
 3.00000000e+00 0.00000000e+00 3.00000000e+00 5.96510711e+00 3.00000000e+00 -4.84031499e+00
 3.30000000e+00 0.00000000e+00 3.30000000e+00 5.34886040e+00 3.30000000e+00 -4.81736235e+00
 3.60000000e+00 0.00000000e+00 3.60000000e+00 6.24025920e+00 3.60000000e+00 -4.54032643e+00
 3.90000000e+00 0.00000000e+00 3.90000000e+00 6.36250350e+00 3.90000000e+00 -4.47122458e+00
 4.20000000e+00 0.00000000e+00 4.20000000e+00 5.68644492e+00 4.20000000e+00 -5.30909265e+00
 4.50000000e+00 0.00000000e+00 4.50000000e+00 5.79258353e+00 4.50000000e+00 -4.14960248e+00
 4.80000000e+00 0.00000000e+00 4.80000000e+00 6.45378975e+00 4.80000000e+00 -5.07598067e+00
 5.10000000e+00 0.00000000e+00 5.10000000e+00 5.98657545e+00 5.10000000e+00 -4.91968796e+00
 5.40000000e+00 0.00000000e+00 5.40000000e+00 6.95086623e+00 5.40000000e+00 -4.02630812e+00
 5.70000000e+00 0.00000000e+00 5.70000000e+00 6.05045567e+00 5.70000000e+00 -4.39495450e+00
 6.00000000e+00 0.00000000e+00 6.00000000e+00 6.74512749e+00 6.00000000e+00 -4.42959289e+00
 6.30000000e+00 0.00000000e+00 6.30000000e+00 6.49972373e+00 6.30000000e+00 -4.32042386e+00
 6.60000000e+00 0.00000000e+00 6.60000000e+00 6.17069354e+00 6.60000000e+00 -5.20555409e+00
 6.90000000e+00 0.00000000e+00 6.90000000e+00 5.79493957e+00 6.90000000e+00 -4.40613192e+00
 7.20000000e+00 0.00000000e+00 7.20000000e+00 6.20682424e+00 7.20000000e+00 -3.84920768e+00
 7.50000000e+00 0.00000000e+00 7.50000000e+00 6.15930003e+00 7.50000000e+00 -4.04651511e+00
 7.80000000e+00 0.00000000e+00 7.80000000e+00 6.76032242e+00 7.80000000e+00 -4.34099941e+00
 8.10000000e+00 0.00000000e+00 8.10000000e+00 5.93345321e+00 8.10000000e+00 -4.39041525e+00
 8.40000000e+00 0.00000000e+00 8.40000000e+00 6.18223064e+00 8.40000000e+00 -4.13382940e+00
 8.70000000e+00 0.00000000e+00 8.70000000e+00 5.50679471e+00 8.70000000e+00 -4.56771851e+00
 9.00000000e+00 0.00000000e+00 9.00000000e+00 6.47134084e+00 9.00000000e+00 -4.55228181e+00
 9.30000000e+00 0.00000000e+00 9.30000000e+00 6.27166997e+00 9.30000000e+00 -4.44740146e+00
 9.60000000e+00 0.00000000e+00 9.60000000e+00 5.96524712e+00 9.60000000e+00 -4.31833010e+00
 9.90000000e+00 0.00000000e+00 9.90000000e+00 5.75498355e+00 9.90000000e+00 -4.06971347e+00
 1.02000000e+01 0.00000000e+00 1.02000000e+01 6.35527859e+00 1.02000000e+01 -4.50631090e+00
 1.05000000e+01 0.00000000e+00 1.05000000e+01 6.52873274e+00 1.05000000e+01 -4.76435930e+00
 1.08000000e+01 0.00000000e+00 1.08000000e+01 6.06134620e+00 1.08000000e+01 -4.50587641e+00
 1.11000000e+01 0.00000000e+00 1.11000000e+01 6.14447925e+00 1.11000000e+01 -4.30526731e+00
 1.14000000e+01 0.00000000e+00 1.14000000e+01 6.42672372e+00 1.14000000e+01 -4.44461613e+00
 1.17000000e+01 0.00000000e+00 1.17000000e+01 6.11018811e+00 1.17000000e+01 -4.60379454e+00
 1.20000000e+01 0.00000000e+00 1.20000000e+01 6.01681903e+00 1.20000000e+01 -4.53646318e+00
 1.23000000e+01 0.00000000e+00 1.23000000e+01 6.18088574e+00 1.23000000e+01 -3.89328248e+00
 1.26000000e+01 0.00000000e+00 1.26000000e+01 5.61797825e+00 1.26000000e+01 -5.08774402e+00
 1.29000000e+01 0.00000000e+00 1.29000000e+01 6.23055195e+00 1.29000000e+01 -4.67356778e+00
 1.32000000e+01 0.00000000e+00 1.32000000e+01 6.25444312e+00 1.32000000e+01 -4.55043066e+00
 1.35000000e+01 0.00000000e+00 1.35000000e+01 6.30260181e+00 1.35000000e+01 -4.59089526e+00
 1.38000000e+01 0.00000000e+00 1.38000000e+01 6.18872906e+00 1.38000000e+01 -4.74342020e+00
 1.41000000e+01 0.00000000e+00 1.41000000e+01 6.52512352e+00 1.41000000e+01 -4.21981827e+00
 1.44000000e+01 0.00000000e+00 1.44000000e+01 6.38795581e+00 1.44000000e+01 -4.64394955e+00
 1.47000000e+01 0.00000000e+00 1.47000000e+01 6.14778478e+00 1.47000000e+01 -4.35496214e+00
 1.50000000e+01 0.00000000e+00 1.50000000e+01 6.21711266e+00 1.50000000e+01 -4.65947661e+00
 1.53000000e+01 0.00000000e+00 1.53000000e+01 2.02181234e+00 1.53000000e+01 -6.80947423e+00
 1.56000000e+01 0.00000000e+00 1.56000000e+01 1.92522204e+00 1.56000000e+01 -6.84708870e+00
 1.59000000e+01 0.00000000e+00 1.59000000e+01 2.19124231e+00 1.59000000e+01 -6.16757617e+00
 1.62000000e+01 0.00000000e+00 1.62000000e+01 2.09259322e+00 1.62000000e+01 -6.29427506e+00
 1.65000000e+01 0.00000000e+00 1.65000000e+01 2.43600229e+00 1.65000000e+01 -6.47791874e+00
 1.68000000e+01 0.00000000e+00 1.68000000e+01 2.47233909e+00 1.68000000e+01 -6.64622847e+00
 1.71000000e+01 0.00000000e+00 1.71000000e+01 2.33636973e+00 1.71000000e+01 -6.62216127e+00
 1.74000000e+01 0.00000000e+00 1.74000000e+01 2.29803358e+00 1.74000000e+01 -6.90106170e+00
 1.77000000e+01 0.00000000e+00 1.77000000e+01 2.01979641e+00 1.77000000e+01 -6.80709837e+00
 1.80000000e+01 0.00000000e+00 1.80000000e+01 2.27210646e+00 1.80000000e+01 -6.56036971e+00
 1.83000000e+01 0.00000000e+00 1.83000000e+01 2.44010700e+00 1.83000000e+01 -5.88199962e+00
 1.86000000e+01 0.00000000e+00 1.86000000e+01 2.13142911e+00 1.86000000e+01 -7.45215746e+00
 1.89000000e+01 0.00000000e+00 1.89000000e+01 2.17669111e+00 1.89000000e+01 -6.40708816e+00
 1.92000000e+01 0.00000000e+00 1.92000000e+01 2.23670807e+00 1.92000000e+01 -6.56075327e+00
 1.95000000e+01 0.00000000e+00 1.95000000e+01 2.60872174e+00 1.95000000e+01 -6.66653535e+00
 1.98000000e+01 0.00000000e+00 1.98000000e+01 1.96333920e+00 1.98000000e+01 -6.62292521e+00
 2.01000000e+01 0.00000000e+00 2.01000000e+01 1.82274259e+00 2.01000000e+01 -6.40594709e+00
 2.04000000e+01 0.00000000e+00 2.04000000e+01 2.38477420e+00 2.04000000e+01 -6.79547562e+00
 2.07000000e+01 0.00000000e+00 2.07000000e+01 2.81191983e+00 2.07000000e+01 -6.09488384e+00
 2.10000000e+01 0.00000000e+00 2.10000000e+01 2.07814100e+00 2.10000000e+01 -6.04970269e+00
 2.13000000e+01 0.00000000e+00 2.13000000e+01 2.26452478e+00 2.13000000e+01 -6.61230481e+00
 2.16000000e+01 0.00000000e+00 2.16000000e+01 2.79645019e+00 2.16000000e+01 -6.64359153e+00
 2.19000000e+01 0.00000000e+00 2.19000000e+01 2.11979632e+00 2.19000000e+01 -6.55481765e+00
 2.22000000e+01 0.00000000e+00 2.22000000e+01 3.00065721e+00 2.22000000e+01 -7.18807554e+00
 2.25000000e+01 0.00000000e+00 2.25000000e+01 2.50494392e+00 2.25000000e+01 -6.66218082e+00
 2.28000000e+01 0.00000000e+00 2.28000000e+01 2.67651147e+00 2.28000000e+01 -6.82643269e+00
 2.31000000e+01 0.00000000e+00 2.31000000e+01 2.21042907e+00 2.31000000e+01 -6.65049776e+00
 2.34000000e+01 0.00000000e+00 2.34000000e+01 2.83765266e+00 2.34000000e+01 -6.91853010e+00
 2.37000000e+01 0.00000000e+00 2.37000000e+01 2.49773681e+00 2.37000000e+01 -6.21629600e+00
 2.40000000e+01 0.00000000e+00 2.40000000e+01 2.68903647e+00 2.40000000e+01 -6.99672626e+00
 2.43000000e+01 0.00000000e+00 2.43000000e+01 2.42166995e+00 2.43000000e+01 -6.84350681e+00
 2.46000000e+01 0.00000000e+00 2.46000000e+01 2.26723324e+00 2.46000000e+01 -6.81869755e+00
 2.49000000e+01 0.00000000e+00 2.49000000e+01 1.90985893e+00 2.49000000e+01 -6.74516666e+00
 2.52000000e+01 0.00000000e+00 2.52000000e+01 1.83632260e+00 2.52000000e+01 -4.82312871e+00
 2.55000000e+01 0.00000000e+00 2.55000000e+01 1.98529727e+00 2.55000000e+01 -4.73767801e+00
 2.58000000e+01 0.00000000e+00 2.58000000e+01 2.59940129e+00 2.58000000e+01 -4.44881676e+00
 2.61000000e+01 0.00000000e+00 2.61000000e+01 1.81308976e+00 2.61000000e+01 -4.72825359e+00
 2.64000000e+01 0.00000000e+00 2.64000000e+01 1.91386894e+00 2.64000000e+01 -4.71411974e+00
 2.67000000e+01 0.00000000e+00 2.67000000e+01 1.69196411e+00 2.67000000e+01 -4.46271645e+00
 2.70000000e+01 0.00000000e+00 2.70000000e+01 1.84205720e+00 2.70000000e+01 -5.10694363e+00
 2.73000000e+01 0.00000000e+00 2.73000000e+01 1.47589673e+00 2.73000000e+01 -5.01785285e+00
 2.76000000e+01 0.00000000e+00 2.76000000e+01 1.60615401e+00 2.76000000e+01 -3.82956632e+00
 2.79000000e+01 0.00000000e+00 2.79000000e+01 1.61048786e+00 2.79000000e+01 -4.97853145e+00
 2.82000000e+01 0.00000000e+00 2.82000000e+01 1.75799765e+00 2.82000000e+01 -4.69016528e+00
 2.85000000e+01 0.00000000e+00 2.85000000e+01 2.20824326e+00 2.85000000e+01 -4.13249958e+00
 2.88000000e+01 0.00000000e+00 2.88000000e+01 1.66859122e+00 2.88000000e+01 -4.64031874e+00
 2.91000000e+01 0.00000000e+00 2.91000000e+01 1.71087598e+00 2.91000000e+01 -4.92485708e+00
 2.94000000e+01 0.00000000e+00 2.94000000e+01 2.39524032e+00 2.94000000e+01 -4.53865587e+00
 2.97000000e+01 0.00000000e+00 2.97000000e+01 1.09226914e+00 2.97000000e+01 -3.69698912e+00
 3.00000000e+01 0.00000000e+00 3.00000000e+01 2.04411687e+00 3.00000000e+01 -4.65049808e+00
 3.03000000e+01 0.00000000e+00 3.03000000e+01 2.03968271e+00 3.03000000e+01 -4.28312172e+00
 3.06000000e+01 0.00000000e+00 3.06000000e+01 2.02952838e+00 3.06000000e+01 -4.63397599e+00
 3.09000000e+01 0.00000000e+00 3.09000000e+01 1.76974519e+00 3.09000000e+01 -4.72683489e+00
 3.12000000e+01 0.00000000e+00 3.12000000e+01 1.73373457e+00 3.12000000e+01 -4.86135431e+00
 3.15000000e+01 0.00000000e+00 3.15000000e+01 1.81433257e+00 3.15000000e+01 -4.71907950e+00
 3.18000000e+01 0.00000000e+00 3.18000000e+01 1.94870028e+00 3.18000000e+01 -5.10266262e+00
 3.21000000e+01 0.00000000e+00 3.21000000e+01 1.50405051e+00 3.21000000e+01 -4.74546118e+00
 3.24000000e+01 0.00000000e+00 3.24000000e+01 1.84823378e+00 3.24000000e+01 -4.93704014e+00
 3.27000000e+01 0.00000000e+00 3.27000000e+01 1.68615724e+00 3.27000000e+01 -4.21851680e+00
 3.30000000e+01 0.00000000e+00 3.30000000e+01 1.69803354e+00 3.30000000e+01 -4.49352729e+00
 3.33000000e+01 0.00000000e+00 3.33000000e+01 2.03820511e+00 3.33000000e+01 -4.63189188e+00
 3.36000000e+01 0.00000000e+00 3.36000000e+01 1.71003757e+00 3.36000000e+01 -4.03554732e+00
 3.39000000e+01 0.00000000e+00 3.39000000e+01 1.44360208e+00 3.39000000e+01 -4.02663925e+00
 3.42000000e+01 0.00000000e+00 3.42000000e+01 1.96456796e+00 3.42000000e+01 -4.46523835e+00
 3.45000000e+01 0.00000000e+00 3.45000000e+01 1.39953870e+00 3.45000000e+01 -5.07382764e+00
 3.48000000e+01 0.00000000e+00 3.48000000e+01 2.00277142e+00 3.48000000e+01 -4.47941353e+00
 3.51000000e+01 0.00000000e+00 3.51000000e+01 4.97576373e+00 3.51000000e+01 -2.69836642e+00
 3.54000000e+01 0.00000000e+00 3.54000000e+01 4.52064949e+00 3.54000000e+01 -3.03255717e+00
 3.57000000e+01 0.00000000e+00 3.57000000e+01 5.10331323e+00 3.57000000e+01 -2.23712259e+00
 3.60000000e+01 0.00000000e+00 3.60000000e+01 4.10671501e+00 3.60000000e+01 -2.46190870e+00
 3.63000000e+01 0.00000000e+00 3.63000000e+01 4.59537853e+00 3.63000000e+01 -2.69683805e+00
 3.66000000e+01 0.00000000e+00 3.66000000e+01 4.90421298e+00 3.66000000e+01 -2.42173251e+00
 3.69000000e+01 0.00000000e+00 3.69000000e+01 4.45078245e+00 3.69000000e+01 -3.01661642e+00
 3.72000000e+01 0.00000000e+00 3.72000000e+01 5.15205241e+00 3.72000000e+01 -2.53918946e+00
 3.75000000e+01 0.00000000e+00 3.75000000e+01 4.70068135e+00 3.75000000e+01 -2.64589167e+00
 3.78000000e+01 0.00000000e+00 3.78000000e+01 4.68591871e+00 3.78000000e+01 -2.68073157e+00
 3.81000000e+01 0.00000000e+00 3.81000000e+01 4.30090066e+00 3.81000000e+01 -2.29746950e+00
 3.84000000e+01 0.00000000e+00 3.84000000e+01 4.29964445e+00 3.84000000e+01 -2.95049324e+00
 3.87000000e+01 0.00000000e+00 3.87000000e+01 4.93143697e+00 3.87000000e+01 -2.58114772e+00
 3.90000000e+01 0.00000000e+00 3.90000000e+01 4.53731790e+00 3.90000000e+01 -3.15807644e+00
 3.93000000e+01 0.00000000e+00 3.93000000e+01 4.55698111e+00 3.93000000e+01 -2.72987158e+00
 3.96000000e+01 0.00000000e+00 3.96000000e+01 4.95225538e+00 3.96000000e+01 -2.84515433e+00
 3.99000000e+01 0.00000000e+00 3.99000000e+01 4.61809942e+00 3.99000000e+01 -2.35652510e+00
 4.02000000e+01 0.00000000e+00 4.02000000e+01 4.46753395e+00 4.02000000e+01 -2.12148602e+00
 4.05000000e+01 0.00000000e+00 4.05000000e+01 4.42390615e+00 4.05000000e+01 -2.32980274e+00
 4.08000000e+01 0.00000000e+00 4.08000000e+01 4.96347959e+00 4.08000000e+01 -2.34087982e+00
 4.11000000e+01 0.00000000e+00 4.11000000e+01 4.63548658e+00 4.11000000e+01 -2.07013544e+00
 4.14000000e+01 0.00000000e+00 4.14000000e+01 4.39590593e+00 4.14000000e+01 -3.26748265e+00
 4.17000000e+01 0.00000000e+00 4.17000000e+01 4.42858487e+00 4.17000000e+01 -2.73900702e+00
 4.20000000e+01 0.00000000e+00 4.20000000e+01 4.73237616e+00 4.20000000e+01 -2.54980943e+00
 4.23000000e+01 0.00000000e+00 4.23000000e+01 4.90758268e+00 4.23000000e+01 -2.68864907e+00
 4.26000000e+01 0.00000000e+00 4.26000000e+01 4.50666469e+00 4.26000000e+01 -2.71031910e+00
 4.29000000e+01 0.00000000e+00 4.29000000e+01 4.71915943e+00 4.29000000e+01 -2.84070743e+00
 4.32000000e+01 0.00000000e+00 4.32000000e+01 4.72488148e+00 4.32000000e+01 -2.21335971e+00
 4.35000000e+01 0.00000000e+00 4.35000000e+01 4.70418140e+00 4.35000000e+01 -2.83150888e+00
 4.38000000e+01 0.00000000e+00 4.38000000e+01 4.52961812e+00 4.38000000e+01 -1.88453278e+00
 4.41000000e+01 0.00000000e+00 4.41000000e+01 4.98932674e+00 4.41000000e+01 -2.48294459e+00
 4.44000000e+01 0.00000000e+00 4.44000000e+01 4.43986248e+00 4.44000000e+01 -2.74207688e+00
 4.47000000e+01 0.00000000e+00 4.47000000e+01 5.10933857e+00 4.47000000e+01 -2.45703058e+00
 4.50000000e+01 0.00000000e+00 4.50000000e+01 4.68658723e+00 4.50000000e+01 -2.73915058e+00
 4.53000000e+01 0.00000000e+00 4.53000000e+01 4.83645386e+00 4.53000000e+01 -2.97035455e+00
 4.56000000e+01 0.00000000e+00 4.56000000e+01 4.36734597e+00 4.56000000e+01 -2.86595478e+00
 4.59000000e+01 0.00000000e+00 4.59000000e+01 5.44929804e+00 4.59000000e+01 -2.73211870e+00
 4.62000000e+01 0.00000000e+00 4.62000000e+01 4.73169308e+00 4.62000000e+01 -2.24747258e+00
 4.65000000e+01 0.00000000e+00 4.65000000e+01 4.10260456e+00 4.65000000e+01 -2.51159663e+00
 4.68000000e+01 0.00000000e+00 4.68000000e+01 4.93757656e+00 4.68000000e+01 -2.60961505e+00
 4.71000000e+01 0.00000000e+00 4.71000000e+01 5.19848710e+00 4.71000000e+01 -2.92759381e+00
 4.74000000e+01 0.00000000e+00 4.74000000e+01 4.70974526e+00 4.74000000e+01 -2.29704231e+00
 4.77000000e+01 0.00000000e+00 4.77000000e+01 4.88028441e+00 4.77000000e+01 -2.74998713e+00
 4.80000000e+01 0.00000000e+00 4.80000000e+01 4.71298682e+00 4.80000000e+01 -2.63404869e+00
 4.83000000e+01 0.00000000e+00 4.83000000e+01 3.99661315e+00 4.83000000e+01 -3.01946171e+00
 4.86000000e+01 0.00000000e+00 4.86000000e+01 4.33335828e+00 4.86000000e+01 -3.07767750e+00
 4.89000000e+01 0.00000000e+00 4.89000000e+01 5.04209630e+00 4.89000000e+01 -2.41169628e+00
 4.92000000e+01 0.00000000e+00 4.92000000e+01 4.61155991e+00 4.92000000e+01 -2.45837222e+00
 4.95000000e+01 0.00000000e+00 4.95000000e+01 4.50834952e+00 4.95000000e+01 -2.60701153e+00
 4.98000000e+01 0.00000000e+00 4.98000000e+01 4.30465054e+00 4.98000000e+01 -2.51923983e+00
 5.01000000e+01 0.00000000e+00 5.01000000e+01 3.28736190e+00 5.01000000e+01 -3.27665196e+00
 5.04000000e+01 0.00000000e+00 5.04000000e+01 2.43281383e+00 5.04000000e+01 -2.86422581e+00
 5.07000000e+01 0.00000000e+00 5.07000000e+01 2.92672667e+00 5.07000000e+01 -3.04787963e+00
 5.10000000e+01 0.00000000e+00 5.10000000e+01 3.27569909e+00 5.10000000e+01 -3.15349082e+00
 5.13000000e+01 0.00000000e+00 5.13000000e+01 2.36992573e+00 5.13000000e+01 -2.99670193e+00
 5.16000000e+01 0.00000000e+00 5.16000000e+01 3.31675781e+00 5.16000000e+01 -2.70148036e+00
 5.19000000e+01 0.00000000e+00 5.19000000e+01 3.10173804e+00 5.19000000e+01 -3.32371767e+00
 5.22000000e+01 0.00000000e+00 5.22000000e+01 2.73532181e+00 5.22000000e+01 -3.18384576e+00
 5.25000000e+01 0.00000000e+00 5.25000000e+01 3.00100003e+00 5.25000000e+01 -2.32054078e+00
 5.28000000e+01 0.00000000e+00 5.28000000e+01 3.24884226e+00 5.28000000e+01 -2.59864745e+00
 5.31000000e+01 0.00000000e+00 5.31000000e+01 3.17307742e+00 5.31000000e+01 -2.77329604e+00
 5.34000000e+01 0.00000000e+00 5.34000000e+01 2.56321436e+00 5.34000000e+01 -2.92570775e+00
 5.37000000e+01 0.00000000e+00 5.37000000e+01 2.81063901e+00 5.37000000e+01 -2.58771424e+00
 5.40000000e+01 0.00000000e+00 5.40000000e+01 3.03332357e+00 5.40000000e+01 -2.50389035e+00
 5.43000000e+01 0.00000000e+00 5.43000000e+01 2.91618164e+00 5.43000000e+01 -2.69813136e+00
 5.46000000e+01 0.00000000e+00 5.46000000e+01 2.87602701e+00 5.46000000e+01 -2.95787841e+00
 5.49000000e+01 0.00000000e+00 5.49000000e+01 3.09647316e+00 5.49000000e+01 -3.60287403e+00
 5.52000000e+01 0.00000000e+00 5.52000000e+01 6.12949102e+00 5.52000000e+01 -4.36113777e+00
 5.55000000e+01 0.00000000e+00 5.55000000e+01 6.11771216e+00 5.55000000e+01 -4.21162662e+00
 5.58000000e+01 0.00000000e+00 5.58000000e+01 5.77728088e+00 5.58000000e+01 -4.93184621e+00
 5.61000000e+01 0.00000000e+00 5.61000000e+01 5.92424801e+00 5.61000000e+01 -4.22944624e+00
 5.64000000e+01 0.00000000e+00 5.64000000e+01 6.27101845e+00 5.64000000e+01 -4.60645390e+00
 5.67000000e+01 0.00000000e+00 5.67000000e+01 5.79583584e+00 5.67000000e+01 -4.37680854e+00
 5.70000000e+01 0.00000000e+00 5.70000000e+01 6.48966472e+00 5.70000000e+01 -4.92859828e+00
 5.73000000e+01 0.00000000e+00 5.73000000e+01 5.72875849e+00 5.73000000e+01 -5.02374509e+00
 5.76000000e+01 0.00000000e+00 5.76000000e+01 6.23009697e+00 5.76000000e+01 -4.71808516e+00
 5.79000000e+01 0.00000000e+00 5.79000000e+01 5.93913276e+00 5.79000000e+01 -4.59167192e+00
 5.82000000e+01 0.00000000e+00 5.82000000e+01 6.27323721e+00 5.82000000e+01 -4.62595312e+00
 5.85000000e+01 0.00000000e+00 5.85000000e+01 5.69931992e+00 5.85000000e+01 -4.77667750e+00
 5.88000000e+01 0.00000000e+00 5.88000000e+01 6.02556707e+00 5.88000000e+01 -4.05387581e+00
 5.91000000e+01 0.00000000e+00 5.91000000e+01 6.04335655e+00 5.91000000e+01 -4.32056807e+00
 5.94000000e+01 0.00000000e+00 5.94000000e+01 6.34859082e+00 5.94000000e+01 -4.94299568e+00
 5.97000000e+01 0.00000000e+00 5.97000000e+01 6.63782869e+00 5.97000000e+01 -4.40230477e+00
