 0.00000000e+00 0.00000000e+00 0.00000000e+00 6.41366189e+00 0.00000000e+00 -4.08397791e+00
 3.00000000e-01 0.00000000e+00 3.00000000e-01 6.38736005e+00 3.00000000e-01 -4.46876076e+00
 6.00000000e-01 0.00000000e+00 6.00000000e-01 6.28665739e+00 6.00000000e-01 -3.61361942e+00
 9.00000000e-01 0.00000000e+00 9.00000000e-01 5.71705816e+00 9.00000000e-01 -3.99164212e+00
 1.20000000e+00 0.00000000e+00 1.20000000e+00 6.07146201e+00 1.20000000e+00 -3.03143887e+00
 1.50000000e+00 0.00000000e+00 1.50000000e+00 6.74096569e+00 1.50000000e+00 -3.23085062e+00
 1.80000000e+00 0.00000000e+00 1.80000000e+00 6.05277544e+00 1.80000000e+00 -3.50064425e+00
 2.10000000e+00 0.00000000e+00 2.10000000e+00 6.20784734e+00 2.10000000e+00 -3.71332066e+00
 2.40000000e+00 0.00000000e+00 2.40000000e+00 6.08266622e+00 2.40000000e+00 -3.61636336e+00
 2.70000000e+00 0.00000000e+00 2.70000000e+00 5.94570480e+00 2.70000000e+00 -3.03264369e+00
 3.00000000e+00 0.00000000e+00 3.00000000e+00 5.94787896e+00 3.00000000e+00 -3.64460192e+00
 3.30000000e+00 0.00000000e+00 3.30000000e+00 6.44521712e+00 3.30000000e+00 -3.33567823e+00
 3.60000000e+00 0.00000000e+00 3.60000000e+00 5.95531736e+00 3.60000000e+00 -3.08951361e+00
 3.90000000e+00 0.00000000e+00 3.90000000e+00 5.71347440e+00 3.90000000e+00 -3.38081751e+00
 4.20000000e+00 0.00000000e+00 4.20000000e+00 6.07596636e+00 4.20000000e+00 -3.80036412e+00
 4.50000000e+00 0.00000000e+00 4.50000000e+00 5.80656468e+00 4.50000000e+00 -3.43193132e+00
 4.80000000e+00 0.00000000e+00 4.80000000e+00 5.56026778e+00 4.80000000e+00 -3.88888458e+00
 5.10000000e+00 0.00000000e+00 5.10000000e+00 6.23487361e+00 5.10000000e+00 -3.36180636e+00
 5.40000000e+00 0.00000000e+00 5.40000000e+00 5.70379563e+00 5.40000000e+00 -3.85194274e+00
 5.70000000e+00 0.00000000e+00 5.70000000e+00 5.66955728e+00 5.70000000e+00 -2.82667225e+00
 6.00000000e+00 0.00000000e+00 6.00000000e+00 6.26264095e+00 6.00000000e+00 -3.75530355e+00
 6.30000000e+00 0.00000000e+00 6.30000000e+00 5.85600556e+00 6.30000000e+00 -2.87945678e+00
 6.60000000e+00 0.00000000e+00 6.60000000e+00 5.74088799e+00 6.60000000e+00 -3.61447898e+00
 6.90000000e+00 0.00000000e+00 6.90000000e+00 6.07664013e+00 6.90000000e+00 -2.99432934e+00
 7.20000000e+00 0.00000000e+00 7.20000000e+00 6.27351426e+00 7.20000000e+00 -3.30065285e+00
 7.50000000e+00 0.00000000e+00 7.50000000e+00 6.01447700e+00 7.50000000e+00 -3.75202617e+00
 7.80000000e+00 0.00000000e+00 7.80000000e+00 5.56490704e+00 7.80000000e+00 -3.60515649e+00
 8.10000000e+00 0.00000000e+00 8.10000000e+00 5.99477378e+00 8.10000000e+00 -3.23318629e+00
 8.40000000e+00 0.00000000e+00 8.40000000e+00 6.02104056e+00 8.40000000e+00 -3.24778109e+00
 8.70000000e+00 0.00000000e+00 8.70000000e+00 6.54809653e+00 8.70000000e+00 -3.78258133e+00
 9.00000000e+00 0.00000000e+00 9.00000000e+00 5.88261112e+00 9.00000000e+00 -3.54324865e+00
 9.30000000e+00 0.00000000e+00 9.30000000e+00 5.93180025e+00 9.30000000e+00 -3.33705455e+00
 9.60000000e+00 0.00000000e+00 9.60000000e+00 6.06577913e+00 9.60000000e+00 -3.49648105e+00
 9.90000000e+00 0.00000000e+00 9.90000000e+00 5.65172849e+00 9.90000000e+00 -4.27740235e+00
 1.02000000e+01 0.00000000e+00 1.02000000e+01 6.41058832e+00 1.02000000e+01 -3.57321103e+00
 1.05000000e+01 0.00000000e+00 1.05000000e+01 5.95216893e+00 1.05000000e+01 -3.74456495e+00
 1.08000000e+01 0.00000000e+00 1.08000000e+01 5.99788507e+00 1.08000000e+01 -3.40879975e+00
 1.11000000e+01 0.00000000e+00 1.11000000e+01 6.48972339e+00 1.11000000e+01 -3.48345504e+00
 1.14000000e+01 0.00000000e+00 1.14000000e+01 6.01636787e+00 1.14000000e+01 -3.39593441e+00
 1.17000000e+01 0.00000000e+00 1.17000000e+01 5.99398012e+00 1.17000000e+01 -3.77673116e+00
 1.20000000e+01 0.00000000e+00 1.20000000e+01 5.78391600e+00 1.20000000e+01 -3.96405795e+00
 1.23000000e+01 0.00000000e+00 1.23000000e+01 5.97892962e+00 1.23000000e+01 -3.45167227e+00
 1.26000000e+01 0.00000000e+00 1.26000000e+01 5.76227030e+00 1.26000000e+01 -2.66969922e+00
 1.29000000e+01 0.00000000e+00 1.29000000e+01 5.68209933e+00 1.29000000e+01 -2.98842629e+00
 1.32000000e+01 0.00000000e+00 1.32000000e+01 5.87339963e+00 1.32000000e+01 -3.72025386e+00
 1.35000000e+01 0.00000000e+00 1.35000000e+01 6.12451152e+00 1.35000000e+01 -3.43662825e+00
 1.38000000e+01 0.00000000e+00 1.38000000e+01 6.04631783e+00 1.38000000e+01 -2.99689874e+00
 1.41000000e+01 0.00000000e+00 1.41000000e+01 6.22783618e+00 1.41000000e+01 -3.88068112e+00
 1.44000000e+01 0.00000000e+00 1.44000000e+01 5.47949040e+00 1.44000000e+01 -2.91727176e+00
 1.47000000e+01 0.00000000e+00 1.47000000e+01 5.55703211e+00 1.47000000e+01 -3.17493361e+00
 1.50000000e+01 0.00000000e+00 1.50000000e+01 6.23285442e+00 1.50000000e+01 -3.33975140e+00
 1.53000000e+01 0.00000000e+00 1.53000000e+01 1.27580686e+00 1.53000000e+01 -5.16470460e+00
 1.56000000e+01 0.00000000e+00 1.56000000e+01 1.21423792e+00 1.56000000e+01 -5.12641310e+00
 1.59000000e+01 0.00000000e+00 1.59000000e+01 1.60990582e+00 1.59000000e+01 -5.26856438e+00
 1.62000000e+01 0.00000000e+00 1.62000000e+01 1.95204130e+00 1.62000000e+01 -4.89356378e+00
 1.65000000e+01 0.00000000e+00 1.65000000e+01 1.80336328e+00 1.65000000e+01 -5.08387838e+00
 1.68000000e+01 0.00000000e+00 1.68000000e+01 1.53390464e+00 1.68000000e+01 -5.86925026e+00
 1.71000000e+01 0.00000000e+00 1.71000000e+01 1.47275270e+00 1.71000000e+01 -5.16820242e+00
 1.74000000e+01 0.00000000e+00 1.74000000e+01 1.96522878e+00 1.74000000e+01 -4.94292048e+00
 1.77000000e+01 0.00000000e+00 1.77000000e+01 1.89410990e+00 1.77000000e+01 -5.08238606e+00
 1.80000000e+01 0.00000000e+00 1.80000000e+01 1.68756947e+00 1.80000000e+01 -4.99687768e+00
 1.83000000e+01 0.00000000e+00 1.83000000e+01 1.12843510e+00 1.83000000e+01 -5.19856715e+00
 1.86000000e+01 0.00000000e+00 1.86000000e+01 2.14677985e+00 1.86000000e+01 -5.58698506e+00
 1.89000000e+01 0.00000000e+00 1.89000000e+01 1.26522845e+00 1.89000000e+01 -5.48192401e+00
 1.92000000e+01 0.00000000e+00 1.92000000e+01 1.84483970e+00 1.92000000e+01 -5.21687935e+00
 1.95000000e+01 0.00000000e+00 1.95000000e+01 1.68855953e+00 1.95000000e+01 -5.51403788e+00
 1.98000000e+01 0.00000000e+00 1.98000000e+01 1.42523390e+00 1.98000000e+01 -4.90186815e+00
 2.01000000e+01 0.00000000e+00 2.01000000e+01 1.42391660e+00 2.01000000e+01 -5.28153740e+00
 2.04000000e+01 0.00000000e+00 2.04000000e+01 1.91511955e+00 2.04000000e+01 -5.09936870e+00
 2.07000000e+01 0.00000000e+00 2.07000000e+01 1.27178922e+00 2.07000000e+01 -5.28592411e+00
 2.10000000e+01 0.00000000e+00 2.10000000e+01 1.38811460e+00 2.10000000e+01 -5.98388267e+00
 2.13000000e+01 0.00000000e+00 2.13000000e+01 1.20323740e+00 2.13000000e+01 -5.45123424e+00
 2.16000000e+01 0.00000000e+00 2.16000000e+01 1.72992975e+00 2.16000000e+01 -5.58283199e+00
 2.19000000e+01 0.00000000e+00 2.19000000e+01 1.61037560e+00 2.19000000e+01 -5.19153367e+00
 2.22000000e+01 0.00000000e+00 2.22000000e+01 1.90769156e+00 2.22000000e+01 -5.64719772e+00
 2.25000000e+01 0.00000000e+00 2.25000000e+01 1.03373431e+00 2.25000000e+01 -5.51890865e+00
 2.28000000e+01 0.00000000e+00 2.28000000e+01 1.64678792e+00 2.28000000e+01 -5.67083850e+00
 2.31000000e+01 0.00000000e+00 2.31000000e+01 1.89729805e+00 2.31000000e+01 -5.27490032e+00
 2.34000000e+01 0.00000000e+00 2.34000000e+01 1.51701678e+00 2.34000000e+01 -5.12427766e+00
 2.37000000e+01 0.00000000e+00 2.37000000e+01 1.96404868e+00 2.37000000e+01 -5.36456575e+00
 2.40000000e+01 0.00000000e+00 2.40000000e+01 1.12982454e+00 2.40000000e+01 -5.25765223e+00
 2.43000000e+01 0.00000000e+00 2.43000000e+01 1.94265186e+00 2.43000000e+01 -5.13965157e+00
 2.46000000e+01 0.00000000e+00 2.46000000e+01 9.99093935e-01 2.46000000e+01 -4.85231116e+00
 2.49000000e+01 0.00000000e+00 2.49000000e+01 1.44883100e+00 2.49000000e+01 -5.61748730e+00
 2.52000000e+01 0.00000000e+00 2.52000000e+01 2.98281178e-01 2.52000000e+01 -2.41415337e+00
 2.55000000e+01 0.00000000e+00 2.55000000e+01 3.55639922e-01 2.55000000e+01 -2.25429709e+00
 2.58000000e+01 0.00000000e+00 2.58000000e+01 4.29319986e-03 2.58000000e+01 -2.15281082e+00
 2.61000000e+01 0.00000000e+00 2.61000000e+01 4.88456215e-01 2.61000000e+01 -2.62177750e+00
 2.64000000e+01 0.00000000e+00 2.64000000e+01 4.48565493e-01 2.64000000e+01 -2.48495403e+00
 2.67000000e+01 0.00000000e+00 2.67000000e+01 5.84290961e-01 2.67000000e+01 -2.59109268e+00
 2.70000000e+01 0.00000000e+00 2.70000000e+01 2.06565129e-01 2.70000000e+01 -2.75849414e+00
 2.73000000e+01 0.00000000e+00 2.73000000e+01 4.99640847e-01 2.73000000e+01 -2.26131656e+00
 2.76000000e+01 0.00000000e+00 2.76000000e+01 4.71121773e-01 2.76000000e+01 -2.85047328e+00
 2.79000000e+01 0.00000000e+00 2.79000000e+01 -1.23016473e-01 2.79000000e+01 -2.82209347e+00
 2.82000000e+01 0.00000000e+00 2.82000000e+01 7.19755818e-01 2.82000000e+01 -2.03017628e+00
 2.85000000e+01 0.00000000e+00 2.85000000e+01 9.44494152e-02 2.85000000e+01 -2.67170400e+00
 2.88000000e+01 0.00000000e+00 2.88000000e+01 -1.75089465e-01 2.88000000e+01 -2.17508947e+00
 2.91000000e+01 0.00000000e+00 2.91000000e+01 1.56907613e-01 2.91000000e+01 -2.82885565e+00
 2.94000000e+01 0.00000000e+00 2.94000000e+01 4.66135483e-01 2.94000000e+01 -2.33261708e+00
 2.97000000e+01 0.00000000e+00 2.97000000e+01 8.80063043e-01 2.97000000e+01 -2.62987445e+00
 3.00000000e+01 0.00000000e+00 3.00000000e+01 5.03319605e-02 3.00000000e+01 -1.94966804e+00
 3.03000000e+01 0.00000000e+00 3.03000000e+01 -4.15377045e-02 3.03000000e+01 -2.04153770e+00
 3.06000000e+01 0.00000000e+00 3.06000000e+01 3.24097480e-01 3.06000000e+01 -2.41980152e+00
 3.09000000e+01 0.00000000e+00 3.09000000e+01 2.55026483e-01 3.09000000e+01 -2.36190184e+00
 3.12000000e+01 0.00000000e+00 3.12000000e+01 1.40169833e-01 3.12000000e+01 -2.62797148e+00
 3.15000000e+01 0.00000000e+00 3.15000000e+01 2.43395352e-01 3.15000000e+01 -2.71756985e+00
 3.18000000e+01 0.00000000e+00 3.18000000e+01 2.27476574e-01 3.18000000e+01 -2.45251691e+00
 3.21000000e+01 0.00000000e+00 3.21000000e+01 -4.14483724e-01 3.21000000e+01 -2.52049575e+00
 3.24000000e+01 0.00000000e+00 3.24000000e+01 7.28251193e-01 3.24000000e+01 -2.34687450e+00
 3.27000000e+01 0.00000000e+00 3.27000000e+01 -3.53813358e-01 3.27000000e+01 -2.35381336e+00
 3.30000000e+01 0.00000000e+00 3.30000000e+01 5.75538242e-01 3.30000000e+01 -2.43247263e+00
 3.33000000e+01 0.00000000e+00 3.33000000e+01 3.06605099e-02 3.33000000e+01 -1.96933949e+00
 3.36000000e+01 0.00000000e+00 3.36000000e+01 5.17389881e-01 3.36000000e+01 -2.52879526e+00
 3.39000000e+01 0.00000000e+00 3.39000000e+01 2.12530999e-01 3.39000000e+01 -2.32450790e+00
 3.42000000e+01 0.00000000e+00 3.42000000e+01 9.77685963e-02 3.42000000e+01 -2.75845369e+00
 3.45000000e+01 0.00000000e+00 3.45000000e+01 9.12004248e-01 3.45000000e+01 -2.28598945e+00
 3.48000000e+01 0.00000000e+00 3.48000000e+01 1.32891122e+00 3.48000000e+01 -1.98051508e+00
 3.51000000e+01 0.00000000e+00 3.51000000e+01 5.26876760e+00 3.51000000e+01 -2.53400945e+00
 3.54000000e+01 0.00000000e+00 3.54000000e+01 5.61826029e+00 3.54000000e+01 -1.98691471e+00
 3.57000000e+01 0.00000000e+00 3.57000000e+01 5.84031510e+00 3.57000000e+01 -2.01980773e+00
 3.60000000e+01 0.00000000e+00 3.60000000e+01 5.71063953e+00 3.60000000e+01 -2.27299248e+00
 3.63000000e+01 0.00000000e+00 3.63000000e+01 5.45780894e+00 3.63000000e+01 -2.20357349e+00
 3.66000000e+01 0.00000000e+00 3.66000000e+01 5.52640564e+00 3.66000000e+01 -2.38229339e+00
 3.69000000e+01 0.00000000e+00 3.69000000e+01 5.39324950e+00 3.69000000e+01 -2.85219556e+00
 3.72000000e+01 0.00000000e+00 3.72000000e+01 5.28747562e+00 3.72000000e+01 -2.23507919e+00
 3.75000000e+01 0.00000000e+00 3.75000000e+01 5.33407190e+00 3.75000000e+01 -2.16268075e+00
 3.78000000e+01 0.00000000e+00 3.78000000e+01 5.97104436e+00 3.78000000e+01 -2.01695106e+00
 3.81000000e+01 0.00000000e+00 3.81000000e+01 5.55821708e+00 3.81000000e+01 -2.39925408e+00
 3.84000000e+01 0.00000000e+00 3.84000000e+01 5.58639651e+00 3.84000000e+01 -2.25224542e+00
 3.87000000e+01 0.00000000e+00 3.87000000e+01 5.77382184e+00 3.87000000e+01 -2.47316171e+00
 3.90000000e+01 0.00000000e+00 3.90000000e+01 5.88059163e+00 3.90000000e+01 -2.14867144e+00
 3.93000000e+01 0.00000000e+00 3.93000000e+01 5.29780319e+00 3.93000000e+01 -2.40279898e+00
 3.96000000e+01 0.00000000e+00 3.96000000e+01 6.39430875e+00 3.96000000e+01 -2.70543460e+00
 3.99000000e+01 0.00000000e+00 3.99000000e+01 5.85408651e+00 3.99000000e+01 -2.27059593e+00
 4.02000000e+01 0.00000000e+00 4.02000000e+01 4.66634136e+00 4.02000000e+01 -3.00714465e+00
 4.05000000e+01 0.00000000e+00 4.05000000e+01 5.08874200e+00 4.05000000e+01 -3.14584598e+00
 4.08000000e+01 0.00000000e+00 4.08000000e+01 4.82192790e+00 4.08000000e+01 -3.33757932e+00
 4.11000000e+01 0.00000000e+00 4.11000000e+01 4.81369852e+00 4.11000000e+01 -2.70439458e+00
 4.14000000e+01 0.00000000e+00 4.14000000e+01 4.19641790e+00 4.14000000e+01 -3.09479428e+00
 4.17000000e+01 0.00000000e+00 4.17000000e+01 4.67954033e+00 4.17000000e+01 -2.53551480e+00
 4.20000000e+01 0.00000000e+00 4.20000000e+01 4.15061172e+00 4.20000000e+01 -3.19191972e+00
 4.23000000e+01 0.00000000e+00 4.23000000e+01 4.62943512e+00 4.23000000e+01 -2.80070117e+00
 4.26000000e+01 0.00000000e+00 4.26000000e+01 4.30455615e+00 4.26000000e+01 -3.87263732e+00
 4.29000000e+01 0.00000000e+00 4.29000000e+01 4.72729726e+00 4.29000000e+01 -2.94475601e+00
 4.32000000e+01 0.00000000e+00 4.32000000e+01 5.25884004e+00 4.32000000e+01 -2.75997995e+00
 4.35000000e+01 0.00000000e+00 4.35000000e+01 4.67037077e+00 4.35000000e+01 -2.98587845e+00
 4.38000000e+01 0.00000000e+00 4.38000000e+01 4.83905379e+00 4.38000000e+01 -2.79632992e+00
 4.41000000e+01 0.00000000e+00 4.41000000e+01 4.47426265e+00 4.41000000e+01 -2.54959791e+00
 4.44000000e+01 0.00000000e+00 4.44000000e+01 4.69284758e+00 4.44000000e+01 -3.38954999e+00
 4.47000000e+01 0.00000000e+00 4.47000000e+01 4.37257175e+00 4.47000000e+01 -3.22164592e+00
 4.50000000e+01 0.00000000e+00 4.50000000e+01 4.52449757e+00 4.50000000e+01 -3.15022730e+00
 4.53000000e+01 0.00000000e+00 4.53000000e+01 4.63571175e+00 4.53000000e+01 -2.65977601e+00
 4.56000000e+01 0.00000000e+00 4.56000000e+01 4.54636092e+00 4.56000000e+01 -3.83446068e+00
 4.59000000e+01 0.00000000e+00 4.59000000e+01 4.68686767e+00 4.59000000e+01 -2.64722323e+00
 4.62000000e+01 0.00000000e+00 4.62000000e+01 4.49998878e+00 4.62000000e+01 -3.19112040e+00
 4.65000000e+01 0.00000000e+00 4.65000000e+01 4.81509842e+00 4.65000000e+01 -3.31245048e+00
 4.68000000e+01 0.00000000e+00 4.68000000e+01 4.25637333e+00 4.68000000e+01 -2.86890568e+00
 4.71000000e+01 0.00000000e+00 4.71000000e+01 4.90401791e+00 4.71000000e+01 -3.41574664e+00
 4.74000000e+01 0.00000000e+00 4.74000000e+01 4.04246335e+00 4.74000000e+01 -3.41279928e+00
 4.77000000e+01 0.00000000e+00 4.77000000e+01 4.30251564e+00 4.77000000e+01 -3.15794247e+00
 4.80000000e+01 0.00000000e+00 4.80000000e+01 4.69260898e+00 4.80000000e+01 -2.66287994e+00
 4.83000000e+01 0.00000000e+00 4.83000000e+01 5.02560605e+00 4.83000000e+01 -2.85937281e+00
 4.86000000e+01 0.00000000e+00 4.86000000e+01 4.52607350e+00 4.86000000e+01 -2.38347927e+00
 4.89000000e+01 0.00000000e+00 4.89000000e+01 4.45563806e+00 4.89000000e+01 -2.56608031e+00
 4.92000000e+01 0.00000000e+00 4.92000000e+01 4.88733573e+00 4.92000000e+01 -2.38714873e+00
 4.95000000e+01 0.00000000e+00 4.95000000e+01 4.54821577e+00 4.95000000e+01 -3.08819796e+00
 4.98000000e+01 0.00000000e+00 4.98000000e+01 5.19223271e+00 4.98000000e+01 -2.77079402e+00
 5.01000000e+01 0.00000000e+00 5.01000000e+01 4.74089826e+00 5.01000000e+01 -2.37045730e+00
 5.04000000e+01 0.00000000e+00 5.04000000e+01 4.53435380e+00 5.04000000e+01 -2.77261430e+00
 5.07000000e+01 0.00000000e+00 5.07000000e+01 4.74955301e+00 5.07000000e+01 -3.26360304e+00
 5.10000000e+01 0.00000000e+00 5.10000000e+01 4.59657635e+00 5.10000000e+01 -2.65229669e+00
 5.13000000e+01 0.00000000e+00 5.13000000e+01 4.95798972e+00 5.13000000e+01 -2.73216519e+00
 5.16000000e+01 0.00000000e+00 5.16000000e+01 5.19520693e+00 5.16000000e+01 -2.72568406e+00
 5.19000000e+01 0.00000000e+00 5.19000000e+01 4.92593925e+00 5.19000000e+01 -2.16249582e+00
 5.22000000e+01 0.00000000e+00 5.22000000e+01 4.50841830e+00 5.22000000e+01 -3.05104078e+00
 5.25000000e+01 0.00000000e+00 5.25000000e+01 4.24987865e+00 5.25000000e+01 -2.98308772e+00
 5.28000000e+01 0.00000000e+00 5.28000000e+01 4.53488173e+00 5.28000000e+01 -2.53624576e+00
 5.31000000e+01 0.00000000e+00 5.31000000e+01 4.62842407e+00 5.31000000e+01 -3.78928730e+00
 5.34000000e+01 0.00000000e+00 5.34000000e+01 4.28077693e+00 5.34000000e+01 -2.88554783e+00
 5.37000000e+01 0.00000000e+00 5.37000000e+01 5.18118144e+00 5.37000000e+01 -3.49343226e+00
 5.40000000e+01 0.00000000e+00 5.40000000e+01 4.17706812e+00 5.40000000e+01 -2.75147317e+00
 5.43000000e+01 0.00000000e+00 5.43000000e+01 4.85229195e+00 5.43000000e+01 -2.46291969e+00
 5.46000000e+01 0.00000000e+00 5.46000000e+01 4.55795337e+00 5.46000000e+01 -2.93416410e+00
 5.49000000e+01 0.00000000e+00 5.49000000e+01 4.55977928e+00 5.49000000e+01 -2.98812819e+00
 5.52000000e+01 0.00000000e+00 5.52000000e+01 5.96805293e+00 5.52000000e+01 -2.84497910e+00
 5.55000000e+01 0.00000000e+00 5.55000000e+01 5.61468861e+00 5.55000000e+01 -3.57287983e+00
 5.58000000e+01 0.00000000e+00 5.58000000e+01 6.61057271e+00 5.58000000e+01 -3.69040774e+00
 5.61000000e+01 0.00000000e+00 5.61000000e+01 5.70463657e+00 5.61000000e+01 -3.72491758e+00
 5.64000000e+01 0.00000000e+00 5.64000000e+01 5.88212661e+00 5.64000000e+01 -3.21272266e+00
 5.67000000e+01 0.00000000e+00 5.67000000e+01 5.90133069e+00 5.67000000e+01 -3.44673612e+00
 5.70000000e+01 0.00000000e+00 5.70000000e+01 5.43573476e+00 5.70000000e+01 -4.55021472e+00
 5.73000000e+01 0.00000000e+00 5.73000000e+01 6.13241458e+00 5.73000000e+01 -3.77914119e+00
 5.76000000e+01 0.00000000e+00 5.76000000e+01 6.12413002e+00 5.76000000e+01 -3.53759246e+00
 5.79000000e+01 0.00000000e+00 5.79000000e+01 6.22956289e+00 5.79000000e+01 -3.61957370e+00
 5.82000000e+01 0.00000000e+00 5.82000000e+01 5.64643980e+00 5.82000000e+01 -2.76317352e+00
 5.85000000e+01 0.00000000e+00 5.85000000e+01 6.20616690e+00 5.85000000e+01 -2.81734271e+00
 5.88000000e+01 0.00000000e+00 5.88000000e+01 6.23224964e+00 5.88000000e+01 -3.22173297e+00
 5.91000000e+01 0.00000000e+00 5.91000000e+01 6.14637854e+00 5.91000000e+01 -3.01670942e+00
 5.94000000e+01 0.00000000e+00 5.94000000e+01 5.82112161e+00 5.94000000e+01 -2.68588263e+00
 5.97000000e+01 0.00000000e+00 5.97000000e+01 5.48315222e+00 5.97000000e+01 -3.73225076e+00
