 0.00000000e+00 0.00000000e+00 0.00000000e+00 7.95115366e+00 0.00000000e+00 -6.02739741e+00
 3.00000000e-01 0.00000000e+00 3.00000000e-01 7.21107960e+00 3.00000000e-01 -5.17446106e+00
 6.00000000e-01 0.00000000e+00 6.00000000e-01 6.87487026e+00 6.00000000e-01 -5.63770279e+00
 9.00000000e-01 0.00000000e+00 9.00000000e-01 7.58028017e+00 9.00000000e-01 -6.04400872e+00
 1.20000000e+00 0.00000000e+00 1.20000000e+00 7.58789841e+00 1.20000000e+00 -6.20669097e+00
 1.50000000e+00 0.00000000e+00 1.50000000e+00 8.02024580e+00 1.50000000e+00 -5.44272322e+00
 1.80000000e+00 0.00000000e+00 1.80000000e+00 7.04003963e+00 1.80000000e+00 -5.61297528e+00
 2.10000000e+00 0.00000000e+00 2.10000000e+00 7.75935654e+00 2.10000000e+00 -4.87556624e+00
 2.40000000e+00 0.00000000e+00 2.40000000e+00 7.64061350e+00 2.40000000e+00 -6.36123853e+00
 2.70000000e+00 0.00000000e+00 2.70000000e+00 8.00373743e+00 2.70000000e+00 -6.09056060e+00
 3.00000000e+00 0.00000000e+00 3.00000000e+00 8.24063618e+00 3.00000000e+00 -6.02345951e+00
 3.30000000e+00 0.00000000e+00 3.30000000e+00 7.47180307e+00 3.30000000e+00 -5.96393921e+00
 3.60000000e+00 0.00000000e+00 3.60000000e+00 7.81964541e+00 3.60000000e+00 -6.01339535e+00
 3.90000000e+00 0.00000000e+00 3.90000000e+00 7.48821290e+00 3.90000000e+00 -5.83614249e+00
 4.20000000e+00 0.00000000e+00 4.20000000e+00 7.58306599e+00 4.20000000e+00 -6.37405260e+00
 4.50000000e+00 0.00000000e+00 4.50000000e+00 7.96220553e+00 4.50000000e+00 -5.80021244e+00
 4.80000000e+00 0.00000000e+00 4.80000000e+00 7.61384333e+00 4.80000000e+00 -5.88825996e+00
 5.10000000e+00 0.00000000e+00 5.10000000e+00 7.55780129e+00 5.10000000e+00 -5.86196736e+00
 5.40000000e+00 0.00000000e+00 5.40000000e+00 8.40445422e+00 5.40000000e+00 -5.43794010e+00
 5.70000000e+00 0.00000000e+00 5.70000000e+00 8.16775319e+00 5.70000000e+00 -6.02787960e+00
 6.00000000e+00 0.00000000e+00 6.00000000e+00 7.25406498e+00 6.00000000e+00 -5.84644364e+00
 6.30000000e+00 0.00000000e+00 6.30000000e+00 7.31468910e+00 6.30000000e+00 -6.36114930e+00
 6.60000000e+00 0.00000000e+00 6.60000000e+00 7.92479011e+00 6.60000000e+00 -5.39909790e+00
 6.90000000e+00 0.00000000e+00 6.90000000e+00 7.41617391e+00 6.90000000e+00 -5.16128458e+00
 7.20000000e+00 0.00000000e+00 7.20000000e+00 7.74721706e+00 7.20000000e+00 -5.63370392e+00
 7.50000000e+00 0.00000000e+00 7.50000000e+00 7.97028388e+00 7.50000000e+00 -5.90446641e+00
 7.80000000e+00 0.00000000e+00 7.80000000e+00 7.51910594e+00 7.80000000e+00 -6.32826742e+00
 8.10000000e+00 0.00000000e+00 8.10000000e+00 7.51972594e+00 8.10000000e+00 -5.61425071e+00
 8.40000000e+00 0.00000000e+00 8.40000000e+00 8.39906359e+00 8.40000000e+00 -5.73155982e+00
 8.70000000e+00 0.00000000e+00 8.70000000e+00 7.63034187e+00 8.70000000e+00 -5.66818616e+00
 9.00000000e+00 0.00000000e+00 9.00000000e+00 7.63571625e+00 9.00000000e+00 -5.46564490e+00
 9.30000000e+00 0.00000000e+00 9.30000000e+00 7.51302493e+00 9.30000000e+00 -6.10212982e+00
 9.60000000e+00 0.00000000e+00 9.60000000e+00 7.81584350e+00 9.60000000e+00 -6.05141159e+00
 9.90000000e+00 0.00000000e+00 9.90000000e+00 7.00106309e+00 9.90000000e+00 -5.86619513e+00
 1.02000000e+01 0.00000000e+00 1.02000000e+01 7.76508415e+00 1.02000000e+01 -5.60755641e+00
 1.05000000e+01 0.00000000e+00 1.05000000e+01 7.49782014e+00 1.05000000e+01 -6.20941173e+00
 1.08000000e+01 0.00000000e+00 1.08000000e+01 7.35616028e+00 1.08000000e+01 -6.00807364e+00
 1.11000000e+01 0.00000000e+00 1.11000000e+01 7.50583480e+00 1.11000000e+01 -5.37742748e+00
 1.14000000e+01 0.00000000e+00 1.14000000e+01 7.33252670e+00 1.14000000e+01 -5.33458391e+00
 1.17000000e+01 0.00000000e+00 1.17000000e+01 7.84178547e+00 1.17000000e+01 -5.48889775e+00
 1.20000000e+01 0.00000000e+00 1.20000000e+01 7.67504053e+00 1.20000000e+01 -5.50695121e+00
 1.23000000e+01 0.00000000e+00 1.23000000e+01 7.61049841e+00 1.23000000e+01 -6.42759462e+00
 1.26000000e+01 0.00000000e+00 1.26000000e+01 7.02477690e+00 1.26000000e+01 -5.47291636e+00
 1.29000000e+01 0.00000000e+00 1.29000000e+01 7.51305608e+00 1.29000000e+01 -5.73224231e+00
 1.32000000e+01 0.00000000e+00 1.32000000e+01 7.01046826e+00 1.32000000e+01 -5.56000407e+00
 1.35000000e+01 0.00000000e+00 1.35000000e+01 8.42685759e+00 1.35000000e+01 -5.60464998e+00
 1.38000000e+01 0.00000000e+00 1.38000000e+01 8.03112049e+00 1.38000000e+01 -6.40695043e+00
 1.41000000e+01 0.00000000e+00 1.41000000e+01 7.33515766e+00 1.41000000e+01 -5.65363107e+00
 1.44000000e+01 0.00000000e+00 1.44000000e+01 7.53132614e+00 1.44000000e+01 -5.80289211e+00
 1.47000000e+01 0.00000000e+00 1.47000000e+01 7.57645045e+00 1.47000000e+01 -5.84176654e+00
 1.50000000e+01 0.00000000e+00 1.50000000e+01 7.86065561e+00 1.50000000e+01 -5.39287890e+00
 1.53000000e+01 0.00000000e+00 1.53000000e+01 2.17745793e+00 1.53000000e+01 -5.52201458e+00
 1.56000000e+01 0.00000000e+00 1.56000000e+01 2.47909482e+00 1.56000000e+01 -4.25721758e+00
 1.59000000e+01 0.00000000e+00 1.59000000e+01 2.36753993e+00 1.59000000e+01 -5.04590034e+00
 1.62000000e+01 0.00000000e+00 1.62000000e+01 2.59698344e+00 1.62000000e+01 -5.72256279e+00
 1.65000000e+01 0.00000000e+00 1.65000000e+01 2.65433414e+00 1.65000000e+01 -5.45738869e+00
 1.68000000e+01 0.00000000e+00 1.68000000e+01 1.74284311e+00 1.68000000e+01 -5.30947470e+00
 1.71000000e+01 0.00000000e+00 1.71000000e+01 2.48824464e+00 1.71000000e+01 -5.05388638e+00
 1.74000000e+01 0.00000000e+00 1.74000000e+01 2.37726613e+00 1.74000000e+01 -5.03711214e+00
 1.77000000e+01 0.00000000e+00 1.77000000e+01 2.35216202e+00 1.77000000e+01 -5.04531959e+00
 1.80000000e+01 0.00000000e+00 1.80000000e+01 2.17097378e+00 1.80000000e+01 -5.71809643e+00
 1.83000000e+01 0.00000000e+00 1.83000000e+01 2.22731012e+00 1.83000000e+01 -5.27908377e+00
 1.86000000e+01 0.00000000e+00 1.86000000e+01 1.64874936e+00 1.86000000e+01 -5.63588729e+00
 1.89000000e+01 0.00000000e+00 1.89000000e+01 1.91919119e+00 1.89000000e+01 -5.48049070e+00
 1.92000000e+01 0.00000000e+00 1.92000000e+01 2.30259709e+00 1.92000000e+01 -6.01313980e+00
 1.95000000e+01 0.00000000e+00 1.95000000e+01 2.49738047e+00 1.95000000e+01 -5.14550930e+00
 1.98000000e+01 0.00000000e+00 1.98000000e+01 2.56098463e+00 1.98000000e+01 -5.47962248e+00
 2.01000000e+01 0.00000000e+00 2.01000000e+01 2.56783048e+00 2.01000000e+01 -5.31797348e+00
 2.04000000e+01 0.00000000e+00 2.04000000e+01 2.66763090e+00 2.04000000e+01 -4.85576651e+00
 2.07000000e+01 0.00000000e+00 2.07000000e+01 1.92618514e+00 2.07000000e+01 -5.55065843e+00
 2.10000000e+01 0.00000000e+00 2.10000000e+01 1.91435851e+00 2.10000000e+01 -5.62183832e+00
 2.13000000e+01 0.00000000e+00 2.13000000e+01 2.61032144e+00 2.13000000e+01 -5.87146025e+00
 2.16000000e+01 0.00000000e+00 2.16000000e+01 2.44576210e+00 2.16000000e+01 -5.10389198e+00
 2.19000000e+01 0.00000000e+00 2.19000000e+01 1.97510460e+00 2.19000000e+01 -5.33248202e+00
 2.22000000e+01 0.00000000e+00 2.22000000e+01 1.86389199e+00 2.22000000e+01 -5.55806422e+00
 2.25000000e+01 0.00000000e+00 2.25000000e+01 2.22423792e+00 2.25000000e+01 -5.56328002e+00
 2.28000000e+01 0.00000000e+00 2.28000000e+01 1.79027330e+00 2.28000000e+01 -5.66646794e+00
 2.31000000e+01 0.00000000e+00 2.31000000e+01 2.23314050e+00 2.31000000e+01 -5.29282304e+00
 2.34000000e+01 0.00000000e+00 2.34000000e+01 1.82690923e+00 2.34000000e+01 -5.68983422e+00
 2.37000000e+01 0.00000000e+00 2.37000000e+01 2.09161535e+00 2.37000000e+01 -4.41718002e+00
 2.40000000e+01 0.00000000e+00 2.40000000e+01 2.19793064e+00 2.40000000e+01 -5.34966570e+00
 2.43000000e+01 0.00000000e+00 2.43000000e+01 1.47357774e+00 2.43000000e+01 -5.49579100e+00
 2.46000000e+01 0.00000000e+00 2.46000000e+01 2.30809843e+00 2.46000000e+01 -4.65187044e+00
 2.49000000e+01 0.00000000e+00 2.49000000e+01 1.83672116e+00 2.49000000e+01 -5.40718688e+00
 2.52000000e+01 0.00000000e+00 2.52000000e+01 2.73217064e+00 2.52000000e+01 -4.71002131e+00
 2.55000000e+01 0.00000000e+00 2.55000000e+01 2.63906912e+00 2.55000000e+01 -4.07521668e+00
 2.58000000e+01 0.00000000e+00 2.58000000e+01 3.64932620e+00 2.58000000e+01 -4.32137011e+00
 2.61000000e+01 0.00000000e+00 2.61000000e+01 3.09681699e+00 2.61000000e+01 -4.34406436e+00
 2.64000000e+01 0.00000000e+00 2.64000000e+01 3.42264709e+00 2.64000000e+01 -4.68603102e+00
 2.67000000e+01 0.00000000e+00 2.67000000e+01 3.09971560e+00 2.67000000e+01 -4.62159770e+00
 2.70000000e+01 0.00000000e+00 2.70000000e+01 3.38561624e+00 2.70000000e+01 -4.63050036e+00
 2.73000000e+01 0.00000000e+00 2.73000000e+01 3.62999067e+00 2.73000000e+01 -4.42512976e+00
 2.76000000e+01 0.00000000e+00 2.76000000e+01 2.92604309e+00 2.76000000e+01 -4.80804263e+00
 2.79000000e+01 0.00000000e+00 2.79000000e+01 2.77018290e+00 2.79000000e+01 -4.51457794e+00
 2.82000000e+01 0.00000000e+00 2.82000000e+01 3.55084412e+00 2.82000000e+01 -4.47284694e+00
 2.85000000e+01 0.00000000e+00 2.85000000e+01 2.57561283e+00 2.85000000e+01 -4.95266374e+00
 2.88000000e+01 0.00000000e+00 2.88000000e+01 2.54192044e+00 2.88000000e+01 -4.79344032e+00
 2.91000000e+01 0.00000000e+00 2.91000000e+01 3.11189092e+00 2.91000000e+01 -4.50484965e+00
 2.94000000e+01 0.00000000e+00 2.94000000e+01 3.71409595e+00 2.94000000e+01 -3.90027712e+00
 2.97000000e+01 0.00000000e+00 2.97000000e+01 2.82699095e+00 2.97000000e+01 -4.59805988e+00
 3.00000000e+01 0.00000000e+00 3.00000000e+01 2.80860230e+00 3.00000000e+01 -4.32986923e+00
 3.03000000e+01 0.00000000e+00 3.03000000e+01 3.42758636e+00 3.03000000e+01 -4.18630970e+00
 3.06000000e+01 0.00000000e+00 3.06000000e+01 3.68943020e+00 3.06000000e+01 -4.03786542e+00
 3.09000000e+01 0.00000000e+00 3.09000000e+01 3.13840113e+00 3.09000000e+01 -4.25376904e+00
 3.12000000e+01 0.00000000e+00 3.12000000e+01 2.86607732e+00 3.12000000e+01 -4.99836758e+00
 3.15000000e+01 0.00000000e+00 3.15000000e+01 2.74367831e+00 3.15000000e+01 -4.34619305e+00
 3.18000000e+01 0.00000000e+00 3.18000000e+01 3.36128665e+00 3.18000000e+01 -4.34118269e+00
 3.21000000e+01 0.00000000e+00 3.21000000e+01 3.16277500e+00 3.21000000e+01 -4.44256120e+00
 3.24000000e+01 0.00000000e+00 3.24000000e+01 3.36720823e+00 3.24000000e+01 -4.25697601e+00
 3.27000000e+01 0.00000000e+00 3.27000000e+01 2.61101465e+00 3.27000000e+01 -4.72807795e+00
 3.30000000e+01 0.00000000e+00 3.30000000e+01 3.21318933e+00 3.30000000e+01 -4.21420032e+00
 3.33000000e+01 0.00000000e+00 3.33000000e+01 2.79355102e+00 3.33000000e+01 -4.69372001e+00
 3.36000000e+01 0.00000000e+00 3.36000000e+01 3.08730187e+00 3.36000000e+01 -4.26993827e+00
 3.39000000e+01 0.00000000e+00 3.39000000e+01 3.65634978e+00 3.39000000e+01 -4.62622592e+00
 3.42000000e+01 0.00000000e+00 3.42000000e+01 3.12854284e+00 3.42000000e+01 -4.67722061e+00
 3.45000000e+01 0.00000000e+00 3.45000000e+01 3.23668082e+00 3.45000000e+01 -4.31408891e+00
 3.48000000e+01 0.00000000e+00 3.48000000e+01 3.70262953e+00 3.48000000e+01 -4.34032292e+00
 3.51000000e+01 0.00000000e+00 3.51000000e+01 5.14403985e+00 3.51000000e+01 -2.59868141e+00
 3.54000000e+01 0.00000000e+00 3.54000000e+01 5.98241296e+00 3.54000000e+01 -1.48836207e+00
 3.57000000e+01 0.00000000e+00 3.57000000e+01 5.90285262e+00 3.57000000e+01 -1.59099795e+00
 3.60000000e+01 0.00000000e+00 3.60000000e+01 5.34456898e+00 3.60000000e+01 -2.58602231e+00
 3.63000000e+01 0.00000000e+00 3.63000000e+01 5.10925828e+00 3.63000000e+01 -1.99165161e+00
 3.66000000e+01 0.00000000e+00 3.66000000e+01 5.89359589e+00 3.66000000e+01 -2.80677851e+00
 3.69000000e+01 0.00000000e+00 3.69000000e+01 5.22265423e+00 3.69000000e+01 -2.31789821e+00
 3.72000000e+01 0.00000000e+00 3.72000000e+01 5.29033937e+00 3.72000000e+01 -2.25032051e+00
 3.75000000e+01 0.00000000e+00 3.75000000e+01 5.85827977e+00 3.75000000e+01 -2.53677858e+00
 3.78000000e+01 0.00000000e+00 3.78000000e+01 5.05758813e+00 3.78000000e+01 -1.96820481e+00
 3.81000000e+01 0.00000000e+00 3.81000000e+01 5.73612163e+00 3.81000000e+01 -1.75421898e+00
 3.84000000e+01 0.00000000e+00 3.84000000e+01 5.63216153e+00 3.84000000e+01 -2.56538968e+00
 3.87000000e+01 0.00000000e+00 3.87000000e+01 5.11650925e+00 3.87000000e+01 -1.83575438e+00
 3.90000000e+01 0.00000000e+00 3.90000000e+01 5.14278053e+00 3.90000000e+01 -2.11200280e+00
 3.93000000e+01 0.00000000e+00 3.93000000e+01 5.37047459e+00 3.93000000e+01 -1.86326503e+00
 3.96000000e+01 0.00000000e+00 3.96000000e+01 5.20335977e+00 3.96000000e+01 -2.07308878e+00
 3.99000000e+01 0.00000000e+00 3.99000000e+01 5.61652261e+00 3.99000000e+01 -1.63724832e+00
 4.02000000e+01 0.00000000e+00 4.02000000e+01 3.63379605e+00 4.02000000e+01 -1.34834124e+00
 4.05000000e+01 0.00000000e+00 4.05000000e+01 3.58251230e+00 4.05000000e+01 -2.10633180e+00
 4.08000000e+01 0.00000000e+00 4.08000000e+01 3.79998566e+00 4.08000000e+01 -1.57210139e+00
 4.11000000e+01 0.00000000e+00 4.11000000e+01 3.60918697e+00 4.11000000e+01 -2.00768464e+00
 4.14000000e+01 0.00000000e+00 4.14000000e+01 3.76546121e+00 4.14000000e+01 -1.30039188e+00
 4.17000000e+01 0.00000000e+00 4.17000000e+01 3.95200726e+00 4.17000000e+01 -1.70148406e+00
 4.20000000e+01 0.00000000e+00 4.20000000e+01 4.10317914e+00 4.20000000e+01 -1.64901528e+00
 4.23000000e+01 0.00000000e+00 4.23000000e+01 3.66961265e+00 4.23000000e+01 -1.90593160e+00
 4.26000000e+01 0.00000000e+00 4.26000000e+01 4.17936204e+00 4.26000000e+01 -2.71526180e+00
 4.29000000e+01 0.00000000e+00 4.29000000e+01 3.76858761e+00 4.29000000e+01 -1.74182344e+00
 4.32000000e+01 0.00000000e+00 4.32000000e+01 3.83959466e+00 4.32000000e+01 -1.21720119e+00
 4.35000000e+01 0.00000000e+00 4.35000000e+01 4.14636478e+00 4.35000000e+01 -1.30154641e+00
 4.38000000e+01 0.00000000e+00 4.38000000e+01 4.18439179e+00 4.38000000e+01 -1.65133631e+00
 4.41000000e+01 0.00000000e+00 4.41000000e+01 4.13046062e+00 4.41000000e+01 -1.53904904e+00
 4.44000000e+01 0.00000000e+00 4.44000000e+01 4.35543405e+00 4.44000000e+01 -1.85368884e+00
 4.47000000e+01 0.00000000e+00 4.47000000e+01 3.60551594e+00 4.47000000e+01 -1.90498090e+00
 4.50000000e+01 0.00000000e+00 4.50000000e+01 4.05557066e+00 4.50000000e+01 -2.06795152e+00
 4.53000000e+01 0.00000000e+00 4.53000000e+01 3.18587256e+00 4.53000000e+01 -1.40162650e+00
 4.56000000e+01 0.00000000e+00 4.56000000e+01 3.58541350e+00 4.56000000e+01 -1.79690806e+00
 4.59000000e+01 0.00000000e+00 4.59000000e+01 3.93773600e+00 4.59000000e+01 -1.64479987e+00
 4.62000000e+01 0.00000000e+00 4.62000000e+01 4.02288379e+00 4.62000000e+01 -1.17305943e+00
 4.65000000e+01 0.00000000e+00 4.65000000e+01 4.07382922e+00 4.65000000e+01 -1.73935685e+00
 4.68000000e+01 0.00000000e+00 4.68000000e+01 3.81980747e+00 4.68000000e+01 -1.49501273e+00
 4.71000000e+01 0.00000000e+00 4.71000000e+01 3.85423141e+00 4.71000000e+01 -1.31935101e+00
 4.74000000e+01 0.00000000e+00 4.74000000e+01 4.42118548e+00 4.74000000e+01 -1.09180430e+00
 4.77000000e+01 0.00000000e+00 4.77000000e+01 3.68047906e+00 4.77000000e+01 -2.27859832e+00
 4.80000000e+01 0.00000000e+00 4.80000000e+01 4.21719256e+00 4.80000000e+01 -1.83774673e+00
 4.83000000e+01 0.00000000e+00 4.83000000e+01 3.58790435e+00 4.83000000e+01 -1.95684356e+00
 4.86000000e+01 0.00000000e+00 4.86000000e+01 3.52986284e+00 4.86000000e+01 -2.12958378e+00
 4.89000000e+01 0.00000000e+00 4.89000000e+01 3.80420938e+00 4.89000000e+01 -2.15838798e+00
 4.92000000e+01 0.00000000e+00 4.92000000e+01 3.47091372e+00 4.92000000e+01 -1.58034856e+00
 4.95000000e+01 0.00000000e+00 4.95000000e+01 4.43776485e+00 4.95000000e+01 -1.25228899e+00
 4.98000000e+01 0.00000000e+00 4.98000000e+01 3.96894132e+00 4.98000000e+01 -1.78113334e+00
 5.01000000e+01 0.00000000e+00 5.01000000e+01 2.86299547e+00 5.01000000e+01 -4.69689552e+00
 5.04000000e+01 0.00000000e+00 5.04000000e+01 3.67743769e+00 5.04000000e+01 -5.40161444e+00
 5.07000000e+01 0.00000000e+00 5.07000000e+01 3.14556342e+00 5.07000000e+01 -4.90753770e+00
 5.10000000e+01 0.00000000e+00 5.10000000e+01 3.30861645e+00 5.10000000e+01 -5.18708644e+00
 5.13000000e+01 0.00000000e+00 5.13000000e+01 3.19459128e+00 5.13000000e+01 -5.28297733e+00
 5.16000000e+01 0.00000000e+00 5.16000000e+01 3.56706826e+00 5.16000000e+01 -5.17660058e+00
 5.19000000e+01 0.00000000e+00 5.19000000e+01 2.95248682e+00 5.19000000e+01 -4.97840191e+00
 5.22000000e+01 0.00000000e+00 5.22000000e+01 2.49452292e+00 5.22000000e+01 -4.92134615e+00
 5.25000000e+01 0.00000000e+00 5.25000000e+01 3.41130514e+00 5.25000000e+01 -4.84264761e+00
 5.28000000e+01 0.00000000e+00 5.28000000e+01 2.87887161e+00 5.28000000e+01 -5.39700349e+00
 5.31000000e+01 0.00000000e+00 5.31000000e+01 3.52804119e+00 5.31000000e+01 -4.94114701e+00
 5.34000000e+01 0.00000000e+00 5.34000000e+01 3.28145254e+00 5.34000000e+01 -5.24208451e+00
 5.37000000e+01 0.00000000e+00 5.37000000e+01 3.48542259e+00 5.37000000e+01 -5.47994313e+00
 5.40000000e+01 0.00000000e+00 5.40000000e+01 3.15755469e+00 5.40000000e+01 -5.44970075e+00
 5.43000000e+01 0.00000000e+00 5.43000000e+01 3.20541009e+00 5.43000000e+01 -4.87249464e+00
 5.46000000e+01 0.00000000e+00 5.46000000e+01 3.40272344e+00 5.46000000e+01 -5.13482945e+00
 5.49000000e+01 0.00000000e+00 5.49000000e+01 2.90478573e+00 5.49000000e+01 -4.93095809e+00
 5.52000000e+01 0.00000000e+00 5.52000000e+01 7.49240931e+00 5.52000000e+01 -5.42354457e+00
 5.55000000e+01 0.00000000e+00 5.55000000e+01 7.89299105e+00 5.55000000e+01 -5.91460421e+00
 5.58000000e+01 0.00000000e+00 5.58000000e+01 7.77957772e+00 5.58000000e+01 -5.73966114e+00
 5.61000000e+01 0.00000000e+00 5.61000000e+01 6.97233801e+00 5.61000000e+01 -5.34540376e+00
 5.64000000e+01 0.00000000e+00 5.64000000e+01 7.23935042e+00 5.64000000e+01 -5.63818296e+00
 5.67000000e+01 0.00000000e+00 5.67000000e+01 7.90871703e+00 5.67000000e+01 -5.20379582e+00
 5.70000000e+01 0.00000000e+00 5.70000000e+01 7.75572853e+00 5.70000000e+01 -5.66918466e+00
 5.73000000e+01 0.00000000e+00 5.73000000e+01 7.19971707e+00 5.73000000e+01 -5.56587525e+00
 5.76000000e+01 0.00000000e+00 5.76000000e+01 8.51334864e+00 5.76000000e+01 -5.71698740e+00
 5.79000000e+01 0.00000000e+00 5.79000000e+01 8.32473793e+00 5.79000000e+01 -5.79673202e+00
 5.82000000e+01 0.00000000e+00 5.82000000e+01 7.59997800e+00 5.82000000e+01 -5.63474005e+00
 5.85000000e+01 0.00000000e+00 5.85000000e+01 7.35384577e+00 5.85000000e+01 -5.54662272e+00
 5.88000000e+01 0.00000000e+00 5.88000000e+01 7.81770156e+00 5.88000000e+01 -5.90910582e+00
 5.91000000e+01 0.00000000e+00 5.91000000e+01 8.21040151e+00 5.91000000e+01 -5.76777398e+00
 5.94000000e+01 0.00000000e+00 5.94000000e+01 7.45910541e+00 5.94000000e+01 -5.62851637e+00
 5.97000000e+01 0.00000000e+00 5.97000000e+01 7.78185666e+00 5.97000000e+01 -5.92509270e+00
