 0.00000000e+00 0.00000000e+00 0.00000000e+00 5.75161317e+00 0.00000000e+00 -4.15886178e+00
 3.00000000e-01 0.00000000e+00 3.00000000e-01 5.52441887e+00 3.00000000e-01 -4.43401461e+00
 6.00000000e-01 0.00000000e+00 6.00000000e-01 6.11399349e+00 6.00000000e-01 -4.67893292e+00
 9.00000000e-01 0.00000000e+00 9.00000000e-01 5.58397356e+00 9.00000000e-01 -4.59968051e+00
 1.20000000e+00 0.00000000e+00 1.20000000e+00 5.74350557e+00 1.20000000e+00 -4.66378848e+00
 1.50000000e+00 0.00000000e+00 1.50000000e+00 5.85721706e+00 1.50000000e+00 -5.01477840e+00
 1.80000000e+00 0.00000000e+00 1.80000000e+00 5.61438236e+00 1.80000000e+00 -4.80698151e+00
 2.10000000e+00 0.00000000e+00 2.10000000e+00 5.53160082e+00 2.10000000e+00 -4.99261905e+00
 2.40000000e+00 0.00000000e+00 2.40000000e+00 6.11888925e+00 2.40000000e+00 -4.52789693e+00
 2.70000000e+00 0.00000000e+00 2.70000000e+00 6.04167028e+00 2.70000000e+00 -4.07334986e+00
 3.00000000e+00 0.00000000e+00 3.00000000e+00 6.17456670e+00 3.00000000e+00 -4.36030297e+00
 3.30000000e+00 0.00000000e+00 3.30000000e+00 5.72717127e+00 3.30000000e+00 -4.52051688e+00
 3.60000000e+00 0.00000000e+00 3.60000000e+00 6.27398168e+00 3.60000000e+00 -4.30014247e+00
 3.90000000e+00 0.00000000e+00 3.90000000e+00 5.24060154e+00 3.90000000e+00 -4.21305350e+00
 4.20000000e+00 0.00000000e+00 4.20000000e+00 5.40355334e+00 4.20000000e+00 -4.35860520e+00
 4.50000000e+00 0.00000000e+00 4.50000000e+00 6.52677915e+00 4.50000000e+00 -4.73031429e+00
 4.80000000e+00 0.00000000e+00 4.80000000e+00 5.68711961e+00 4.80000000e+00 -4.01571270e+00
 5.10000000e+00 0.00000000e+00 5.10000000e+00 5.74214025e+00 5.10000000e+00 -4.03941386e+00
 5.40000000e+00 0.00000000e+00 5.40000000e+00 6.10359980e+00 5.40000000e+00 -3.83702683e+00
 5.70000000e+00 0.00000000e+00 5.70000000e+00 5.66687189e+00 5.70000000e+00 -4.77529485e+00
 6.00000000e+00 0.00000000e+00 6.00000000e+00 5.89396644e+00 6.00000000e+00 -3.79924778e+00
 6.30000000e+00 0.00000000e+00 6.30000000e+00 5.62409735e+00 6.30000000e+00 -4.18946999e+00
 6.60000000e+00 0.00000000e+00 6.60000000e+00 6.26269249e+00 6.60000000e+00 -4.58376056e+00
 6.90000000e+00 0.00000000e+00 6.90000000e+00 6.40748102e+00 6.90000000e+00 -4.92580447e+00
 7.20000000e+00 0.00000000e+00 7.20000000e+00 5.01743047e+00 7.20000000e+00 -3.92587960e+00
 7.50000000e+00 0.00000000e+00 7.50000000e+00 5.93708731e+00 7.50000000e+00 -3.70822037e+00
 7.80000000e+00 0.00000000e+00 7.80000000e+00 6.00457534e+00 7.80000000e+00 -4.44996065e+00
 8.10000000e+00 0.00000000e+00 8.10000000e+00 5.68788064e+00 8.10000000e+00 -4.13627390e+00
 8.40000000e+00 0.00000000e+00 8.40000000e+00 5.74946436e+00 8.40000000e+00 -4.34711489e+00
 8.70000000e+00 0.00000000e+00 8.70000000e+00 6.09796964e+00 8.70000000e+00 -4.69100113e+00
 9.00000000e+00 0.00000000e+00 9.00000000e+00 5.69247676e+00 9.00000000e+00 -4.48566297e+00
 9.30000000e+00 0.00000000e+00 9.30000000e+00 6.10115136e+00 9.30000000e+00 -4.36880729e+00
 9.60000000e+00 0.00000000e+00 9.60000000e+00 6.08085325e+00 9.60000000e+00 -4.37864029e+00
 9.90000000e+00 0.00000000e+00 9.90000000e+00 5.73919107e+00 9.90000000e+00 -4.59074522e+00
 1.02000000e+01 0.00000000e+00 1.02000000e+01 6.09400257e+00 1.02000000e+01 -4.39260704e+00
 1.05000000e+01 0.00000000e+00 1.05000000e+01 5.40972829e+00 1.05000000e+01 -4.18330576e+00
 1.08000000e+01 0.00000000e+00 1.08000000e+01 5.67334466e+00 1.08000000e+01 -4.84422544e+00
 1.11000000e+01 0.00000000e+00 1.11000000e+01 5.91601513e+00 1.11000000e+01 -3.94757644e+00
 1.14000000e+01 0.00000000e+00 1.14000000e+01 6.60760794e+00 1.14000000e+01 -3.86019434e+00
 1.17000000e+01 0.00000000e+00 1.17000000e+01 5.65386783e+00 1.17000000e+01 -4.62622807e+00
 1.20000000e+01 0.00000000e+00 1.20000000e+01 5.86861302e+00 1.20000000e+01 -4.44529360e+00
 1.23000000e+01 0.00000000e+00 1.23000000e+01 5.95368882e+00 1.23000000e+01 -3.94843291e+00
 1.26000000e+01 0.00000000e+00 1.26000000e+01 6.00337887e+00 1.26000000e+01 -4.85276600e+00
 1.29000000e+01 0.00000000e+00 1.29000000e+01 5.45499719e+00 1.29000000e+01 -4.18584764e+00
 1.32000000e+01 0.00000000e+00 1.32000000e+01 5.58609897e+00 1.32000000e+01 -4.57453204e+00
 1.35000000e+01 0.00000000e+00 1.35000000e+01 5.72969857e+00 1.35000000e+01 -4.18185510e+00
 1.38000000e+01 0.00000000e+00 1.38000000e+01 6.11168056e+00 1.38000000e+01 -4.87831333e+00
 1.41000000e+01 0.00000000e+00 1.41000000e+01 5.40830045e+00 1.41000000e+01 -4.39298599e+00
 1.44000000e+01 0.00000000e+00 1.44000000e+01 6.02654068e+00 1.44000000e+01 -4.19709052e+00
 1.47000000e+01 0.00000000e+00 1.47000000e+01 5.57061926e+00 1.47000000e+01 -4.36933514e+00
 1.50000000e+01 0.00000000e+00 1.50000000e+01 5.74670884e+00 1.50000000e+01 -4.79384100e+00
 1.53000000e+01 0.00000000e+00 1.53000000e+01 1.94661956e+00 1.53000000e+01 -4.10244132e+00
 1.56000000e+01 0.00000000e+00 1.56000000e+01 2.09422615e+00 1.56000000e+01 -4.05700948e+00
 1.59000000e+01 0.00000000e+00 1.59000000e+01 2.26533586e+00 1.59000000e+01 -4.47924346e+00
 1.62000000e+01 0.00000000e+00 1.62000000e+01 2.20149509e+00 1.62000000e+01 -4.05635011e+00
 1.65000000e+01 0.00000000e+00 1.65000000e+01 1.70308481e+00 1.65000000e+01 -4.44618755e+00
 1.68000000e+01 0.00000000e+00 1.68000000e+01 1.49883753e+00 1.68000000e+01 -4.42179592e+00
 1.71000000e+01 0.00000000e+00 1.71000000e+01 2.43477373e+00 1.71000000e+01 -4.72169823e+00
 1.74000000e+01 0.00000000e+00 1.74000000e+01 1.91499577e+00 1.74000000e+01 -4.10281263e+00
 1.77000000e+01 0.00000000e+00 1.77000000e+01 2.33659667e+00 1.77000000e+01 -4.28714895e+00
 1.80000000e+01 0.00000000e+00 1.80000000e+01 2.51981493e+00 1.80000000e+01 -4.03328170e+00
 1.83000000e+01 0.00000000e+00 1.83000000e+01 2.70527608e+00 1.83000000e+01 -4.46037612e+00
 1.86000000e+01 0.00000000e+00 1.86000000e+01 2.75271911e+00 1.86000000e+01 -4.21185062e+00
 1.89000000e+01 0.00000000e+00 1.89000000e+01 2.17049092e+00 1.89000000e+01 -4.11344723e+00
 1.92000000e+01 0.00000000e+00 1.92000000e+01 2.05361343e+00 1.92000000e+01 -4.05160055e+00
 1.95000000e+01 0.00000000e+00 1.95000000e+01 1.74102166e+00 1.95000000e+01 -4.87822609e+00
 1.98000000e+01 0.00000000e+00 1.98000000e+01 2.29003946e+00 1.98000000e+01 -3.94478356e+00
 2.01000000e+01 0.00000000e+00 2.01000000e+01 1.36731757e+00 2.01000000e+01 -4.08821945e+00
 2.04000000e+01 0.00000000e+00 2.04000000e+01 2.12076024e+00 2.04000000e+01 -4.11515054e+00
 2.07000000e+01 0.00000000e+00 2.07000000e+01 2.39110051e+00 2.07000000e+01 -4.15005191e+00
 2.10000000e+01 0.00000000e+00 2.10000000e+01 1.57297333e+00 2.10000000e+01 -4.49844994e+00
 2.13000000e+01 0.00000000e+00 2.13000000e+01 1.83120431e+00 2.13000000e+01 -3.77323273e+00
 2.16000000e+01 0.00000000e+00 2.16000000e+01 2.09241341e+00 2.16000000e+01 -4.19264619e+00
 2.19000000e+01 0.00000000e+00 2.19000000e+01 2.40916755e+00 2.19000000e+01 -3.96748964e+00
 2.22000000e+01 0.00000000e+00 2.22000000e+01 2.36704048e+00 2.22000000e+01 -5.10643081e+00
 2.25000000e+01 0.00000000e+00 2.25000000e+01 2.35125304e+00 2.25000000e+01 -3.99234324e+00
 2.28000000e+01 0.00000000e+00 2.28000000e+01 1.11726168e+00 2.28000000e+01 -4.16178886e+00
 2.31000000e+01 0.00000000e+00 2.31000000e+01 2.16044294e+00 2.31000000e+01 -3.45887105e+00
 2.34000000e+01 0.00000000e+00 2.34000000e+01 1.81910371e+00 2.34000000e+01 -4.39116005e+00
 2.37000000e+01 0.00000000e+00 2.37000000e+01 1.67193521e+00 2.37000000e+01 -4.71710048e+00
 2.40000000e+01 0.00000000e+00 2.40000000e+01 2.01716429e+00 2.40000000e+01 -4.03890657e+00
 2.43000000e+01 0.00000000e+00 2.43000000e+01 2.38248070e+00 2.43000000e+01 -4.47726531e+00
 2.46000000e+01 0.00000000e+00 2.46000000e+01 2.44477110e+00 2.46000000e+01 -3.88322219e+00
 2.49000000e+01 0.00000000e+00 2.49000000e+01 1.95945058e+00 2.49000000e+01 -4.19543766e+00
 2.52000000e+01 0.00000000e+00 2.52000000e+01 1.87314923e+00 2.52000000e+01 -4.97008841e+00
 2.55000000e+01 0.00000000e+00 2.55000000e+01 2.13846204e+00 2.55000000e+01 -4.27635177e+00
 2.58000000e+01 0.00000000e+00 2.58000000e+01 2.45587565e+00 2.58000000e+01 -4.59937906e+00
 2.61000000e+01 0.00000000e+00 2.61000000e+01 2.40949616e+00 2.61000000e+01 -4.29248208e+00
 2.64000000e+01 0.00000000e+00 2.64000000e+01 2.13227665e+00 2.64000000e+01 -4.65934578e+00
 2.67000000e+01 0.00000000e+00 2.67000000e+01 1.85622630e+00 2.67000000e+01 -4.73283101e+00
 2.70000000e+01 0.00000000e+00 2.70000000e+01 1.45612929e+00 2.70000000e+01 -4.66774507e+00
 2.73000000e+01 0.00000000e+00 2.73000000e+01 1.91601194e+00 2.73000000e+01 -5.03946229e+00
 2.76000000e+01 0.00000000e+00 2.76000000e+01 1.58385485e+00 2.76000000e+01 -4.56510155e+00
 2.79000000e+01 0.00000000e+00 2.79000000e+01 2.02838851e+00 2.79000000e+01 -3.87647312e+00
 2.82000000e+01 0.00000000e+00 2.82000000e+01 1.97137377e+00 2.82000000e+01 -4.28560806e+00
 2.85000000e+01 0.00000000e+00 2.85000000e+01 2.23115218e+00 2.85000000e+01 -5.05328693e+00
 2.88000000e+01 0.00000000e+00 2.88000000e+01 1.65611268e+00 2.88000000e+01 -4.60172861e+00
 2.91000000e+01 0.00000000e+00 2.91000000e+01 1.29248254e+00 2.91000000e+01 -4.82415191e+00
 2.94000000e+01 0.00000000e+00 2.94000000e+01 1.71851157e+00 2.94000000e+01 -4.92013071e+00
 2.97000000e+01 0.00000000e+00 2.97000000e+01 1.92211146e+00 2.97000000e+01 -4.45118129e+00
 3.00000000e+01 0.00000000e+00 3.00000000e+01 2.25045380e+00 3.00000000e+01 -4.27060099e+00
 3.03000000e+01 0.00000000e+00 3.03000000e+01 2.14483510e+00 3.03000000e+01 -4.25332768e+00
 3.06000000e+01 0.00000000e+00 3.06000000e+01 1.11508361e+00 3.06000000e+01 -4.67466934e+00
 3.09000000e+01 0.00000000e+00 3.09000000e+01 1.97244437e+00 3.09000000e+01 -4.34179592e+00
 3.12000000e+01 0.00000000e+00 3.12000000e+01 1.59037272e+00 3.12000000e+01 -4.64156594e+00
 3.15000000e+01 0.00000000e+00 3.15000000e+01 2.36970419e+00 3.15000000e+01 -3.96184495e+00
 3.18000000e+01 0.00000000e+00 3.18000000e+01 1.68508772e+00 3.18000000e+01 -4.65179400e+00
 3.21000000e+01 0.00000000e+00 3.21000000e+01 2.46380490e+00 3.21000000e+01 -4.57229490e+00
 3.24000000e+01 0.00000000e+00 3.24000000e+01 1.89090319e+00 3.24000000e+01 -4.48376724e+00
 3.27000000e+01 0.00000000e+00 3.27000000e+01 1.93111867e+00 3.27000000e+01 -4.95628356e+00
 3.30000000e+01 0.00000000e+00 3.30000000e+01 2.14816665e+00 3.30000000e+01 -4.34616712e+00
 3.33000000e+01 0.00000000e+00 3.33000000e+01 2.08428088e+00 3.33000000e+01 -4.89828222e+00
 3.36000000e+01 0.00000000e+00 3.36000000e+01 1.86165203e+00 3.36000000e+01 -4.22767295e+00
 3.39000000e+01 0.00000000e+00 3.39000000e+01 2.13121668e+00 3.39000000e+01 -4.98034273e+00
 3.42000000e+01 0.00000000e+00 3.42000000e+01 1.52416836e+00 3.42000000e+01 -4.64467242e+00
 3.45000000e+01 0.00000000e+00 3.45000000e+01 1.67499416e+00 3.45000000e+01 -4.75910809e+00
 3.48000000e+01 0.00000000e+00 3.48000000e+01 1.71591118e+00 3.48000000e+01 -4.89127972e+00
 3.51000000e+01 0.00000000e+00 3.51000000e+01 6.35679376e+00 3.51000000e+01 -4.83897298e-01
 3.54000000e+01 0.00000000e+00 3.54000000e+01 5.64751547e+00 3.54000000e+01 -2.11893695e-01
 3.57000000e+01 0.00000000e+00 3.57000000e+01 6.65725112e+00 3.57000000e+01 -8.09209601e-01
 3.60000000e+01 0.00000000e+00 3.60000000e+01 6.30068465e+00 3.60000000e+01 -2.00907707e-01
 3.63000000e+01 0.00000000e+00 3.63000000e+01 6.42426991e+00 3.63000000e+01 4.70197400e-01
 3.66000000e+01 0.00000000e+00 3.66000000e+01 6.02885408e+00 3.66000000e+01 -3.52927400e-01
 3.69000000e+01 0.00000000e+00 3.69000000e+01 6.40784035e+00 3.69000000e+01 5.65847729e-01
 3.72000000e+01 0.00000000e+00 3.72000000e+01 5.91040427e+00 3.72000000e+01 -1.45915768e-01
 3.75000000e+01 0.00000000e+00 3.75000000e+01 6.17599527e+00 3.75000000e+01 1.93747338e-01
 3.78000000e+01 0.00000000e+00 3.78000000e+01 5.60006003e+00 3.78000000e+01 -1.74637963e-01
 3.81000000e+01 0.00000000e+00 3.81000000e+01 6.25770489e+00 3.81000000e+01 5.66379365e-01
 3.84000000e+01 0.00000000e+00 3.84000000e+01 6.13456162e+00 3.84000000e+01 2.29451508e-01
 3.87000000e+01 0.00000000e+00 3.87000000e+01 5.96080663e+00 3.87000000e+01 2.55457250e-01
 3.90000000e+01 0.00000000e+00 3.90000000e+01 5.77203657e+00 3.90000000e+01 -4.66845226e-01
 3.93000000e+01 0.00000000e+00 3.93000000e+01 6.34871268e+00 3.93000000e+01 -1.26290321e-01
 3.96000000e+01 0.00000000e+00 3.96000000e+01 6.39325853e+00 3.96000000e+01 9.14263913e-02
 3.99000000e+01 0.00000000e+00 3.99000000e+01 6.27289436e+00 3.99000000e+01 8.33695615e-01
 4.02000000e+01 0.00000000e+00 4.02000000e+01 5.65403016e+00 4.02000000e+01 -1.43731227e+00
 4.05000000e+01 0.00000000e+00 4.05000000e+01 5.55395519e+00 4.05000000e+01 -2.22954931e+00
 4.08000000e+01 0.00000000e+00 4.08000000e+01 5.35375367e+00 4.08000000e+01 -2.28878195e+00
 4.11000000e+01 0.00000000e+00 4.11000000e+01 4.82274560e+00 4.11000000e+01 -2.08179023e+00
 4.14000000e+01 0.00000000e+00 4.14000000e+01 4.90627933e+00 4.14000000e+01 -2.60339804e+00
 4.17000000e+01 0.00000000e+00 4.17000000e+01 4.85253633e+00 4.17000000e+01 -2.16169596e+00
 4.20000000e+01 0.00000000e+00 4.20000000e+01 5.04446082e+00 4.20000000e+01 -2.14883613e+00
 4.23000000e+01 0.00000000e+00 4.23000000e+01 5.15367961e+00 4.23000000e+01 -1.89478021e+00
 4.26000000e+01 0.00000000e+00 4.26000000e+01 4.94375087e+00 4.26000000e+01 -2.37484017e+00
 4.29000000e+01 0.00000000e+00 4.29000000e+01 5.29140720e+00 4.29000000e+01 -2.13835780e+00
 4.32000000e+01 0.00000000e+00 4.32000000e+01 5.49224553e+00 4.32000000e+01 -2.15432474e+00
 4.35000000e+01 0.00000000e+00 4.35000000e+01 5.92869662e+00 4.35000000e+01 -1.96308415e+00
 4.38000000e+01 0.00000000e+00 4.38000000e+01 4.87737733e+00 4.38000000e+01 -2.00140138e+00
 4.41000000e+01 0.00000000e+00 4.41000000e+01 5.33925962e+00 4.41000000e+01 -2.43920669e+00
 4.44000000e+01 0.00000000e+00 4.44000000e+01 5.06231982e+00 4.44000000e+01 -1.94077342e+00
 4.47000000e+01 0.00000000e+00 4.47000000e+01 5.52052453e+00 4.47000000e+01 -2.78272375e+00
 4.50000000e+01 0.00000000e+00 4.50000000e+01 5.32056888e+00 4.50000000e+01 -2.48611896e+00
 4.53000000e+01 0.00000000e+00 4.53000000e+01 5.37276488e+00 4.53000000e+01 -1.74652864e+00
 4.56000000e+01 0.00000000e+00 4.56000000e+01 6.14207014e+00 4.56000000e+01 -2.35841855e+00
 4.59000000e+01 0.00000000e+00 4.59000000e+01 5.56602352e+00 4.59000000e+01 -1.73062259e+00
 4.62000000e+01 0.00000000e+00 4.62000000e+01 4.85733818e+00 4.62000000e+01 -2.11683041e+00
 4.65000000e+01 0.00000000e+00 4.65000000e+01 5.47959635e+00 4.65000000e+01 -2.38712683e+00
 4.68000000e+01 0.00000000e+00 4.68000000e+01 5.23517507e+00 4.68000000e+01 -2.10741259e+00
 4.71000000e+01 0.00000000e+00 4.71000000e+01 4.81519560e+00 4.71000000e+01 -2.24024063e+00
 4.74000000e+01 0.00000000e+00 4.74000000e+01 5.18448269e+00 4.74000000e+01 -2.09722594e+00
 4.77000000e+01 0.00000000e+00 4.77000000e+01 4.83989458e+00 4.77000000e+01 -2.05307004e+00
 4.80000000e+01 0.00000000e+00 4.80000000e+01 5.72786338e+00 4.80000000e+01 -2.17743312e+00
 4.83000000e+01 0.00000000e+00 4.83000000e+01 5.87065325e+00 4.83000000e+01 -2.26509618e+00
 4.86000000e+01 0.00000000e+00 4.86000000e+01 5.85555546e+00 4.86000000e+01 -1.84586583e+00
 4.89000000e+01 0.00000000e+00 4.89000000e+01 5.08416205e+00 4.89000000e+01 -1.79982816e+00
 4.92000000e+01 0.00000000e+00 4.92000000e+01 5.15883127e+00 4.92000000e+01 -1.62219282e+00
 4.95000000e+01 0.00000000e+00 4.95000000e+01 5.30298672e+00 4.95000000e+01 -2.16015077e+00
 4.98000000e+01 0.00000000e+00 4.98000000e+01 4.99365113e+00 4.98000000e+01 -1.24439631e+00
 5.01000000e+01 0.00000000e+00 5.01000000e+01 1.86946154e+00 5.01000000e+01 -3.45612181e+00
 5.04000000e+01 0.00000000e+00 5.04000000e+01 1.62210350e+00 5.04000000e+01 -3.07100826e+00
 5.07000000e+01 0.00000000e+00 5.07000000e+01 1.59412253e+00 5.07000000e+01 -3.39739462e+00
 5.10000000e+01 0.00000000e+00 5.10000000e+01 1.99657151e+00 5.10000000e+01 -3.05889664e+00
 5.13000000e+01 0.00000000e+00 5.13000000e+01 2.90873069e+00 5.13000000e+01 -3.24200009e+00
 5.16000000e+01 0.00000000e+00 5.16000000e+01 1.64964550e+00 5.16000000e+01 -2.94947411e+00
 5.19000000e+01 0.00000000e+00 5.19000000e+01 1.34644725e+00 5.19000000e+01 -2.96049920e+00
 5.22000000e+01 0.00000000e+00 5.22000000e+01 1.50416922e+00 5.22000000e+01 -2.99525350e+00
 5.25000000e+01 0.00000000e+00 5.25000000e+01 1.22279741e+00 5.25000000e+01 -3.48158840e+00
 5.28000000e+01 0.00000000e+00 5.28000000e+01 2.19645485e+00 5.28000000e+01 -2.87102851e+00
 5.31000000e+01 0.00000000e+00 5.31000000e+01 1.67096000e+00 5.31000000e+01 -3.43529138e+00
 5.34000000e+01 0.00000000e+00 5.34000000e+01 1.74217473e+00 5.34000000e+01 -3.39033104e+00
 5.37000000e+01 0.00000000e+00 5.37000000e+01 1.89165958e+00 5.37000000e+01 -3.21426068e+00
 5.40000000e+01 0.00000000e+00 5.40000000e+01 1.83698468e+00 5.40000000e+01 -3.76174634e+00
 5.43000000e+01 0.00000000e+00 5.43000000e+01 1.60562730e+00 5.43000000e+01 -3.32813310e+00
 5.46000000e+01 0.00000000e+00 5.46000000e+01 1.28456698e+00 5.46000000e+01 -3.13155115e+00
 5.49000000e+01 0.00000000e+00 5.49000000e+01 2.56159093e+00 5.49000000e+01 -3.83211820e+00
 5.52000000e+01 0.00000000e+00 5.52000000e+01 5.82119253e+00 5.52000000e+01 -4.83658167e+00
 5.55000000e+01 0.00000000e+00 5.55000000e+01 6.14191467e+00 5.55000000e+01 -4.23186948e+00
 5.58000000e+01 0.00000000e+00 5.58000000e+01 5.82424629e+00 5.58000000e+01 -4.29566631e+00
 5.61000000e+01 0.00000000e+00 5.61000000e+01 5.83109040e+00 5.61000000e+01 -4.48742584e+00
 5.64000000e+01 0.00000000e+00 5.64000000e+01 4.94999185e+00 5.64000000e+01 -3.96545533e+00
 5.67000000e+01 0.00000000e+00 5.67000000e+01 6.02833743e+00 5.67000000e+01 -4.66749274e+00
 5.70000000e+01 0.00000000e+00 5.70000000e+01 5.42459383e+00 5.70000000e+01 -4.69323699e+00
 5.73000000e+01 0.00000000e+00 5.73000000e+01 6.24434289e+00 5.73000000e+01 -4.49827402e+00
 5.76000000e+01 0.00000000e+00 5.76000000e+01 6.28801645e+00 5.76000000e+01 -4.43348576e+00
 5.79000000e+01 0.00000000e+00 5.79000000e+01 5.72065098e+00 5.79000000e+01 -5.23414120e+00
 5.82000000e+01 0.00000000e+00 5.82000000e+01 5.70462123e+00 5.82000000e+01 -3.84551897e+00
 5.85000000e+01 0.00000000e+00 5.85000000e+01 5.70444474e+00 5.85000000e+01 -4.37619742e+00
 5.88000000e+01 0.00000000e+00 5.88000000e+01 6.18494822e+00 5.88000000e+01 -3.95072890e+00
 5.91000000e+01 0.00000000e+00 5.91000000e+01 5.66415192e+00 5.91000000e+01 -4.74290848e+00
 5.94000000e+01 0.00000000e+00 5.94000000e+01 5.79496787e+00 5.94000000e+01 -4.27347309e+00
 5.97000000e+01 0.00000000e+00 5.97000000e+01 5.63387644e+00 5.97000000e+01 -4.34184233e+00
