 0.00000000e+00 0.00000000e+00 0.00000000e+00 6.52392359e+00 0.00000000e+00 -6.77101928e+00
 3.00000000e-01 0.00000000e+00 3.00000000e-01 5.85461426e+00 3.00000000e-01 -6.86660015e+00
 6.00000000e-01 0.00000000e+00 6.00000000e-01 5.70722706e+00 6.00000000e-01 -7.76753289e+00
 9.00000000e-01 0.00000000e+00 9.00000000e-01 6.83470681e+00 9.00000000e-01 -6.93862048e+00
 1.20000000e+00 0.00000000e+00 1.20000000e+00 6.25095155e+00 1.20000000e+00 -6.90556494e+00
 1.50000000e+00 0.00000000e+00 1.50000000e+00 6.27822628e+00 1.50000000e+00 -7.52414871e+00
 1.80000000e+00 0.00000000e+00 1.80000000e+00 6.31219027e+00 1.80000000e+00 -6.88314274e+00
 2.10000000e+00 0.00000000e+00 2.10000000e+00 6.28045119e+00 2.10000000e+00 -6.96449061e+00
 2.40000000e+00 0.00000000e+00 2.40000000e+00 6.26373489e+00 2.40000000e+00 -7.41370686e+00
 2.70000000e+00 0.00000000e+00 2.70000000e+00 6.69993362e+00 2.70000000e+00 -7.17719780e+00
 3.00000000e+00 0.00000000e+00 3.00000000e+00 6.52693067e+00 3.00000000e+00 -6.66225939e+00
 3.30000000e+00 0.00000000e+00 3.30000000e+00 6.11483541e+00 3.30000000e+00 -7.14836612e+00
 3.60000000e+00 0.00000000e+00 3.60000000e+00 6.54309874e+00 3.60000000e+00 -6.57568892e+00
 3.90000000e+00 0.00000000e+00 3.90000000e+00 5.84062231e+00 3.90000000e+00 -6.78854203e+00
 4.20000000e+00 0.00000000e+00 4.20000000e+00 6.44620840e+00 4.20000000e+00 -6.77300327e+00
 4.50000000e+00 0.00000000e+00 4.50000000e+00 5.91507855e+00 4.50000000e+00 -7.06029267e+00
 4.80000000e+00 0.00000000e+00 4.80000000e+00 6.03500275e+00 4.80000000e+00 -7.15782172e+00
 5.10000000e+00 0.00000000e+00 5.10000000e+00 5.39134874e+00 5.10000000e+00 -6.90254999e+00
 5.40000000e+00 0.00000000e+00 5.40000000e+00 6.46796448e+00 5.40000000e+00 -6.90625002e+00
 5.70000000e+00 0.00000000e+00 5.70000000e+00 5.91036435e+00 5.70000000e+00 -7.07866820e+00
 6.00000000e+00 0.00000000e+00 6.00000000e+00 6.41462571e+00 6.00000000e+00 -6.82213410e+00
 6.30000000e+00 0.00000000e+00 6.30000000e+00 6.14995180e+00 6.30000000e+00 -6.63676157e+00
 6.60000000e+00 0.00000000e+00 6.60000000e+00 6.67010282e+00 6.60000000e+00 -6.43503608e+00
 6.90000000e+00 0.00000000e+00 6.90000000e+00 5.89198482e+00 6.90000000e+00 -6.68366662e+00
 7.20000000e+00 0.00000000e+00 7.20000000e+00 6.01760466e+00 7.20000000e+00 -6.64781722e+00
 7.50000000e+00 0.00000000e+00 7.50000000e+00 5.96088347e+00 7.50000000e+00 -6.06593697e+00
 7.80000000e+00 0.00000000e+00 7.80000000e+00 6.09344119e+00 7.80000000e+00 -7.01703218e+00
 8.10000000e+00 0.00000000e+00 8.10000000e+00 6.27313738e+00 8.10000000e+00 -6.91481834e+00
 8.40000000e+00 0.00000000e+00 8.40000000e+00 6.25603912e+00 8.40000000e+00 -6.94984335e+00
 8.70000000e+00 0.00000000e+00 8.70000000e+00 6.35612016e+00 8.70000000e+00 -7.43077996e+00
 9.00000000e+00 0.00000000e+00 9.00000000e+00 5.80906587e+00 9.00000000e+00 -6.72142009e+00
 9.30000000e+00 0.00000000e+00 9.30000000e+00 6.74982369e+00 9.30000000e+00 -7.05691991e+00
 9.60000000e+00 0.00000000e+00 9.60000000e+00 6.10366236e+00 9.60000000e+00 -6.53985642e+00
 9.90000000e+00 0.00000000e+00 9.90000000e+00 6.58312680e+00 9.90000000e+00 -7.08322532e+00
 1.02000000e+01 0.00000000e+00 1.02000000e+01 6.22424893e+00 1.02000000e+01 -6.83664331e+00
 1.05000000e+01 0.00000000e+00 1.05000000e+01 6.42053808e+00 1.05000000e+01 -6.49514255e+00
 1.08000000e+01 0.00000000e+00 1.08000000e+01 6.76999057e+00 1.08000000e+01 -6.53886262e+00
 1.11000000e+01 0.00000000e+00 1.11000000e+01 6.44325939e+00 1.11000000e+01 -7.31454640e+00
 1.14000000e+01 0.00000000e+00 1.14000000e+01 6.69062788e+00 1.14000000e+01 -6.84210376e+00
 1.17000000e+01 0.00000000e+00 1.17000000e+01 5.86201352e+00 1.17000000e+01 -6.91263576e+00
 1.20000000e+01 0.00000000e+00 1.20000000e+01 6.46283749e+00 1.20000000e+01 -6.05961933e+00
 1.23000000e+01 0.00000000e+00 1.23000000e+01 6.22836067e+00 1.23000000e+01 -6.74542947e+00
 1.26000000e+01 0.00000000e+00 1.26000000e+01 5.78293715e+00 1.26000000e+01 -6.50988675e+00
 1.29000000e+01 0.00000000e+00 1.29000000e+01 6.23257507e+00 1.29000000e+01 -7.63741919e+00
 1.32000000e+01 0.00000000e+00 1.32000000e+01 6.38215428e+00 1.32000000e+01 -6.61255785e+00
 1.35000000e+01 0.00000000e+00 1.35000000e+01 6.82902724e+00 1.35000000e+01 -6.47352423e+00
 1.38000000e+01 0.00000000e+00 1.38000000e+01 6.39592540e+00 1.38000000e+01 -6.92962536e+00
 1.41000000e+01 0.00000000e+00 1.41000000e+01 6.74015390e+00 1.41000000e+01 -6.60898915e+00
 1.44000000e+01 0.00000000e+00 1.44000000e+01 6.44955029e+00 1.44000000e+01 -6.95700254e+00
 1.47000000e+01 0.00000000e+00 1.47000000e+01 6.43184174e+00 1.47000000e+01 -7.60899538e+00
 1.50000000e+01 0.00000000e+00 1.50000000e+01 6.43666830e+00 1.50000000e+01 -7.33924509e+00
 1.53000000e+01 0.00000000e+00 1.53000000e+01 1.51700441e+00 1.53000000e+01 -5.46965282e+00
 1.56000000e+01 0.00000000e+00 1.56000000e+01 4.63999560e-01 1.56000000e+01 -6.07785939e+00
 1.59000000e+01 0.00000000e+00 1.59000000e+01 1.36178764e+00 1.59000000e+01 -5.51759027e+00
 1.62000000e+01 0.00000000e+00 1.62000000e+01 8.89242014e-01 1.62000000e+01 -5.60147618e+00
 1.65000000e+01 0.00000000e+00 1.65000000e+01 8.77103614e-01 1.65000000e+01 -5.28886093e+00
 1.68000000e+01 0.00000000e+00 1.68000000e+01 7.64333250e-01 1.68000000e+01 -5.59305703e+00
 1.71000000e+01 0.00000000e+00 1.71000000e+01 8.59278607e-01 1.71000000e+01 -5.70410412e+00
 1.74000000e+01 0.00000000e+00 1.74000000e+01 8.43478200e-01 1.74000000e+01 -4.87537585e+00
 1.77000000e+01 0.00000000e+00 1.77000000e+01 1.77555361e+00 1.77000000e+01 -5.34558293e+00
 1.80000000e+01 0.00000000e+00 1.80000000e+01 1.01095473e+00 1.80000000e+01 -5.89872124e+00
 1.83000000e+01 0.00000000e+00 1.83000000e+01 1.20287651e+00 1.83000000e+01 -4.82529248e+00
 1.86000000e+01 0.00000000e+00 1.86000000e+01 1.10733342e+00 1.86000000e+01 -5.81078173e+00
 1.89000000e+01 0.00000000e+00 1.89000000e+01 1.16609002e+00 1.89000000e+01 -5.87888421e+00
 1.92000000e+01 0.00000000e+00 1.92000000e+01 2.41207501e-01 1.92000000e+01 -5.58468624e+00
 1.95000000e+01 0.00000000e+00 1.95000000e+01 6.49909472e-01 1.95000000e+01 -5.18208099e+00
 1.98000000e+01 0.00000000e+00 1.98000000e+01 1.21668822e+00 1.98000000e+01 -5.65692899e+00
 2.01000000e+01 0.00000000e+00 2.01000000e+01 5.97000639e-01 2.01000000e+01 -5.19676676e+00
 2.04000000e+01 0.00000000e+00 2.04000000e+01 5.05193888e-01 2.04000000e+01 -5.76902839e+00
 2.07000000e+01 0.00000000e+00 2.07000000e+01 1.09736238e+00 2.07000000e+01 -5.67459031e+00
 2.10000000e+01 0.00000000e+00 2.10000000e+01 6.91908654e-01 2.10000000e+01 -5.34793175e+00
 2.13000000e+01 0.00000000e+00 2.13000000e+01 7.95892011e-01 2.13000000e+01 -5.57523494e+00
 2.16000000e+01 0.00000000e+00 2.16000000e+01 4.14055157e-01 2.16000000e+01 -5.24047436e+00
 2.19000000e+01 0.00000000e+00 2.19000000e+01 1.20080354e+00 2.19000000e+01 -5.19050194e+00
 2.22000000e+01 0.00000000e+00 2.22000000e+01 1.13244095e+00 2.22000000e+01 -5.78405048e+00
 2.25000000e+01 0.00000000e+00 2.25000000e+01 4.03217419e-01 2.25000000e+01 -5.65079877e+00
 2.28000000e+01 0.00000000e+00 2.28000000e+01 7.51026530e-01 2.28000000e+01 -5.48032225e+00
 2.31000000e+01 0.00000000e+00 2.31000000e+01 5.11292404e-01 2.31000000e+01 -5.63901871e+00
 2.34000000e+01 0.00000000e+00 2.34000000e+01 1.18975555e+00 2.34000000e+01 -5.60732131e+00
 2.37000000e+01 0.00000000e+00 2.37000000e+01 8.40901385e-01 2.37000000e+01 -5.30535082e+00
 2.40000000e+01 0.00000000e+00 2.40000000e+01 1.50963420e+00 2.40000000e+01 -5.84069532e+00
 2.43000000e+01 0.00000000e+00 2.43000000e+01 1.14427127e+00 2.43000000e+01 -5.43462781e+00
 2.46000000e+01 0.00000000e+00 2.46000000e+01 7.80494975e-01 2.46000000e+01 -5.55798627e+00
 2.49000000e+01 0.00000000e+00 2.49000000e+01 6.50802029e-01 2.49000000e+01 -5.94942077e+00
 2.52000000e+01 0.00000000e+00 2.52000000e+01 2.03894878e+00 2.52000000e+01 -5.07336886e+00
 2.55000000e+01 0.00000000e+00 2.55000000e+01 1.70118451e+00 2.55000000e+01 -6.05177962e+00
 2.58000000e+01 0.00000000e+00 2.58000000e+01 1.75919811e+00 2.58000000e+01 -6.09407879e+00
 2.61000000e+01 0.00000000e+00 2.61000000e+01 1.92186674e+00 2.61000000e+01 -5.77304283e+00
 2.64000000e+01 0.00000000e+00 2.64000000e+01 2.06812418e+00 2.64000000e+01 -5.78719798e+00
 2.67000000e+01 0.00000000e+00 2.67000000e+01 1.45728941e+00 2.67000000e+01 -5.54803069e+00
 2.70000000e+01 0.00000000e+00 2.70000000e+01 1.97682926e+00 2.70000000e+01 -5.90984327e+00
 2.73000000e+01 0.00000000e+00 2.73000000e+01 1.61453980e+00 2.73000000e+01 -5.73362468e+00
 2.76000000e+01 0.00000000e+00 2.76000000e+01 1.36843802e+00 2.76000000e+01 -5.87785791e+00
 2.79000000e+01 0.00000000e+00 2.79000000e+01 9.69647384e-01 2.79000000e+01 -5.63188797e+00
 2.82000000e+01 0.00000000e+00 2.82000000e+01 2.25761912e+00 2.82000000e+01 -5.49863049e+00
 2.85000000e+01 0.00000000e+00 2.85000000e+01 1.92379672e+00 2.85000000e+01 -5.40274672e+00
 2.88000000e+01 0.00000000e+00 2.88000000e+01 1.98309359e+00 2.88000000e+01 -6.23845227e+00
 2.91000000e+01 0.00000000e+00 2.91000000e+01 1.69302472e+00 2.91000000e+01 -5.67447498e+00
 2.94000000e+01 0.00000000e+00 2.94000000e+01 1.67962883e+00 2.94000000e+01 -5.77106693e+00
 2.97000000e+01 0.00000000e+00 2.97000000e+01 2.01776656e+00 2.97000000e+01 -5.08463988e+00
 3.00000000e+01 0.00000000e+00 3.00000000e+01 1.91119584e+00 3.00000000e+01 -6.13894145e+00
 3.03000000e+01 0.00000000e+00 3.03000000e+01 1.38298828e+00 3.03000000e+01 -6.20105252e+00
 3.06000000e+01 0.00000000e+00 3.06000000e+01 1.57368457e+00 3.06000000e+01 -5.69872494e+00
 3.09000000e+01 0.00000000e+00 3.09000000e+01 9.18107950e-01 3.09000000e+01 -5.31065390e+00
 3.12000000e+01 0.00000000e+00 3.12000000e+01 2.21157321e+00 3.12000000e+01 -6.07766424e+00
 3.15000000e+01 0.00000000e+00 3.15000000e+01 1.43271692e+00 3.15000000e+01 -5.90646605e+00
 3.18000000e+01 0.00000000e+00 3.18000000e+01 1.22911451e+00 3.18000000e+01 -5.87567220e+00
 3.21000000e+01 0.00000000e+00 3.21000000e+01 1.46131991e+00 3.21000000e+01 -5.48441350e+00
 3.24000000e+01 0.00000000e+00 3.24000000e+01 1.91597004e+00 3.24000000e+01 -5.29224699e+00
 3.27000000e+01 0.00000000e+00 3.27000000e+01 1.74233394e+00 3.27000000e+01 -5.48393233e+00
 3.30000000e+01 0.00000000e+00 3.30000000e+01 1.80170662e+00 3.30000000e+01 -5.58991275e+00
 3.33000000e+01 0.00000000e+00 3.33000000e+01 1.57030976e+00 3.33000000e+01 -5.80777643e+00
 3.36000000e+01 0.00000000e+00 3.36000000e+01 1.30421335e+00 3.36000000e+01 -5.58564781e+00
 3.39000000e+01 0.00000000e+00 3.39000000e+01 1.80480722e+00 3.39000000e+01 -5.35270226e+00
 3.42000000e+01 0.00000000e+00 3.42000000e+01 1.47646314e+00 3.42000000e+01 -5.69413754e+00
 3.45000000e+01 0.00000000e+00 3.45000000e+01 2.18083290e+00 3.45000000e+01 -5.56215760e+00
 3.48000000e+01 0.00000000e+00 3.48000000e+01 1.42573649e+00 3.48000000e+01 -6.22061195e+00
 3.51000000e+01 0.00000000e+00 3.51000000e+01 7.19405384e+00 3.51000000e+01 -2.75071474e+00
 3.54000000e+01 0.00000000e+00 3.54000000e+01 7.03349368e+00 3.54000000e+01 -2.40606932e+00
 3.57000000e+01 0.00000000e+00 3.57000000e+01 7.41586565e+00 3.57000000e+01 -3.04085191e+00
 3.60000000e+01 0.00000000e+00 3.60000000e+01 7.27054134e+00 3.60000000e+01 -3.01016280e+00
 3.63000000e+01 0.00000000e+00 3.63000000e+01 6.92668340e+00 3.63000000e+01 -2.65523459e+00
 3.66000000e+01 0.00000000e+00 3.66000000e+01 7.64495687e+00 3.66000000e+01 -3.04344896e+00
 3.69000000e+01 0.00000000e+00 3.69000000e+01 6.54189155e+00 3.69000000e+01 -3.14735946e+00
 3.72000000e+01 0.00000000e+00 3.72000000e+01 6.89021183e+00 3.72000000e+01 -2.81096429e+00
 3.75000000e+01 0.00000000e+00 3.75000000e+01 7.15288977e+00 3.75000000e+01 -2.71304020e+00
 3.78000000e+01 0.00000000e+00 3.78000000e+01 7.24291531e+00 3.78000000e+01 -2.89132815e+00
 3.81000000e+01 0.00000000e+00 3.81000000e+01 6.43495349e+00 3.81000000e+01 -3.54044726e+00
 3.84000000e+01 0.00000000e+00 3.84000000e+01 6.44041166e+00 3.84000000e+01 -2.77719327e+00
 3.87000000e+01 0.00000000e+00 3.87000000e+01 6.73873249e+00 3.87000000e+01 -3.15199545e+00
 3.90000000e+01 0.00000000e+00 3.90000000e+01 7.13107718e+00 3.90000000e+01 -2.70183494e+00
 3.93000000e+01 0.00000000e+00 3.93000000e+01 7.09113696e+00 3.93000000e+01 -3.02673441e+00
 3.96000000e+01 0.00000000e+00 3.96000000e+01 7.19227417e+00 3.96000000e+01 -3.13289464e+00
 3.99000000e+01 0.00000000e+00 3.99000000e+01 6.30290372e+00 3.99000000e+01 -3.27943991e+00
 4.02000000e+01 0.00000000e+00 4.02000000e+01 6.58925185e+00 4.02000000e+01 -1.38064485e+00
 4.05000000e+01 0.00000000e+00 4.05000000e+01 7.03007102e+00 4.05000000e+01 -1.63142160e+00
 4.08000000e+01 0.00000000e+00 4.08000000e+01 6.58186503e+00 4.08000000e+01 -1.76575037e+00
 4.11000000e+01 0.00000000e+00 4.11000000e+01 6.32163733e+00 4.11000000e+01 -1.79217179e+00
 4.14000000e+01 0.00000000e+00 4.14000000e+01 6.44920756e+00 4.14000000e+01 -1.29148200e+00
 4.17000000e+01 0.00000000e+00 4.17000000e+01 6.76621257e+00 4.17000000e+01 -2.10744775e+00
 4.20000000e+01 0.00000000e+00 4.20000000e+01 6.03290453e+00 4.20000000e+01 -1.40017050e+00
 4.23000000e+01 0.00000000e+00 4.23000000e+01 6.20706077e+00 4.23000000e+01 -1.06060652e+00
 4.26000000e+01 0.00000000e+00 4.26000000e+01 6.90081867e+00 4.26000000e+01 -2.03472911e+00
 4.29000000e+01 0.00000000e+00 4.29000000e+01 6.25901539e+00 4.29000000e+01 -1.68560214e+00
 4.32000000e+01 0.00000000e+00 4.32000000e+01 6.97896391e+00 4.32000000e+01 -1.90312814e+00
 4.35000000e+01 0.00000000e+00 4.35000000e+01 6.50098229e+00 4.35000000e+01 -1.62650511e+00
 4.38000000e+01 0.00000000e+00 4.38000000e+01 6.80186662e+00 4.38000000e+01 -1.11757163e+00
 4.41000000e+01 0.00000000e+00 4.41000000e+01 5.83655508e+00 4.41000000e+01 -1.47329852e+00
 4.44000000e+01 0.00000000e+00 4.44000000e+01 6.74742630e+00 4.44000000e+01 -1.90170332e+00
 4.47000000e+01 0.00000000e+00 4.47000000e+01 6.32494064e+00 4.47000000e+01 -1.52979357e+00
 4.50000000e+01 0.00000000e+00 4.50000000e+01 6.16818134e+00 4.50000000e+01 -1.31926659e+00
 4.53000000e+01 0.00000000e+00 4.53000000e+01 6.31576170e+00 4.53000000e+01 -9.21878805e-01
 4.56000000e+01 0.00000000e+00 4.56000000e+01 6.44905436e+00 4.56000000e+01 -1.54521708e+00
 4.59000000e+01 0.00000000e+00 4.59000000e+01 6.37971140e+00 4.59000000e+01 -8.47650860e-01
 4.62000000e+01 0.00000000e+00 4.62000000e+01 6.27877348e+00 4.62000000e+01 -1.36547858e+00
 4.65000000e+01 0.00000000e+00 4.65000000e+01 6.90365493e+00 4.65000000e+01 -1.72035738e+00
 4.68000000e+01 0.00000000e+00 4.68000000e+01 6.25403354e+00 4.68000000e+01 -1.90166063e+00
 4.71000000e+01 0.00000000e+00 4.71000000e+01 5.93315085e+00 4.71000000e+01 -1.26385364e+00
 4.74000000e+01 0.00000000e+00 4.74000000e+01 6.28481677e+00 4.74000000e+01 -1.92924690e+00
 4.77000000e+01 0.00000000e+00 4.77000000e+01 7.12943057e+00 4.77000000e+01 -1.42008633e+00
 4.80000000e+01 0.00000000e+00 4.80000000e+01 6.99331042e+00 4.80000000e+01 -1.02596248e+00
 4.83000000e+01 0.00000000e+00 4.83000000e+01 6.71530716e+00 4.83000000e+01 -1.83091901e+00
 4.86000000e+01 0.00000000e+00 4.86000000e+01 6.46205936e+00 4.86000000e+01 -1.45829770e+00
 4.89000000e+01 0.00000000e+00 4.89000000e+01 6.12299717e+00 4.89000000e+01 -1.62020359e+00
 4.92000000e+01 0.00000000e+00 4.92000000e+01 7.11092058e+00 4.92000000e+01 -1.95934974e+00
 4.95000000e+01 0.00000000e+00 4.95000000e+01 6.96898930e+00 4.95000000e+01 -1.87147651e+00
 4.98000000e+01 0.00000000e+00 4.98000000e+01 6.68230406e+00 4.98000000e+01 -1.76688083e+00
 5.01000000e+01 0.00000000e+00 5.01000000e+01 1.09932777e+00 5.01000000e+01 -4.36752685e+00
 5.04000000e+01 0.00000000e+00 5.04000000e+01 1.74579170e+00 5.04000000e+01 -4.46275212e+00
 5.07000000e+01 0.00000000e+00 5.07000000e+01 1.55037991e+00 5.07000000e+01 -4.13266036e+00
 5.10000000e+01 0.00000000e+00 5.10000000e+01 1.61389315e+00 5.10000000e+01 -3.83304597e+00
 5.13000000e+01 0.00000000e+00 5.13000000e+01 1.46436339e+00 5.13000000e+01 -4.79283374e+00
 5.16000000e+01 0.00000000e+00 5.16000000e+01 1.62295289e+00 5.16000000e+01 -4.19261548e+00
 5.19000000e+01 0.00000000e+00 5.19000000e+01 1.42104416e+00 5.19000000e+01 -3.96719404e+00
 5.22000000e+01 0.00000000e+00 5.22000000e+01 2.15205352e+00 5.22000000e+01 -4.47287592e+00
 5.25000000e+01 0.00000000e+00 5.25000000e+01 1.73517503e+00 5.25000000e+01 -3.86795965e+00
 5.28000000e+01 0.00000000e+00 5.28000000e+01 2.02718911e+00 5.28000000e+01 -4.35178034e+00
 5.31000000e+01 0.00000000e+00 5.31000000e+01 1.82829374e+00 5.31000000e+01 -3.63129406e+00
 5.34000000e+01 0.00000000e+00 5.34000000e+01 2.17363262e+00 5.34000000e+01 -4.49423548e+00
 5.37000000e+01 0.00000000e+00 5.37000000e+01 1.66731117e+00 5.37000000e+01 -3.65958234e+00
 5.40000000e+01 0.00000000e+00 5.40000000e+01 1.72175933e+00 5.40000000e+01 -4.50563578e+00
 5.43000000e+01 0.00000000e+00 5.43000000e+01 1.35438171e+00 5.43000000e+01 -4.35177543e+00
 5.46000000e+01 0.00000000e+00 5.46000000e+01 2.03536927e+00 5.46000000e+01 -4.52820008e+00
 5.49000000e+01 0.00000000e+00 5.49000000e+01 1.39113527e+00 5.49000000e+01 -4.46563329e+00
 5.52000000e+01 0.00000000e+00 5.52000000e+01 6.16007207e+00 5.52000000e+01 -6.92381461e+00
 5.55000000e+01 0.00000000e+00 5.55000000e+01 5.99179631e+00 5.55000000e+01 -7.22240714e+00
 5.58000000e+01 0.00000000e+00 5.58000000e+01 6.54265885e+00 5.58000000e+01 -6.81299165e+00
 5.61000000e+01 0.00000000e+00 5.61000000e+01 6.33672887e+00 5.61000000e+01 -7.09020719e+00
 5.64000000e+01 0.00000000e+00 5.64000000e+01 5.97188167e+00 5.64000000e+01 -7.51017182e+00
 5.67000000e+01 0.00000000e+00 5.67000000e+01 6.79225645e+00 5.67000000e+01 -7.42211968e+00
 5.70000000e+01 0.00000000e+00 5.70000000e+01 6.09177722e+00 5.70000000e+01 -7.00706572e+00
 5.73000000e+01 0.00000000e+00 5.73000000e+01 5.82453056e+00 5.73000000e+01 -6.85548941e+00
 5.76000000e+01 0.00000000e+00 5.76000000e+01 6.36700386e+00 5.76000000e+01 -6.51735653e+00
 5.79000000e+01 0.00000000e+00 5.79000000e+01 6.63172805e+00 5.79000000e+01 -6.82198644e+00
 5.82000000e+01 0.00000000e+00 5.82000000e+01 6.36900351e+00 5.82000000e+01 -7.38754368e+00
 5.85000000e+01 0.00000000e+00 5.85000000e+01 6.00766057e+00 5.85000000e+01 -7.27821672e+00
 5.88000000e+01 0.00000000e+00 5.88000000e+01 6.60167936e+00 5.88000000e+01 -6.92219136e+00
 5.91000000e+01 0.00000000e+00 5.91000000e+01 5.87596765e+00 5.91000000e+01 -7.00124850e+00
 5.94000000e+01 0.00000000e+00 5.94000000e+01 6.58486427e+00 5.94000000e+01 -6.72956721e+00
 5.97000000e+01 0.00000000e+00 5.97000000e+01 6.31408776e+00 5.97000000e+01 -7.30349546e+00
