 0.00000000e+00 0.00000000e+00 0.00000000e+00 5.47928466e+00 0.00000000e+00 -5.96269866e+00
 3.00000000e-01 0.00000000e+00 3.00000000e-01 6.26906061e+00 3.00000000e-01 -6.25101578e+00
 6.00000000e-01 0.00000000e+00 6.00000000e-01 5.74073921e+00 6.00000000e-01 -5.38455293e+00
 9.00000000e-01 0.00000000e+00 9.00000000e-01 5.68666172e+00 9.00000000e-01 -5.27108804e+00
 1.20000000e+00 0.00000000e+00 1.20000000e+00 6.49774952e+00 1.20000000e+00 -5.47574006e+00
 1.50000000e+00 0.00000000e+00 1.50000000e+00 6.71222832e+00 1.50000000e+00 -5.46192689e+00
 1.80000000e+00 0.00000000e+00 1.80000000e+00 5.79128376e+00 1.80000000e+00 -5.53023868e+00
 2.10000000e+00 0.00000000e+00 2.10000000e+00 5.78917882e+00 2.10000000e+00 -5.16424107e+00
 2.40000000e+00 0.00000000e+00 2.40000000e+00 6.34716219e+00 2.40000000e+00 -4.91867097e+00
 2.70000000e+00 0.00000000e+00 2.70000000e+00 5.55373568e+00 2.70000000e+00 -5.72825551e+00
 3.00000000e+00 0.00000000e+00 3.00000000e+00 5.80170897e+00 3.00000000e+00 -5.55541910e+00
 3.30000000e+00 0.00000000e+00 3.30000000e+00 5.05827532e+00 3.30000000e+00 -5.40170782e+00
 3.60000000e+00 0.00000000e+00 3.60000000e+00 5.00596887e+00 3.60000000e+00 -6.05531184e+00
 3.90000000e+00 0.00000000e+00 3.90000000e+00 5.69068852e+00 3.90000000e+00 -5.27899768e+00
 4.20000000e+00 0.00000000e+00 4.20000000e+00 6.04825196e+00 4.20000000e+00 -5.49728474e+00
 4.50000000e+00 0.00000000e+00 4.50000000e+00 5.73063943e+00 4.50000000e+00 -5.12700332e+00
 4.80000000e+00 0.00000000e+00 4.80000000e+00 5.71159537e+00 4.80000000e+00 -5.20946901e+00
 5.10000000e+00 0.00000000e+00 5.10000000e+00 6.01413641e+00 5.10000000e+00 -4.52413546e+00
 5.40000000e+00 0.00000000e+00 5.40000000e+00 5.84964177e+00 5.40000000e+00 -5.48187115e+00
 5.70000000e+00 0.00000000e+00 5.70000000e+00 6.67206647e+00 5.70000000e+00 -5.64290288e+00
 6.00000000e+00 0.00000000e+00 6.00000000e+00 5.77528403e+00 6.00000000e+00 -5.26488712e+00
 6.30000000e+00 0.00000000e+00 6.30000000e+00 5.78354586e+00 6.30000000e+00 -5.81760564e+00
 6.60000000e+00 0.00000000e+00 6.60000000e+00 5.47062020e+00 6.60000000e+00 -4.96596051e+00
 6.90000000e+00 0.00000000e+00 6.90000000e+00 6.21575272e+00 6.90000000e+00 -4.77541685e+00
 7.20000000e+00 0.00000000e+00 7.20000000e+00 5.38571048e+00 7.20000000e+00 -5.35997046e+00
 7.50000000e+00 0.00000000e+00 7.50000000e+00 5.71054783e+00 7.50000000e+00 -5.76961151e+00
 7.80000000e+00 0.00000000e+00 7.80000000e+00 5.20034939e+00 7.80000000e+00 -4.44403549e+00
 8.10000000e+00 0.00000000e+00 8.10000000e+00 5.43315973e+00 8.10000000e+00 -5.14032455e+00
 8.40000000e+00 0.00000000e+00 8.40000000e+00 6.48260637e+00 8.40000000e+00 -5.42904307e+00
 8.70000000e+00 0.00000000e+00 8.70000000e+00 6.16835354e+00 8.70000000e+00 -5.29224718e+00
 9.00000000e+00 0.00000000e+00 9.00000000e+00 5.25434392e+00 9.00000000e+00 -4.90036699e+00
 9.30000000e+00 0.00000000e+00 9.30000000e+00 5.91840434e+00 9.30000000e+00 -5.14532798e+00
 9.60000000e+00 0.00000000e+00 9.60000000e+00 5.61834533e+00 9.60000000e+00 -5.02814638e+00
 9.90000000e+00 0.00000000e+00 9.90000000e+00 5.88512039e+00 9.90000000e+00 -5.78190155e+00
 1.02000000e+01 0.00000000e+00 1.02000000e+01 5.54292203e+00 1.02000000e+01 -5.24037112e+00
 1.05000000e+01 0.00000000e+00 1.05000000e+01 6.38149358e+00 1.05000000e+01 -5.29145983e+00
 1.08000000e+01 0.00000000e+00 1.08000000e+01 5.82826856e+00 1.08000000e+01 -5.32903256e+00
 1.11000000e+01 0.00000000e+00 1.11000000e+01 5.48066523e+00 1.11000000e+01 -4.82401541e+00
 1.14000000e+01 0.00000000e+00 1.14000000e+01 5.23595706e+00 1.14000000e+01 -5.48789842e+00
 1.17000000e+01 0.00000000e+00 1.17000000e+01 5.69448654e+00 1.17000000e+01 -5.52622629e+00
 1.20000000e+01 0.00000000e+00 1.20000000e+01 5.39835820e+00 1.20000000e+01 -5.23100116e+00
 1.23000000e+01 0.00000000e+00 1.23000000e+01 5.96873266e+00 1.23000000e+01 -6.28806002e+00
 1.26000000e+01 0.00000000e+00 1.26000000e+01 5.75405750e+00 1.26000000e+01 -5.21037227e+00
 1.29000000e+01 0.00000000e+00 1.29000000e+01 6.09373237e+00 1.29000000e+01 -5.09179572e+00
 1.32000000e+01 0.00000000e+00 1.32000000e+01 5.63386831e+00 1.32000000e+01 -5.29845079e+00
 1.35000000e+01 0.00000000e+00 1.35000000e+01 5.75895779e+00 1.35000000e+01 -5.60237717e+00
 1.38000000e+01 0.00000000e+00 1.38000000e+01 6.27892273e+00 1.38000000e+01 -5.66648415e+00
 1.41000000e+01 0.00000000e+00 1.41000000e+01 6.14000606e+00 1.41000000e+01 -4.81181049e+00
 1.44000000e+01 0.00000000e+00 1.44000000e+01 5.41212091e+00 1.44000000e+01 -5.32167516e+00
 1.47000000e+01 0.00000000e+00 1.47000000e+01 5.50907278e+00 1.47000000e+01 -5.22353719e+00
 1.50000000e+01 0.00000000e+00 1.50000000e+01 5.84519894e+00 1.50000000e+01 -5.10937638e+00
 1.53000000e+01 0.00000000e+00 1.53000000e+01 1.21573988e+00 1.53000000e+01 -3.50430526e+00
 1.56000000e+01 0.00000000e+00 1.56000000e+01 1.68198633e+00 1.56000000e+01 -3.64834978e+00
 1.59000000e+01 0.00000000e+00 1.59000000e+01 1.65203170e+00 1.59000000e+01 -3.96168748e+00
 1.62000000e+01 0.00000000e+00 1.62000000e+01 1.46571198e+00 1.62000000e+01 -4.07552783e+00
 1.65000000e+01 0.00000000e+00 1.65000000e+01 1.70247202e+00 1.65000000e+01 -3.44676118e+00
 1.68000000e+01 0.00000000e+00 1.68000000e+01 1.06629580e+00 1.68000000e+01 -3.78559077e+00
 1.71000000e+01 0.00000000e+00 1.71000000e+01 1.50121731e+00 1.71000000e+01 -3.57456753e+00
 1.74000000e+01 0.00000000e+00 1.74000000e+01 1.96873735e+00 1.74000000e+01 -3.63243283e+00
 1.77000000e+01 0.00000000e+00 1.77000000e+01 1.71201552e+00 1.77000000e+01 -3.31371486e+00
 1.80000000e+01 0.00000000e+00 1.80000000e+01 1.75569865e+00 1.80000000e+01 -3.82496470e+00
 1.83000000e+01 0.00000000e+00 1.83000000e+01 1.88592211e+00 1.83000000e+01 -4.31220528e+00
 1.86000000e+01 0.00000000e+00 1.86000000e+01 1.46894245e+00 1.86000000e+01 -3.85195999e+00
 1.89000000e+01 0.00000000e+00 1.89000000e+01 1.93962199e+00 1.89000000e+01 -3.88426326e+00
 1.92000000e+01 0.00000000e+00 1.92000000e+01 1.58513156e+00 1.92000000e+01 -3.82772407e+00
 1.95000000e+01 0.00000000e+00 1.95000000e+01 2.09083106e+00 1.95000000e+01 -4.02298897e+00
 1.98000000e+01 0.00000000e+00 1.98000000e+01 2.05583286e+00 1.98000000e+01 -3.90214955e+00
 2.01000000e+01 0.00000000e+00 2.01000000e+01 1.20930009e+00 2.01000000e+01 -3.53846934e+00
 2.04000000e+01 0.00000000e+00 2.04000000e+01 2.16743318e+00 2.04000000e+01 -3.61056723e+00
 2.07000000e+01 0.00000000e+00 2.07000000e+01 1.44874782e+00 2.07000000e+01 -3.57572605e+00
 2.10000000e+01 0.00000000e+00 2.10000000e+01 1.45306764e+00 2.10000000e+01 -3.36247198e+00
 2.13000000e+01 0.00000000e+00 2.13000000e+01 1.46591686e+00 2.13000000e+01 -3.85900187e+00
 2.16000000e+01 0.00000000e+00 2.16000000e+01 2.24698421e+00 2.16000000e+01 -3.87003163e+00
 2.19000000e+01 0.00000000e+00 2.19000000e+01 1.82560531e+00 2.19000000e+01 -4.06814829e+00
 2.22000000e+01 0.00000000e+00 2.22000000e+01 2.04728158e+00 2.22000000e+01 -3.65393321e+00
 2.25000000e+01 0.00000000e+00 2.25000000e+01 1.67511333e+00 2.25000000e+01 -3.64161220e+00
 2.28000000e+01 0.00000000e+00 2.28000000e+01 2.13584150e+00 2.28000000e+01 -4.09016994e+00
 2.31000000e+01 0.00000000e+00 2.31000000e+01 1.49053697e+00 2.31000000e+01 -4.05906989e+00
 2.34000000e+01 0.00000000e+00 2.34000000e+01 1.92040231e+00 2.34000000e+01 -3.39826455e+00
 2.37000000e+01 0.00000000e+00 2.37000000e+01 1.16047736e+00 2.37000000e+01 -3.84104674e+00
 2.40000000e+01 0.00000000e+00 2.40000000e+01 1.73322293e+00 2.40000000e+01 -3.67086319e+00
 2.43000000e+01 0.00000000e+00 2.43000000e+01 2.19402517e+00 2.43000000e+01 -3.69119587e+00
 2.46000000e+01 0.00000000e+00 2.46000000e+01 1.95736679e+00 2.46000000e+01 -4.19556886e+00
 2.49000000e+01 0.00000000e+00 2.49000000e+01 1.53729896e+00 2.49000000e+01 -3.79668551e+00
 2.52000000e+01 0.00000000e+00 2.52000000e+01 1.39715590e+00 2.52000000e+01 -4.49502906e+00
 2.55000000e+01 0.00000000e+00 2.55000000e+01 2.39192499e+00 2.55000000e+01 -5.03303731e+00
 2.58000000e+01 0.00000000e+00 2.58000000e+01 2.47542740e+00 2.58000000e+01 -4.63092416e+00
 2.61000000e+01 0.00000000e+00 2.61000000e+01 2.60824753e+00 2.61000000e+01 -4.30482669e+00
 2.64000000e+01 0.00000000e+00 2.64000000e+01 1.73459302e+00 2.64000000e+01 -4.50116263e+00
 2.67000000e+01 0.00000000e+00 2.67000000e+01 1.73268303e+00 2.67000000e+01 -4.15926151e+00
 2.70000000e+01 0.00000000e+00 2.70000000e+01 1.81858920e+00 2.70000000e+01 -3.86375199e+00
 2.73000000e+01 0.00000000e+00 2.73000000e+01 1.75739805e+00 2.73000000e+01 -3.81069982e+00
 2.76000000e+01 0.00000000e+00 2.76000000e+01 2.02364436e+00 2.76000000e+01 -4.56959078e+00
 2.79000000e+01 0.00000000e+00 2.79000000e+01 1.82879051e+00 2.79000000e+01 -4.13350917e+00
 2.82000000e+01 0.00000000e+00 2.82000000e+01 1.95840372e+00 2.82000000e+01 -4.19254218e+00
 2.85000000e+01 0.00000000e+00 2.85000000e+01 1.78730074e+00 2.85000000e+01 -4.40456453e+00
 2.88000000e+01 0.00000000e+00 2.88000000e+01 9.46040953e-01 2.88000000e+01 -4.63212138e+00
 2.91000000e+01 0.00000000e+00 2.91000000e+01 1.91096649e+00 2.91000000e+01 -5.00023433e+00
 2.94000000e+01 0.00000000e+00 2.94000000e+01 2.10455546e+00 2.94000000e+01 -4.47785592e+00
 2.97000000e+01 0.00000000e+00 2.97000000e+01 2.61660326e+00 2.97000000e+01 -4.59396832e+00
 3.00000000e+01 0.00000000e+00 3.00000000e+01 1.57141628e+00 3.00000000e+01 -4.38304744e+00
 3.03000000e+01 0.00000000e+00 3.03000000e+01 1.91617837e+00 3.03000000e+01 -4.60845284e+00
 3.06000000e+01 0.00000000e+00 3.06000000e+01 2.10003774e+00 3.06000000e+01 -4.47372370e+00
 3.09000000e+01 0.00000000e+00 3.09000000e+01 1.92240687e+00 3.09000000e+01 -5.21746721e+00
 3.12000000e+01 0.00000000e+00 3.12000000e+01 1.53318787e+00 3.12000000e+01 -4.62686514e+00
 3.15000000e+01 0.00000000e+00 3.15000000e+01 1.81660049e+00 3.15000000e+01 -4.92458773e+00
 3.18000000e+01 0.00000000e+00 3.18000000e+01 1.86963606e+00 3.18000000e+01 -4.31686119e+00
 3.21000000e+01 0.00000000e+00 3.21000000e+01 1.96968491e+00 3.21000000e+01 -4.02053777e+00
 3.24000000e+01 0.00000000e+00 3.24000000e+01 1.78285371e+00 3.24000000e+01 -4.62495072e+00
 3.27000000e+01 0.00000000e+00 3.27000000e+01 1.32124233e+00 3.27000000e+01 -4.63235250e+00
 3.30000000e+01 0.00000000e+00 3.30000000e+01 2.22063818e+00 3.30000000e+01 -4.78341745e+00
 3.33000000e+01 0.00000000e+00 3.33000000e+01 1.84195590e+00 3.33000000e+01 -4.55753564e+00
 3.36000000e+01 0.00000000e+00 3.36000000e+01 1.61195959e+00 3.36000000e+01 -4.26830346e+00
 3.39000000e+01 0.00000000e+00 3.39000000e+01 1.79808696e+00 3.39000000e+01 -4.15526137e+00
 3.42000000e+01 0.00000000e+00 3.42000000e+01 2.08549120e+00 3.42000000e+01 -4.37049828e+00
 3.45000000e+01 0.00000000e+00 3.45000000e+01 1.93296505e+00 3.45000000e+01 -4.59370484e+00
 3.48000000e+01 0.00000000e+00 3.48000000e+01 2.00805621e+00 3.48000000e+01 -4.63478993e+00
 3.51000000e+01 0.00000000e+00 3.51000000e+01 6.09405634e+00 3.51000000e+01 -1.82702836e+00
 3.54000000e+01 0.00000000e+00 3.54000000e+01 6.05531680e+00 3.54000000e+01 -2.52549567e+00
 3.57000000e+01 0.00000000e+00 3.57000000e+01 6.29226579e+00 3.57000000e+01 -2.13343563e+00
 3.60000000e+01 0.00000000e+00 3.60000000e+01 5.75349065e+00 3.60000000e+01 -1.96625018e+00
 3.63000000e+01 0.00000000e+00 3.63000000e+01 5.55922355e+00 3.63000000e+01 -2.06872038e+00
 3.66000000e+01 0.00000000e+00 3.66000000e+01 5.54794361e+00 3.66000000e+01 -2.00620214e+00
 3.69000000e+01 0.00000000e+00 3.69000000e+01 6.65112485e+00 3.69000000e+01 -2.42609010e+00
 3.72000000e+01 0.00000000e+00 3.72000000e+01 6.17011459e+00 3.72000000e+01 -2.19969667e+00
 3.75000000e+01 0.00000000e+00 3.75000000e+01 5.45671331e+00 3.75000000e+01 -1.67837615e+00
 3.78000000e+01 0.00000000e+00 3.78000000e+01 6.05312239e+00 3.78000000e+01 -2.35041546e+00
 3.81000000e+01 0.00000000e+00 3.81000000e+01 6.34095486e+00 3.81000000e+01 -1.45952114e+00
 3.84000000e+01 0.00000000e+00 3.84000000e+01 5.81112824e+00 3.84000000e+01 -2.41697196e+00
 3.87000000e+01 0.00000000e+00 3.87000000e+01 5.97213953e+00 3.87000000e+01 -2.32337514e+00
 3.90000000e+01 0.00000000e+00 3.90000000e+01 6.23318429e+00 3.90000000e+01 -1.83664288e+00
 3.93000000e+01 0.00000000e+00 3.93000000e+01 6.15910786e+00 3.93000000e+01 -1.75314535e+00
 3.96000000e+01 0.00000000e+00 3.96000000e+01 5.53086855e+00 3.96000000e+01 -2.21280525e+00
 3.99000000e+01 0.00000000e+00 3.99000000e+01 5.75222640e+00 3.99000000e+01 -1.93457257e+00
 4.02000000e+01 0.00000000e+00 4.02000000e+01 3.64028123e+00 4.02000000e+01 -1.18318728e+00
 4.05000000e+01 0.00000000e+00 4.05000000e+01 3.67159172e+00 4.05000000e+01 -1.64588479e+00
 4.08000000e+01 0.00000000e+00 4.08000000e+01 4.64281294e+00 4.08000000e+01 -1.35605222e+00
 4.11000000e+01 0.00000000e+00 4.11000000e+01 3.92693080e+00 4.11000000e+01 -1.36576520e+00
 4.14000000e+01 0.00000000e+00 4.14000000e+01 3.86254850e+00 4.14000000e+01 -1.25320996e+00
 4.17000000e+01 0.00000000e+00 4.17000000e+01 4.41666550e+00 4.17000000e+01 -1.79780909e+00
 4.20000000e+01 0.00000000e+00 4.20000000e+01 3.56105975e+00 4.20000000e+01 -1.09878850e+00
 4.23000000e+01 0.00000000e+00 4.23000000e+01 3.95873569e+00 4.23000000e+01 -1.23115541e+00
 4.26000000e+01 0.00000000e+00 4.26000000e+01 3.49556042e+00 4.26000000e+01 -1.53981597e+00
 4.29000000e+01 0.00000000e+00 4.29000000e+01 3.99721613e+00 4.29000000e+01 -1.63658633e+00
 4.32000000e+01 0.00000000e+00 4.32000000e+01 3.80448806e+00 4.32000000e+01 -1.08007509e+00
 4.35000000e+01 0.00000000e+00 4.35000000e+01 3.82608035e+00 4.35000000e+01 -1.43041179e+00
 4.38000000e+01 0.00000000e+00 4.38000000e+01 4.35161660e+00 4.38000000e+01 -1.46088278e+00
 4.41000000e+01 0.00000000e+00 4.41000000e+01 3.84932791e+00 4.41000000e+01 -1.42790891e+00
 4.44000000e+01 0.00000000e+00 4.44000000e+01 4.21633269e+00 4.44000000e+01 -1.38202587e+00
 4.47000000e+01 0.00000000e+00 4.47000000e+01 4.77678920e+00 4.47000000e+01 -9.00677868e-01
 4.50000000e+01 0.00000000e+00 4.50000000e+01 4.49948385e+00 4.50000000e+01 -1.65764123e+00
 4.53000000e+01 0.00000000e+00 4.53000000e+01 3.92459588e+00 4.53000000e+01 -1.12239212e+00
 4.56000000e+01 0.00000000e+00 4.56000000e+01 4.17961426e+00 4.56000000e+01 -1.16369904e+00
 4.59000000e+01 0.00000000e+00 4.59000000e+01 4.04436224e+00 4.59000000e+01 -8.66633788e-01
 4.62000000e+01 0.00000000e+00 4.62000000e+01 4.47237304e+00 4.62000000e+01 -1.67026334e+00
 4.65000000e+01 0.00000000e+00 4.65000000e+01 4.10092102e+00 4.65000000e+01 -1.36635987e+00
 4.68000000e+01 0.00000000e+00 4.68000000e+01 4.29639927e+00 4.68000000e+01 -1.62603796e+00
 4.71000000e+01 0.00000000e+00 4.71000000e+01 4.43037416e+00 4.71000000e+01 -1.55293356e+00
 4.74000000e+01 0.00000000e+00 4.74000000e+01 4.42740170e+00 4.74000000e+01 -1.72898668e+00
 4.77000000e+01 0.00000000e+00 4.77000000e+01 3.85653867e+00 4.77000000e+01 -1.49775576e+00
 4.80000000e+01 0.00000000e+00 4.80000000e+01 3.93037706e+00 4.80000000e+01 -1.40319225e+00
 4.83000000e+01 0.00000000e+00 4.83000000e+01 4.34053075e+00 4.83000000e+01 -6.97464678e-01
 4.86000000e+01 0.00000000e+00 4.86000000e+01 3.69474028e+00 4.86000000e+01 -1.05311817e+00
 4.89000000e+01 0.00000000e+00 4.89000000e+01 4.54245917e+00 4.89000000e+01 -1.60256173e+00
 4.92000000e+01 0.00000000e+00 4.92000000e+01 4.49356563e+00 4.92000000e+01 -1.03553347e+00
 4.95000000e+01 0.00000000e+00 4.95000000e+01 4.24756365e+00 4.95000000e+01 -9.34426493e-01
 4.98000000e+01 0.00000000e+00 4.98000000e+01 4.34262061e+00 4.98000000e+01 -1.73979299e+00
 5.01000000e+01 0.00000000e+00 5.01000000e+01 2.55268031e+00 5.01000000e+01 -4.63005207e+00
 5.04000000e+01 0.00000000e+00 5.04000000e+01 2.12543502e+00 5.04000000e+01 -4.26700922e+00
 5.07000000e+01 0.00000000e+00 5.07000000e+01 2.30191360e+00 5.07000000e+01 -4.59778180e+00
 5.10000000e+01 0.00000000e+00 5.10000000e+01 3.17491139e+00 5.10000000e+01 -3.72371072e+00
 5.13000000e+01 0.00000000e+00 5.13000000e+01 2.59634730e+00 5.13000000e+01 -4.37254882e+00
 5.16000000e+01 0.00000000e+00 5.16000000e+01 2.40339262e+00 5.16000000e+01 -4.16889435e+00
 5.19000000e+01 0.00000000e+00 5.19000000e+01 2.71325755e+00 5.19000000e+01 -3.81466975e+00
 5.22000000e+01 0.00000000e+00 5.22000000e+01 2.93486391e+00 5.22000000e+01 -3.51618032e+00
 5.25000000e+01 0.00000000e+00 5.25000000e+01 3.29759240e+00 5.25000000e+01 -4.20262724e+00
 5.28000000e+01 0.00000000e+00 5.28000000e+01 3.19421595e+00 5.28000000e+01 -4.55196089e+00
 5.31000000e+01 0.00000000e+00 5.31000000e+01 2.51822836e+00 5.31000000e+01 -4.07935345e+00
 5.34000000e+01 0.00000000e+00 5.34000000e+01 2.79327524e+00 5.34000000e+01 -4.62814924e+00
 5.37000000e+01 0.00000000e+00 5.37000000e+01 3.22371235e+00 5.37000000e+01 -3.55351064e+00
 5.40000000e+01 0.00000000e+00 5.40000000e+01 3.35897487e+00 5.40000000e+01 -3.95646507e+00
 5.43000000e+01 0.00000000e+00 5.43000000e+01 2.59503226e+00 5.43000000e+01 -4.32946595e+00
 5.46000000e+01 0.00000000e+00 5.46000000e+01 2.74794507e+00 5.46000000e+01 -4.02757287e+00
 5.49000000e+01 0.00000000e+00 5.49000000e+01 3.15983354e+00 5.49000000e+01 -4.59751064e+00
 5.52000000e+01 0.00000000e+00 5.52000000e+01 5.28727228e+00 5.52000000e+01 -5.01276059e+00
 5.55000000e+01 0.00000000e+00 5.55000000e+01 5.74160118e+00 5.55000000e+01 -5.47204186e+00
 5.58000000e+01 0.00000000e+00 5.58000000e+01 6.06526207e+00 5.58000000e+01 -5.52277376e+00
 5.61000000e+01 0.00000000e+00 5.61000000e+01 5.89639626e+00 5.61000000e+01 -5.35421087e+00
 5.64000000e+01 0.00000000e+00 5.64000000e+01 6.11047914e+00 5.64000000e+01 -5.14445033e+00
 5.67000000e+01 0.00000000e+00 5.67000000e+01 6.23328346e+00 5.67000000e+01 -5.22337242e+00
 5.70000000e+01 0.00000000e+00 5.70000000e+01 5.50463808e+00 5.70000000e+01 -5.17849779e+00
 5.73000000e+01 0.00000000e+00 5.73000000e+01 6.34282503e+00 5.73000000e+01 -5.77186343e+00
 5.76000000e+01 0.00000000e+00 5.76000000e+01 6.07671374e+00 5.76000000e+01 -5.33215686e+00
 5.79000000e+01 0.00000000e+00 5.79000000e+01 5.86707508e+00 5.79000000e+01 -5.37493046e+00
 5.82000000e+01 0.00000000e+00 5.82000000e+01 5.88701958e+00 5.82000000e+01 -5.41546618e+00
 5.85000000e+01 0.00000000e+00 5.85000000e+01 5.96491708e+00 5.85000000e+01 -4.69706103e+00
 5.88000000e+01 0.00000000e+00 5.88000000e+01 5.58949819e+00 5.88000000e+01 -5.17246570e+00
 5.91000000e+01 0.00000000e+00 5.91000000e+01 6.34115365e+00 5.91000000e+01 -4.97446614e+00
 5.94000000e+01 0.00000000e+00 5.94000000e+01 6.35723670e+00 5.94000000e+01 -5.52016867e+00
 5.97000000e+01 0.00000000e+00 5.97000000e+01 6.14420469e+00 5.97000000e+01 -5.24316077e+00
