 0.00000000e+00 0.00000000e+00 0.00000000e+00 7.58273283e+00 0.00000000e+00 -3.79605974e+00
 3.00000000e-01 0.00000000e+00 3.00000000e-01 8.59701385e+00 3.00000000e-01 -3.77246168e+00
 6.00000000e-01 0.00000000e+00 6.00000000e-01 8.50339795e+00 6.00000000e-01 -4.06605063e+00
 9.00000000e-01 0.00000000e+00 9.00000000e-01 7.82766029e+00 9.00000000e-01 -4.10759653e+00
 1.20000000e+00 0.00000000e+00 1.20000000e+00 7.59131556e+00 1.20000000e+00 -3.66895034e+00
 1.50000000e+00 0.00000000e+00 1.50000000e+00 7.70568663e+00 1.50000000e+00 -3.61748410e+00
 1.80000000e+00 0.00000000e+00 1.80000000e+00 7.59628936e+00 1.80000000e+00 -3.76651029e+00
 2.10000000e+00 0.00000000e+00 2.10000000e+00 7.51385121e+00 2.10000000e+00 -3.68621042e+00
 2.40000000e+00 0.00000000e+00 2.40000000e+00 8.27116456e+00 2.40000000e+00 -4.06853354e+00
 2.70000000e+00 0.00000000e+00 2.70000000e+00 8.13062286e+00 2.70000000e+00 -3.49267631e+00
 3.00000000e+00 0.00000000e+00 3.00000000e+00 8.09586695e+00 3.00000000e+00 -4.44544514e+00
 3.30000000e+00 0.00000000e+00 3.30000000e+00 7.69463234e+00 3.30000000e+00 -3.77192866e+00
 3.60000000e+00 0.00000000e+00 3.60000000e+00 8.25512504e+00 3.60000000e+00 -3.73944178e+00
 3.90000000e+00 0.00000000e+00 3.90000000e+00 8.41732259e+00 3.90000000e+00 -3.65423063e+00
 4.20000000e+00 0.00000000e+00 4.20000000e+00 8.19061331e+00 4.20000000e+00 -4.01454601e+00
 4.50000000e+00 0.00000000e+00 4.50000000e+00 8.30396697e+00 4.50000000e+00 -4.57834980e+00
 4.80000000e+00 0.00000000e+00 4.80000000e+00 7.94859340e+00 4.80000000e+00 -4.50870396e+00
 5.10000000e+00 0.00000000e+00 5.10000000e+00 7.39196530e+00 5.10000000e+00 -4.30737556e+00
 5.40000000e+00 0.00000000e+00 5.40000000e+00 7.72109670e+00 5.40000000e+00 -4.17826871e+00
 5.70000000e+00 0.00000000e+00 5.70000000e+00 8.04871105e+00 5.70000000e+00 -4.12756826e+00
 6.00000000e+00 0.00000000e+00 6.00000000e+00 7.75380618e+00 6.00000000e+00 -3.23847863e+00
 6.30000000e+00 0.00000000e+00 6.30000000e+00 8.04500315e+00 6.30000000e+00 -4.13485890e+00
 6.60000000e+00 0.00000000e+00 6.60000000e+00 8.77294607e+00 6.60000000e+00 -4.01622153e+00
 6.90000000e+00 0.00000000e+00 6.90000000e+00 7.95292271e+00 6.90000000e+00 -4.03623832e+00
 7.20000000e+00 0.00000000e+00 7.20000000e+00 8.22851017e+00 7.20000000e+00 -3.84401591e+00
 7.50000000e+00 0.00000000e+00 7.50000000e+00 7.38183655e+00 7.50000000e+00 -3.89895533e+00
 7.80000000e+00 0.00000000e+00 7.80000000e+00 7.97032394e+00 7.80000000e+00 -4.31691330e+00
 8.10000000e+00 0.00000000e+00 8.10000000e+00 7.87352527e+00 8.10000000e+00 -3.61743476e+00
 8.40000000e+00 0.00000000e+00 8.40000000e+00 8.09076722e+00 8.40000000e+00 -4.51369225e+00
 8.70000000e+00 0.00000000e+00 8.70000000e+00 8.17753616e+00 8.70000000e+00 -3.59311900e+00
 9.00000000e+00 0.00000000e+00 9.00000000e+00 7.75002243e+00 9.00000000e+00 -3.77675371e+00
 9.30000000e+00 0.00000000e+00 9.30000000e+00 8.48578981e+00 9.30000000e+00 -4.11732933e+00
 9.60000000e+00 0.00000000e+00 9.60000000e+00 8.32848175e+00 9.60000000e+00 -4.09660355e+00
 9.90000000e+00 0.00000000e+00 9.90000000e+00 7.99149985e+00 9.90000000e+00 -4.00639347e+00
 1.02000000e+01 0.00000000e+00 1.02000000e+01 8.10765886e+00 1.02000000e+01 -4.20192450e+00
 1.05000000e+01 0.00000000e+00 1.05000000e+01 7.89567753e+00 1.05000000e+01 -4.04303007e+00
 1.08000000e+01 0.00000000e+00 1.08000000e+01 7.73169252e+00 1.08000000e+01 -3.99668790e+00
 1.11000000e+01 0.00000000e+00 1.11000000e+01 8.33688151e+00 1.11000000e+01 -3.94685255e+00
 1.14000000e+01 0.00000000e+00 1.14000000e+01 8.42643693e+00 1.14000000e+01 -4.65361814e+00
 1.17000000e+01 0.00000000e+00 1.17000000e+01 8.40269773e+00 1.17000000e+01 -4.22357785e+00
 1.20000000e+01 0.00000000e+00 1.20000000e+01 8.04443680e+00 1.20000000e+01 -4.34762076e+00
 1.23000000e+01 0.00000000e+00 1.23000000e+01 8.16498664e+00 1.23000000e+01 -3.61129965e+00
 1.26000000e+01 0.00000000e+00 1.26000000e+01 8.19617219e+00 1.26000000e+01 -4.43176416e+00
 1.29000000e+01 0.00000000e+00 1.29000000e+01 8.25573712e+00 1.29000000e+01 -4.39992033e+00
 1.32000000e+01 0.00000000e+00 1.32000000e+01 7.92432727e+00 1.32000000e+01 -3.71541542e+00
 1.35000000e+01 0.00000000e+00 1.35000000e+01 8.20653583e+00 1.35000000e+01 -3.55580945e+00
 1.38000000e+01 0.00000000e+00 1.38000000e+01 7.88852152e+00 1.38000000e+01 -3.44721308e+00
 1.41000000e+01 0.00000000e+00 1.41000000e+01 7.53677927e+00 1.41000000e+01 -3.98940281e+00
 1.44000000e+01 0.00000000e+00 1.44000000e+01 8.01580633e+00 1.44000000e+01 -4.06690847e+00
 1.47000000e+01 0.00000000e+00 1.47000000e+01 8.33646540e+00 1.47000000e+01 -4.39979352e+00
 1.50000000e+01 0.00000000e+00 1.50000000e+01 7.83954428e+00 1.50000000e+01 -4.41912130e+00
 1.53000000e+01 0.00000000e+00 1.53000000e+01 1.09338029e+00 1.53000000e+01 -4.84193780e+00
 1.56000000e+01 0.00000000e+00 1.56000000e+01 1.00193945e-01 1.56000000e+01 -5.22302876e+00
 1.59000000e+01 0.00000000e+00 1.59000000e+01 4.73703834e-01 1.59000000e+01 -4.97793099e+00
 1.62000000e+01 0.00000000e+00 1.62000000e+01 4.61144401e-01 1.62000000e+01 -5.32819031e+00
 1.65000000e+01 0.00000000e+00 1.65000000e+01 4.18700993e-01 1.65000000e+01 -5.15393567e+00
 1.68000000e+01 0.00000000e+00 1.68000000e+01 8.42891954e-01 1.68000000e+01 -4.72162133e+00
 1.71000000e+01 0.00000000e+00 1.71000000e+01 5.31411833e-01 1.71000000e+01 -6.01070096e+00
 1.74000000e+01 0.00000000e+00 1.74000000e+01 3.26308285e-01 1.74000000e+01 -4.98275016e+00
 1.77000000e+01 0.00000000e+00 1.77000000e+01 -1.50179077e-01 1.77000000e+01 -4.98882022e+00
 1.80000000e+01 0.00000000e+00 1.80000000e+01 2.99896598e-01 1.80000000e+01 -4.15057907e+00
 1.83000000e+01 0.00000000e+00 1.83000000e+01 4.88482901e-01 1.83000000e+01 -4.58672092e+00
 1.86000000e+01 0.00000000e+00 1.86000000e+01 4.32308935e-02 1.86000000e+01 -4.94942785e+00
 1.89000000e+01 0.00000000e+00 1.89000000e+01 -2.17064511e-01 1.89000000e+01 -4.98543152e+00
 1.92000000e+01 0.00000000e+00 1.92000000e+01 1.17572155e+00 1.92000000e+01 -4.87534273e+00
 1.95000000e+01 0.00000000e+00 1.95000000e+01 3.09546444e-01 1.95000000e+01 -5.17388356e+00
 1.98000000e+01 0.00000000e+00 1.98000000e+01 4.77049770e-01 1.98000000e+01 -5.21808873e+00
 2.01000000e+01 0.00000000e+00 2.01000000e+01 5.19314897e-01 2.01000000e+01 -4.99284847e+00
 2.04000000e+01 0.00000000e+00 2.04000000e+01 -1.66599877e-01 2.04000000e+01 -4.81902485e+00
 2.07000000e+01 0.00000000e+00 2.07000000e+01 1.26766575e-01 2.07000000e+01 -4.88050610e+00
 2.10000000e+01 0.00000000e+00 2.10000000e+01 1.15064174e-01 2.10000000e+01 -4.93001812e+00
 2.13000000e+01 0.00000000e+00 2.13000000e+01 1.46425956e-01 2.13000000e+01 -5.18631247e+00
 2.16000000e+01 0.00000000e+00 2.16000000e+01 1.36967898e-01 2.16000000e+01 -4.69991452e+00
 2.19000000e+01 0.00000000e+00 2.19000000e+01 5.48818601e-01 2.19000000e+01 -4.99076601e+00
 2.22000000e+01 0.00000000e+00 2.22000000e+01 6.44273460e-02 2.22000000e+01 -4.92663894e+00
 2.25000000e+01 0.00000000e+00 2.25000000e+01 4.90361682e-01 2.25000000e+01 -4.83506022e+00
 2.28000000e+01 0.00000000e+00 2.28000000e+01 5.35846905e-01 2.28000000e+01 -5.31858294e+00
 2.31000000e+01 0.00000000e+00 2.31000000e+01 -1.30902449e-01 2.31000000e+01 -4.73066860e+00
 2.34000000e+01 0.00000000e+00 2.34000000e+01 5.01099946e-01 2.34000000e+01 -5.11018690e+00
 2.37000000e+01 0.00000000e+00 2.37000000e+01 -5.36675985e-02 2.37000000e+01 -5.29427728e+00
 2.40000000e+01 0.00000000e+00 2.40000000e+01 6.99855133e-01 2.40000000e+01 -5.15880552e+00
 2.43000000e+01 0.00000000e+00 2.43000000e+01 4.67432140e-01 2.43000000e+01 -5.12778442e+00
 2.46000000e+01 0.00000000e+00 2.46000000e+01 7.92114422e-01 2.46000000e+01 -4.66585993e+00
 2.49000000e+01 0.00000000e+00 2.49000000e+01 -3.16404768e-01 2.49000000e+01 -5.16729133e+00
 2.52000000e+01 0.00000000e+00 2.52000000e+01 1.41985222e+00 2.52000000e+01 -5.35159095e+00
 2.55000000e+01 0.00000000e+00 2.55000000e+01 1.62830083e+00 2.55000000e+01 -5.07957279e+00
 2.58000000e+01 0.00000000e+00 2.58000000e+01 1.04231890e+00 2.58000000e+01 -5.52190302e+00
 2.61000000e+01 0.00000000e+00 2.61000000e+01 1.07182081e+00 2.61000000e+01 -5.33978068e+00
 2.64000000e+01 0.00000000e+00 2.64000000e+01 1.46908991e+00 2.64000000e+01 -4.84496630e+00
 2.67000000e+01 0.00000000e+00 2.67000000e+01 1.01570497e+00 2.67000000e+01 -5.12099868e+00
 2.70000000e+01 0.00000000e+00 2.70000000e+01 1.28788237e+00 2.70000000e+01 -4.98405492e+00
 2.73000000e+01 0.00000000e+00 2.73000000e+01 1.16171374e+00 2.73000000e+01 -5.15136596e+00
 2.76000000e+01 0.00000000e+00 2.76000000e+01 9.30630607e-01 2.76000000e+01 -5.38543262e+00
 2.79000000e+01 0.00000000e+00 2.79000000e+01 1.21433353e+00 2.79000000e+01 -4.46342618e+00
 2.82000000e+01 0.00000000e+00 2.82000000e+01 1.55601762e+00 2.82000000e+01 -4.80082448e+00
 2.85000000e+01 0.00000000e+00 2.85000000e+01 1.46077371e+00 2.85000000e+01 -5.71028601e+00
 2.88000000e+01 0.00000000e+00 2.88000000e+01 1.76811606e+00 2.88000000e+01 -4.87997218e+00
 2.91000000e+01 0.00000000e+00 2.91000000e+01 1.44061330e+00 2.91000000e+01 -4.85429148e+00
 2.94000000e+01 0.00000000e+00 2.94000000e+01 1.52877687e+00 2.94000000e+01 -4.97644432e+00
 2.97000000e+01 0.00000000e+00 2.97000000e+01 5.43646292e-01 2.97000000e+01 -5.41891356e+00
 3.00000000e+01 0.00000000e+00 3.00000000e+01 1.43620958e+00 3.00000000e+01 -4.98850328e+00
 3.03000000e+01 0.00000000e+00 3.03000000e+01 1.74317994e+00 3.03000000e+01 -5.05615781e+00
 3.06000000e+01 0.00000000e+00 3.06000000e+01 1.37668755e+00 3.06000000e+01 -4.54823426e+00
 3.09000000e+01 0.00000000e+00 3.09000000e+01 1.56989743e+00 3.09000000e+01 -4.99706908e+00
 3.12000000e+01 0.00000000e+00 3.12000000e+01 1.36674198e+00 3.12000000e+01 -5.14164733e+00
 3.15000000e+01 0.00000000e+00 3.15000000e+01 1.77828199e+00 3.15000000e+01 -5.41198936e+00
 3.18000000e+01 0.00000000e+00 3.18000000e+01 1.32837683e+00 3.18000000e+01 -5.08182494e+00
 3.21000000e+01 0.00000000e+00 3.21000000e+01 1.53941799e+00 3.21000000e+01 -5.45284576e+00
 3.24000000e+01 0.00000000e+00 3.24000000e+01 1.48811870e+00 3.24000000e+01 -3.97303763e+00
 3.27000000e+01 0.00000000e+00 3.27000000e+01 1.25191717e+00 3.27000000e+01 -5.21579704e+00
 3.30000000e+01 0.00000000e+00 3.30000000e+01 4.40489826e-01 3.30000000e+01 -5.50152734e+00
 3.33000000e+01 0.00000000e+00 3.33000000e+01 1.56261940e+00 3.33000000e+01 -5.27310445e+00
 3.36000000e+01 0.00000000e+00 3.36000000e+01 9.57899972e-01 3.36000000e+01 -5.07137287e+00
 3.39000000e+01 0.00000000e+00 3.39000000e+01 1.37857498e+00 3.39000000e+01 -5.48442706e+00
 3.42000000e+01 0.00000000e+00 3.42000000e+01 1.29962166e+00 3.42000000e+01 -5.41228030e+00
 3.45000000e+01 0.00000000e+00 3.45000000e+01 8.13487545e-01 3.45000000e+01 -5.11571200e+00
 3.48000000e+01 0.00000000e+00 3.48000000e+01 1.16240945e+00 3.48000000e+01 -5.39087684e+00
 3.51000000e+01 0.00000000e+00 3.51000000e+01 6.91176372e+00 3.51000000e+01 -2.64290081e+00
 3.54000000e+01 0.00000000e+00 3.54000000e+01 7.10705246e+00 3.54000000e+01 -2.39304584e+00
 3.57000000e+01 0.00000000e+00 3.57000000e+01 6.83804760e+00 3.57000000e+01 -2.78394497e+00
 3.60000000e+01 0.00000000e+00 3.60000000e+01 6.94116437e+00 3.60000000e+01 -2.01330010e+00
 3.63000000e+01 0.00000000e+00 3.63000000e+01 7.03303035e+00 3.63000000e+01 -2.32862796e+00
 3.66000000e+01 0.00000000e+00 3.66000000e+01 7.36650384e+00 3.66000000e+01 -2.37049624e+00
 3.69000000e+01 0.00000000e+00 3.69000000e+01 7.00263180e+00 3.69000000e+01 -2.81397037e+00
 3.72000000e+01 0.00000000e+00 3.72000000e+01 7.54519307e+00 3.72000000e+01 -2.82298877e+00
 3.75000000e+01 0.00000000e+00 3.75000000e+01 6.99155489e+00 3.75000000e+01 -2.32660075e+00
 3.78000000e+01 0.00000000e+00 3.78000000e+01 7.02700357e+00 3.78000000e+01 -2.83633627e+00
 3.81000000e+01 0.00000000e+00 3.81000000e+01 7.10154596e+00 3.81000000e+01 -2.54064916e+00
 3.84000000e+01 0.00000000e+00 3.84000000e+01 7.49449603e+00 3.84000000e+01 -2.23696358e+00
 3.87000000e+01 0.00000000e+00 3.87000000e+01 7.37135406e+00 3.87000000e+01 -2.26819120e+00
 3.90000000e+01 0.00000000e+00 3.90000000e+01 7.30599453e+00 3.90000000e+01 -3.01549945e+00
 3.93000000e+01 0.00000000e+00 3.93000000e+01 7.21985125e+00 3.93000000e+01 -3.03507697e+00
 3.96000000e+01 0.00000000e+00 3.96000000e+01 7.76895699e+00 3.96000000e+01 -2.16374407e+00
 3.99000000e+01 0.00000000e+00 3.99000000e+01 7.66645445e+00 3.99000000e+01 -2.30027782e+00
 4.02000000e+01 0.00000000e+00 4.02000000e+01 5.94715517e+00 4.02000000e+01 -1.27291210e+00
 4.05000000e+01 0.00000000e+00 4.05000000e+01 6.01960937e+00 4.05000000e+01 -2.36070159e+00
 4.08000000e+01 0.00000000e+00 4.08000000e+01 5.62756943e+00 4.08000000e+01 -1.71805097e+00
 4.11000000e+01 0.00000000e+00 4.11000000e+01 5.16613447e+00 4.11000000e+01 -1.78548838e+00
 4.14000000e+01 0.00000000e+00 4.14000000e+01 6.16471486e+00 4.14000000e+01 -1.59512220e+00
 4.17000000e+01 0.00000000e+00 4.17000000e+01 5.36680560e+00 4.17000000e+01 -1.88188199e+00
 4.20000000e+01 0.00000000e+00 4.20000000e+01 6.45356953e+00 4.20000000e+01 -1.92076717e+00
 4.23000000e+01 0.00000000e+00 4.23000000e+01 6.03994059e+00 4.23000000e+01 -1.83283254e+00
 4.26000000e+01 0.00000000e+00 4.26000000e+01 5.62396671e+00 4.26000000e+01 -1.20084102e+00
 4.29000000e+01 0.00000000e+00 4.29000000e+01 6.12923366e+00 4.29000000e+01 -1.60308947e+00
 4.32000000e+01 0.00000000e+00 4.32000000e+01 5.97571403e+00 4.32000000e+01 -1.25990282e+00
 4.35000000e+01 0.00000000e+00 4.35000000e+01 6.04564156e+00 4.35000000e+01 -1.70448851e+00
 4.38000000e+01 0.00000000e+00 4.38000000e+01 6.19623743e+00 4.38000000e+01 -1.73737139e+00
 4.41000000e+01 0.00000000e+00 4.41000000e+01 6.18993691e+00 4.41000000e+01 -1.23692490e+00
 4.44000000e+01 0.00000000e+00 4.44000000e+01 6.28697582e+00 4.44000000e+01 -1.26069812e+00
 4.47000000e+01 0.00000000e+00 4.47000000e+01 6.37047203e+00 4.47000000e+01 -1.48201891e+00
 4.50000000e+01 0.00000000e+00 4.50000000e+01 6.33993931e+00 4.50000000e+01 -2.10540600e+00
 4.53000000e+01 0.00000000e+00 4.53000000e+01 6.11191734e+00 4.53000000e+01 -8.76781300e-01
 4.56000000e+01 0.00000000e+00 4.56000000e+01 5.86367668e+00 4.56000000e+01 -2.15774496e+00
 4.59000000e+01 0.00000000e+00 4.59000000e+01 5.82917228e+00 4.59000000e+01 -1.83312460e+00
 4.62000000e+01 0.00000000e+00 4.62000000e+01 6.04050824e+00 4.62000000e+01 -1.17493461e+00
 4.65000000e+01 0.00000000e+00 4.65000000e+01 5.77073608e+00 4.65000000e+01 -1.85004379e+00
 4.68000000e+01 0.00000000e+00 4.68000000e+01 6.06980289e+00 4.68000000e+01 -1.57804244e+00
 4.71000000e+01 0.00000000e+00 4.71000000e+01 5.98067969e+00 4.71000000e+01 -1.64953913e+00
 4.74000000e+01 0.00000000e+00 4.74000000e+01 5.84952947e+00 4.74000000e+01 -1.76771435e+00
 4.77000000e+01 0.00000000e+00 4.77000000e+01 5.64489936e+00 4.77000000e+01 -1.25863016e+00
 4.80000000e+01 0.00000000e+00 4.80000000e+01 5.99785328e+00 4.80000000e+01 -1.90481415e+00
 4.83000000e+01 0.00000000e+00 4.83000000e+01 6.03777069e+00 4.83000000e+01 -1.95208730e+00
 4.86000000e+01 0.00000000e+00 4.86000000e+01 5.58460436e+00 4.86000000e+01 -2.22736071e+00
 4.89000000e+01 0.00000000e+00 4.89000000e+01 6.01441233e+00 4.89000000e+01 -1.64512009e+00
 4.92000000e+01 0.00000000e+00 4.92000000e+01 5.22232200e+00 4.92000000e+01 -1.69644821e+00
 4.95000000e+01 0.00000000e+00 4.95000000e+01 6.07595977e+00 4.95000000e+01 -1.53237737e+00
 4.98000000e+01 0.00000000e+00 4.98000000e+01 6.37555944e+00 4.98000000e+01 -1.18213676e+00
 5.01000000e+01 0.00000000e+00 5.01000000e+01 2.14775596e+00 5.01000000e+01 -3.36256740e+00
 5.04000000e+01 0.00000000e+00 5.04000000e+01 3.44118841e+00 5.04000000e+01 -3.80333479e+00
 5.07000000e+01 0.00000000e+00 5.07000000e+01 2.59949256e+00 5.07000000e+01 -3.63626213e+00
 5.10000000e+01 0.00000000e+00 5.10000000e+01 2.60180233e+00 5.10000000e+01 -3.70205102e+00
 5.13000000e+01 0.00000000e+00 5.13000000e+01 2.41076528e+00 5.13000000e+01 -4.01637760e+00
 5.16000000e+01 0.00000000e+00 5.16000000e+01 2.70385007e+00 5.16000000e+01 -3.67222561e+00
 5.19000000e+01 0.00000000e+00 5.19000000e+01 2.48340164e+00 5.19000000e+01 -3.62767619e+00
 5.22000000e+01 0.00000000e+00 5.22000000e+01 3.21585272e+00 5.22000000e+01 -3.79906444e+00
 5.25000000e+01 0.00000000e+00 5.25000000e+01 2.43401045e+00 5.25000000e+01 -3.69862146e+00
 5.28000000e+01 0.00000000e+00 5.28000000e+01 3.38600835e+00 5.28000000e+01 -3.45303745e+00
 5.31000000e+01 0.00000000e+00 5.31000000e+01 2.63906203e+00 5.31000000e+01 -3.01803949e+00
 5.34000000e+01 0.00000000e+00 5.34000000e+01 2.32782902e+00 5.34000000e+01 -4.05401853e+00
 5.37000000e+01 0.00000000e+00 5.37000000e+01 2.62242995e+00 5.37000000e+01 -3.46543561e+00
 5.40000000e+01 0.00000000e+00 5.40000000e+01 2.92502101e+00 5.40000000e+01 -3.69632142e+00
 5.43000000e+01 0.00000000e+00 5.43000000e+01 2.22753130e+00 5.43000000e+01 -4.31270295e+00
 5.46000000e+01 0.00000000e+00 5.46000000e+01 2.34144240e+00 5.46000000e+01 -3.63173146e+00
 5.49000000e+01 0.00000000e+00 5.49000000e+01 2.63402693e+00 5.49000000e+01 -3.81409441e+00
 5.52000000e+01 0.00000000e+00 5.52000000e+01 7.93875707e+00 5.52000000e+01 -4.49325303e+00
 5.55000000e+01 0.00000000e+00 5.55000000e+01 7.52738913e+00 5.55000000e+01 -3.93105861e+00
 5.58000000e+01 0.00000000e+00 5.58000000e+01 8.02963887e+00 5.58000000e+01 -3.83222029e+00
 5.61000000e+01 0.00000000e+00 5.61000000e+01 7.50411817e+00 5.61000000e+01 -4.25697683e+00
 5.64000000e+01 0.00000000e+00 5.64000000e+01 8.11019455e+00 5.64000000e+01 -3.79383889e+00
 5.67000000e+01 0.00000000e+00 5.67000000e+01 7.57196587e+00 5.67000000e+01 -4.01029483e+00
 5.70000000e+01 0.00000000e+00 5.70000000e+01 7.77177386e+00 5.70000000e+01 -3.96212548e+00
 5.73000000e+01 0.00000000e+00 5.73000000e+01 7.89103503e+00 5.73000000e+01 -3.86002775e+00
 5.76000000e+01 0.00000000e+00 5.76000000e+01 7.47321340e+00 5.76000000e+01 -4.78074298e+00
 5.79000000e+01 0.00000000e+00 5.79000000e+01 7.56380689e+00 5.79000000e+01 -3.78514375e+00
 5.82000000e+01 0.00000000e+00 5.82000000e+01 8.27170267e+00 5.82000000e+01 -4.41896987e+00
 5.85000000e+01 0.00000000e+00 5.85000000e+01 7.77433912e+00 5.85000000e+01 -3.71121922e+00
 5.88000000e+01 0.00000000e+00 5.88000000e+01 7.54640552e+00 5.88000000e+01 -4.37717987e+00
 5.91000000e+01 0.00000000e+00 5.91000000e+01 7.94241066e+00 5.91000000e+01 -3.98394313e+00
 5.94000000e+01 0.00000000e+00 5.94000000e+01 7.59722257e+00 5.94000000e+01 -4.34699145e+00
 5.97000000e+01 0.00000000e+00 5.97000000e+01 8.17792120e+00 5.97000000e+01 -3.96118383e+00
