 0.00000000e+00 0.00000000e+00 0.00000000e+00 6.69802153e+00 0.00000000e+00 -6.73033431e+00
 3.00000000e-01 0.00000000e+00 3.00000000e-01 6.38915065e+00 3.00000000e-01 -6.34047858e+00
 6.00000000e-01 0.00000000e+00 6.00000000e-01 6.08358472e+00 6.00000000e-01 -6.30304133e+00
 9.00000000e-01 0.00000000e+00 9.00000000e-01 6.78777085e+00 9.00000000e-01 -6.39735010e+00
 1.20000000e+00 0.00000000e+00 1.20000000e+00 6.21612374e+00 1.20000000e+00 -6.92005458e+00
 1.50000000e+00 0.00000000e+00 1.50000000e+00 6.68615020e+00 1.50000000e+00 -5.63452615e+00
 1.80000000e+00 0.00000000e+00 1.80000000e+00 6.44396790e+00 1.80000000e+00 -5.78676902e+00
 2.10000000e+00 0.00000000e+00 2.10000000e+00 6.37226531e+00 2.10000000e+00 -6.30969054e+00
 2.40000000e+00 0.00000000e+00 2.40000000e+00 6.51694105e+00 2.40000000e+00 -6.01578087e+00
 2.70000000e+00 0.00000000e+00 2.70000000e+00 6.65918603e+00 2.70000000e+00 -6.06322058e+00
 3.00000000e+00 0.00000000e+00 3.00000000e+00 6.31959715e+00 3.00000000e+00 -6.02360200e+00
 3.30000000e+00 0.00000000e+00 3.30000000e+00 6.51979099e+00 3.30000000e+00 -5.94984310e+00
 3.60000000e+00 0.00000000e+00 3.60000000e+00 6.27083849e+00 3.60000000e+00 -5.86945238e+00
 3.90000000e+00 0.00000000e+00 3.90000000e+00 6.61499351e+00 3.90000000e+00 -6.00215438e+00
 4.20000000e+00 0.00000000e+00 4.20000000e+00 6.33068318e+00 4.20000000e+00 -6.14756721e+00
 4.50000000e+00 0.00000000e+00 4.50000000e+00 6.14324652e+00 4.50000000e+00 -6.22651698e+00
 4.80000000e+00 0.00000000e+00 4.80000000e+00 6.61340895e+00 4.80000000e+00 -6.20903902e+00
 5.10000000e+00 0.00000000e+00 5.10000000e+00 6.57161846e+00 5.10000000e+00 -6.18245446e+00
 5.40000000e+00 0.00000000e+00 5.40000000e+00 6.01825227e+00 5.40000000e+00 -6.63174626e+00
 5.70000000e+00 0.00000000e+00 5.70000000e+00 6.83622672e+00 5.70000000e+00 -6.54901291e+00
 6.00000000e+00 0.00000000e+00 6.00000000e+00 6.03063108e+00 6.00000000e+00 -6.06729724e+00
 6.30000000e+00 0.00000000e+00 6.30000000e+00 6.68456529e+00 6.30000000e+00 -6.40086167e+00
 6.60000000e+00 0.00000000e+00 6.60000000e+00 5.96353183e+00 6.60000000e+00 -6.05992589e+00
 6.90000000e+00 0.00000000e+00 6.90000000e+00 6.55157724e+00 6.90000000e+00 -6.00436541e+00
 7.20000000e+00 0.00000000e+00 7.20000000e+00 6.03153630e+00 7.20000000e+00 -6.29502370e+00
 7.50000000e+00 0.00000000e+00 7.50000000e+00 6.58436756e+00 7.50000000e+00 -6.20076551e+00
 7.80000000e+00 0.00000000e+00 7.80000000e+00 6.68801460e+00 7.80000000e+00 -5.98910501e+00
 8.10000000e+00 0.00000000e+00 8.10000000e+00 5.78612232e+00 8.10000000e+00 -6.20700804e+00
 8.40000000e+00 0.00000000e+00 8.40000000e+00 6.01796615e+00 8.40000000e+00 -5.76970928e+00
 8.70000000e+00 0.00000000e+00 8.70000000e+00 7.00951329e+00 8.70000000e+00 -6.32457258e+00
 9.00000000e+00 0.00000000e+00 9.00000000e+00 7.12656877e+00 9.00000000e+00 -6.46632975e+00
 9.30000000e+00 0.00000000e+00 9.30000000e+00 6.57948272e+00 9.30000000e+00 -6.27504524e+00
 9.60000000e+00 0.00000000e+00 9.60000000e+00 6.18990770e+00 9.60000000e+00 -6.73820980e+00
 9.90000000e+00 0.00000000e+00 9.90000000e+00 6.41357436e+00 9.90000000e+00 -6.19834779e+00
 1.02000000e+01 0.00000000e+00 1.02000000e+01 6.79609466e+00 1.02000000e+01 -6.03110126e+00
 1.05000000e+01 0.00000000e+00 1.05000000e+01 6.35990844e+00 1.05000000e+01 -5.95127461e+00
 1.08000000e+01 0.00000000e+00 1.08000000e+01 6.73134010e+00 1.08000000e+01 -6.21360471e+00
 1.11000000e+01 0.00000000e+00 1.11000000e+01 6.77295387e+00 1.11000000e+01 -6.63493277e+00
 1.14000000e+01 0.00000000e+00 1.14000000e+01 6.14778479e+00 1.14000000e+01 -5.96663993e+00
 1.17000000e+01 0.00000000e+00 1.17000000e+01 6.59801598e+00 1.17000000e+01 -6.30573853e+00
 1.20000000e+01 0.00000000e+00 1.20000000e+01 6.75301475e+00 1.20000000e+01 -6.67668339e+00
 1.23000000e+01 0.00000000e+00 1.23000000e+01 7.00110315e+00 1.23000000e+01 -5.91162610e+00
 1.26000000e+01 0.00000000e+00 1.26000000e+01 6.10513605e+00 1.26000000e+01 -6.29857846e+00
 1.29000000e+01 0.00000000e+00 1.29000000e+01 6.14227783e+00 1.29000000e+01 -5.75349908e+00
 1.32000000e+01 0.00000000e+00 1.32000000e+01 5.99853254e+00 1.32000000e+01 -6.14730930e+00
 1.35000000e+01 0.00000000e+00 1.35000000e+01 6.14226064e+00 1.35000000e+01 -6.54230841e+00
 1.38000000e+01 0.00000000e+00 1.38000000e+01 6.64816271e+00 1.38000000e+01 -6.47895193e+00
 1.41000000e+01 0.00000000e+00 1.41000000e+01 6.11689507e+00 1.41000000e+01 -6.00566580e+00
 1.44000000e+01 0.00000000e+00 1.44000000e+01 6.33180648e+00 1.44000000e+01 -6.14109139e+00
 1.47000000e+01 0.00000000e+00 1.47000000e+01 6.59676456e+00 1.47000000e+01 -6.39261185e+00
 1.50000000e+01 0.00000000e+00 1.50000000e+01 6.13538370e+00 1.50000000e+01 -5.98710707e+00
 1.53000000e+01 0.00000000e+00 1.53000000e+01 1.57369110e+00 1.53000000e+01 -3.69649080e+00
 1.56000000e+01 0.00000000e+00 1.56000000e+01 1.65008130e+00 1.56000000e+01 -3.29122706e+00
 1.59000000e+01 0.00000000e+00 1.59000000e+01 6.28264058e-01 1.59000000e+01 -3.61338771e+00
 1.62000000e+01 0.00000000e+00 1.62000000e+01 1.33027639e+00 1.62000000e+01 -3.32356218e+00
 1.65000000e+01 0.00000000e+00 1.65000000e+01 7.08334545e-01 1.65000000e+01 -3.16053803e+00
 1.68000000e+01 0.00000000e+00 1.68000000e+01 1.20339337e+00 1.68000000e+01 -3.19224433e+00
 1.71000000e+01 0.00000000e+00 1.71000000e+01 1.39896401e+00 1.71000000e+01 -2.70739038e+00
 1.74000000e+01 0.00000000e+00 1.74000000e+01 1.73633916e+00 1.74000000e+01 -2.75947520e+00
 1.77000000e+01 0.00000000e+00 1.77000000e+01 1.62712829e+00 1.77000000e+01 -3.30282640e+00
 1.80000000e+01 0.00000000e+00 1.80000000e+01 1.66353705e+00 1.80000000e+01 -3.30113628e+00
 1.83000000e+01 0.00000000e+00 1.83000000e+01 2.13746235e+00 1.83000000e+01 -3.05419842e+00
 1.86000000e+01 0.00000000e+00 1.86000000e+01 1.18727862e+00 1.86000000e+01 -2.62490213e+00
 1.89000000e+01 0.00000000e+00 1.89000000e+01 1.39084956e+00 1.89000000e+01 -3.30472044e+00
 1.92000000e+01 0.00000000e+00 1.92000000e+01 6.24585124e-01 1.92000000e+01 -3.25415859e+00
 1.95000000e+01 0.00000000e+00 1.95000000e+01 1.77167078e+00 1.95000000e+01 -3.89832985e+00
 1.98000000e+01 0.00000000e+00 1.98000000e+01 1.36222070e+00 1.98000000e+01 -3.61742468e+00
 2.01000000e+01 0.00000000e+00 2.01000000e+01 8.28924913e-01 2.01000000e+01 -3.24253281e+00
 2.04000000e+01 0.00000000e+00 2.04000000e+01 1.30413861e+00 2.04000000e+01 -2.55178944e+00
 2.07000000e+01 0.00000000e+00 2.07000000e+01 8.05207192e-01 2.07000000e+01 -3.01985471e+00
 2.10000000e+01 0.00000000e+00 2.10000000e+01 1.45254493e+00 2.10000000e+01 -3.15519824e+00
 2.13000000e+01 0.00000000e+00 2.13000000e+01 1.44686614e+00 2.13000000e+01 -3.22785200e+00
 2.16000000e+01 0.00000000e+00 2.16000000e+01 1.14835930e+00 2.16000000e+01 -3.35283478e+00
 2.19000000e+01 0.00000000e+00 2.19000000e+01 8.64079958e-01 2.19000000e+01 -3.29545875e+00
 2.22000000e+01 0.00000000e+00 2.22000000e+01 9.81597036e-01 2.22000000e+01 -3.34023008e+00
 2.25000000e+01 0.00000000e+00 2.25000000e+01 1.10265583e+00 2.25000000e+01 -3.47035722e+00
 2.28000000e+01 0.00000000e+00 2.28000000e+01 1.01346828e+00 2.28000000e+01 -2.87461302e+00
 2.31000000e+01 0.00000000e+00 2.31000000e+01 1.08489097e+00 2.31000000e+01 -3.24961672e+00
 2.34000000e+01 0.00000000e+00 2.34000000e+01 9.39931253e-01 2.34000000e+01 -3.18054074e+00
 2.37000000e+01 0.00000000e+00 2.37000000e+01 6.73174584e-01 2.37000000e+01 -3.12872435e+00
 2.40000000e+01 0.00000000e+00 2.40000000e+01 1.28948788e+00 2.40000000e+01 -3.16428488e+00
 2.43000000e+01 0.00000000e+00 2.43000000e+01 1.06857052e+00 2.43000000e+01 -3.76071047e+00
 2.46000000e+01 0.00000000e+00 2.46000000e+01 1.30072723e+00 2.46000000e+01 -3.55915965e+00
 2.49000000e+01 0.00000000e+00 2.49000000e+01 1.23145910e+00 2.49000000e+01 -3.00950092e+00
 2.52000000e+01 0.00000000e+00 2.52000000e+01 1.33556804e+00 2.52000000e+01 -6.63058257e+00
 2.55000000e+01 0.00000000e+00 2.55000000e+01 1.62449675e+00 2.55000000e+01 -6.55473595e+00
 2.58000000e+01 0.00000000e+00 2.58000000e+01 1.30335255e+00 2.58000000e+01 -7.11427629e+00
 2.61000000e+01 0.00000000e+00 2.61000000e+01 2.49737466e+00 2.61000000e+01 -6.91298330e+00
 2.64000000e+01 0.00000000e+00 2.64000000e+01 2.62247868e+00 2.64000000e+01 -6.66401283e+00
 2.67000000e+01 0.00000000e+00 2.67000000e+01 1.30890243e+00 2.67000000e+01 -5.98539698e+00
 2.70000000e+01 0.00000000e+00 2.70000000e+01 1.98845479e+00 2.70000000e+01 -6.46076840e+00
 2.73000000e+01 0.00000000e+00 2.73000000e+01 1.93595963e+00 2.73000000e+01 -7.04926595e+00
 2.76000000e+01 0.00000000e+00 2.76000000e+01 1.69360578e+00 2.76000000e+01 -6.49022608e+00
 2.79000000e+01 0.00000000e+00 2.79000000e+01 1.15850450e+00 2.79000000e+01 -6.32336399e+00
 2.82000000e+01 0.00000000e+00 2.82000000e+01 1.54140414e+00 2.82000000e+01 -7.28966476e+00
 2.85000000e+01 0.00000000e+00 2.85000000e+01 1.35744321e+00 2.85000000e+01 -6.39769622e+00
 2.88000000e+01 0.00000000e+00 2.88000000e+01 1.36703831e+00 2.88000000e+01 -6.46303917e+00
 2.91000000e+01 0.00000000e+00 2.91000000e+01 1.74444480e+00 2.91000000e+01 -6.68620178e+00
 2.94000000e+01 0.00000000e+00 2.94000000e+01 1.84949990e+00 2.94000000e+01 -6.51929767e+00
 2.97000000e+01 0.00000000e+00 2.97000000e+01 1.47234937e+00 2.97000000e+01 -6.45013059e+00
 3.00000000e+01 0.00000000e+00 3.00000000e+01 1.59715813e+00 3.00000000e+01 -6.87926736e+00
 3.03000000e+01 0.00000000e+00 3.03000000e+01 1.44460092e+00 3.03000000e+01 -6.69520476e+00
 3.06000000e+01 0.00000000e+00 3.06000000e+01 1.99097430e+00 3.06000000e+01 -6.81065688e+00
 3.09000000e+01 0.00000000e+00 3.09000000e+01 2.05712475e+00 3.09000000e+01 -6.56895552e+00
 3.12000000e+01 0.00000000e+00 3.12000000e+01 1.18115295e+00 3.12000000e+01 -6.62612248e+00
 3.15000000e+01 0.00000000e+00 3.15000000e+01 1.10484291e+00 3.15000000e+01 -6.77337223e+00
 3.18000000e+01 0.00000000e+00 3.18000000e+01 1.48173850e+00 3.18000000e+01 -7.35598518e+00
 3.21000000e+01 0.00000000e+00 3.21000000e+01 2.21907994e+00 3.21000000e+01 -6.83668370e+00
 3.24000000e+01 0.00000000e+00 3.24000000e+01 1.41607162e+00 3.24000000e+01 -6.41091040e+00
 3.27000000e+01 0.00000000e+00 3.27000000e+01 2.20551981e+00 3.27000000e+01 -6.68111696e+00
 3.30000000e+01 0.00000000e+00 3.30000000e+01 1.37193093e+00 3.30000000e+01 -6.68482624e+00
 3.33000000e+01 0.00000000e+00 3.33000000e+01 1.76167209e+00 3.33000000e+01 -7.36210328e+00
 3.36000000e+01 0.00000000e+00 3.36000000e+01 2.21279304e+00 3.36000000e+01 -6.95075317e+00
 3.39000000e+01 0.00000000e+00 3.39000000e+01 1.90056895e+00 3.39000000e+01 -6.44880125e+00
 3.42000000e+01 0.00000000e+00 3.42000000e+01 7.63747731e-01 3.42000000e+01 -6.57729950e+00
 3.45000000e+01 0.00000000e+00 3.45000000e+01 1.52166248e+00 3.45000000e+01 -6.65177607e+00
 3.48000000e+01 0.00000000e+00 3.48000000e+01 1.53965412e+00 3.48000000e+01 -6.07947086e+00
 3.51000000e+01 0.00000000e+00 3.51000000e+01 6.46788024e+00 3.51000000e+01 5.74881772e-01
 3.54000000e+01 0.00000000e+00 3.54000000e+01 5.95959033e+00 3.54000000e+01 1.05088332e+00
 3.57000000e+01 0.00000000e+00 3.57000000e+01 5.77993208e+00 3.57000000e+01 6.81734718e-01
 3.60000000e+01 0.00000000e+00 3.60000000e+01 5.94057466e+00 3.60000000e+01 4.15974858e-01
 3.63000000e+01 0.00000000e+00 3.63000000e+01 5.83480162e+00 3.63000000e+01 1.01699126e+00
 3.66000000e+01 0.00000000e+00 3.66000000e+01 5.49009776e+00 3.66000000e+01 2.53130437e-01
 3.69000000e+01 0.00000000e+00 3.69000000e+01 5.47474058e+00 3.69000000e+01 8.59029057e-01
 3.72000000e+01 0.00000000e+00 3.72000000e+01 5.98012625e+00 3.72000000e+01 2.74086105e-01
 3.75000000e+01 0.00000000e+00 3.75000000e+01 6.04751198e+00 3.75000000e+01 8.88613795e-01
 3.78000000e+01 0.00000000e+00 3.78000000e+01 6.28321418e+00 3.78000000e+01 4.58992780e-01
 3.81000000e+01 0.00000000e+00 3.81000000e+01 5.35825152e+00 3.81000000e+01 1.03997756e+00
 3.84000000e+01 0.00000000e+00 3.84000000e+01 5.89666021e+00 3.84000000e+01 1.19831189e+00
 3.87000000e+01 0.00000000e+00 3.87000000e+01 5.97762869e+00 3.87000000e+01 5.41296022e-01
 3.90000000e+01 0.00000000e+00 3.90000000e+01 5.76024805e+00 3.90000000e+01 2.75551209e-01
 3.93000000e+01 0.00000000e+00 3.93000000e+01 5.72334931e+00 3.93000000e+01 2.49678024e-01
 3.96000000e+01 0.00000000e+00 3.96000000e+01 5.66180952e+00 3.96000000e+01 8.77609532e-01
 3.99000000e+01 0.00000000e+00 3.99000000e+01 5.81843838e+00 3.99000000e+01 1.89668232e-01
 4.02000000e+01 0.00000000e+00 4.02000000e+01 4.85116555e+00 4.02000000e+01 -3.06643025e+00
 4.05000000e+01 0.00000000e+00 4.05000000e+01 5.27034859e+00 4.05000000e+01 -2.77940710e+00
 4.08000000e+01 0.00000000e+00 4.08000000e+01 5.16223556e+00 4.08000000e+01 -2.53390455e+00
 4.11000000e+01 0.00000000e+00 4.11000000e+01 5.33747692e+00 4.11000000e+01 -3.12751876e+00
 4.14000000e+01 0.00000000e+00 4.14000000e+01 4.95733457e+00 4.14000000e+01 -1.97526548e+00
 4.17000000e+01 0.00000000e+00 4.17000000e+01 5.49482581e+00 4.17000000e+01 -3.11430856e+00
 4.20000000e+01 0.00000000e+00 4.20000000e+01 5.34985109e+00 4.20000000e+01 -2.79291914e+00
 4.23000000e+01 0.00000000e+00 4.23000000e+01 5.55988455e+00 4.23000000e+01 -3.26792299e+00
 4.26000000e+01 0.00000000e+00 4.26000000e+01 5.04260890e+00 4.26000000e+01 -3.20751436e+00
 4.29000000e+01 0.00000000e+00 4.29000000e+01 4.60765992e+00 4.29000000e+01 -2.50012214e+00
 4.32000000e+01 0.00000000e+00 4.32000000e+01 5.11398830e+00 4.32000000e+01 -2.63891701e+00
 4.35000000e+01 0.00000000e+00 4.35000000e+01 5.07022628e+00 4.35000000e+01 -2.86027146e+00
 4.38000000e+01 0.00000000e+00 4.38000000e+01 4.95913227e+00 4.38000000e+01 -2.62822760e+00
 4.41000000e+01 0.00000000e+00 4.41000000e+01 4.79079777e+00 4.41000000e+01 -2.90093643e+00
 4.44000000e+01 0.00000000e+00 4.44000000e+01 5.25415672e+00 4.44000000e+01 -2.83444734e+00
 4.47000000e+01 0.00000000e+00 4.47000000e+01 5.04173029e+00 4.47000000e+01 -2.58198933e+00
 4.50000000e+01 0.00000000e+00 4.50000000e+01 4.77723741e+00 4.50000000e+01 -2.16865802e+00
 4.53000000e+01 0.00000000e+00 4.53000000e+01 5.27507765e+00 4.53000000e+01 -2.96750309e+00
 4.56000000e+01 0.00000000e+00 4.56000000e+01 5.35711475e+00 4.56000000e+01 -3.68873604e+00
 4.59000000e+01 0.00000000e+00 4.59000000e+01 5.17404203e+00 4.59000000e+01 -2.22285614e+00
 4.62000000e+01 0.00000000e+00 4.62000000e+01 5.57309446e+00 4.62000000e+01 -2.25921186e+00
 4.65000000e+01 0.00000000e+00 4.65000000e+01 5.77317986e+00 4.65000000e+01 -2.36587177e+00
 4.68000000e+01 0.00000000e+00 4.68000000e+01 5.37114403e+00 4.68000000e+01 -2.94574366e+00
 4.71000000e+01 0.00000000e+00 4.71000000e+01 5.25014411e+00 4.71000000e+01 -2.77468897e+00
 4.74000000e+01 0.00000000e+00 4.74000000e+01 4.42971972e+00 4.74000000e+01 -3.16477511e+00
 4.77000000e+01 0.00000000e+00 4.77000000e+01 4.63779166e+00 4.77000000e+01 -3.37560389e+00
 4.80000000e+01 0.00000000e+00 4.80000000e+01 4.78090702e+00 4.80000000e+01 -2.26823058e+00
 4.83000000e+01 0.00000000e+00 4.83000000e+01 4.57168321e+00 4.83000000e+01 -2.76132481e+00
 4.86000000e+01 0.00000000e+00 4.86000000e+01 5.30157056e+00 4.86000000e+01 -3.08271991e+00
 4.89000000e+01 0.00000000e+00 4.89000000e+01 5.13329155e+00 4.89000000e+01 -3.67418814e+00
 4.92000000e+01 0.00000000e+00 4.92000000e+01 5.03141200e+00 4.92000000e+01 -2.73566922e+00
 4.95000000e+01 0.00000000e+00 4.95000000e+01 5.45929353e+00 4.95000000e+01 -3.74835813e+00
 4.98000000e+01 0.00000000e+00 4.98000000e+01 5.47694746e+00 4.98000000e+01 -2.83129144e+00
 5.01000000e+01 0.00000000e+00 5.01000000e+01 1.55472951e+00 5.01000000e+01 -2.84777213e+00
 5.04000000e+01 0.00000000e+00 5.04000000e+01 1.04302934e+00 5.04000000e+01 -3.15742698e+00
 5.07000000e+01 0.00000000e+00 5.07000000e+01 1.57689185e+00 5.07000000e+01 -3.51028294e+00
 5.10000000e+01 0.00000000e+00 5.10000000e+01 1.26959244e+00 5.10000000e+01 -3.57499567e+00
 5.13000000e+01 0.00000000e+00 5.13000000e+01 1.33767040e+00 5.13000000e+01 -3.40182909e+00
 5.16000000e+01 0.00000000e+00 5.16000000e+01 9.67292489e-01 5.16000000e+01 -4.06289436e+00
 5.19000000e+01 0.00000000e+00 5.19000000e+01 1.21197229e+00 5.19000000e+01 -3.55866280e+00
 5.22000000e+01 0.00000000e+00 5.22000000e+01 1.29500958e+00 5.22000000e+01 -3.64839629e+00
 5.25000000e+01 0.00000000e+00 5.25000000e+01 1.10883646e+00 5.25000000e+01 -3.86167763e+00
 5.28000000e+01 0.00000000e+00 5.28000000e+01 1.46121394e+00 5.28000000e+01 -3.28129837e+00
 5.31000000e+01 0.00000000e+00 5.31000000e+01 1.19888993e+00 5.31000000e+01 -3.28013146e+00
 5.34000000e+01 0.00000000e+00 5.34000000e+01 7.63622569e-01 5.34000000e+01 -4.25010881e+00
 5.37000000e+01 0.00000000e+00 5.37000000e+01 1.05488816e+00 5.37000000e+01 -3.56077376e+00
 5.40000000e+01 0.00000000e+00 5.40000000e+01 1.90956492e+00 5.40000000e+01 -3.63837406e+00
 5.43000000e+01 0.00000000e+00 5.43000000e+01 9.61647902e-01 5.43000000e+01 -3.56983026e+00
 5.46000000e+01 0.00000000e+00 5.46000000e+01 1.10578153e+00 5.46000000e+01 -3.54710819e+00
 5.49000000e+01 0.00000000e+00 5.49000000e+01 8.33651375e-01 5.49000000e+01 -3.82332370e+00
 5.52000000e+01 0.00000000e+00 5.52000000e+01 6.69903327e+00 5.52000000e+01 -6.38151034e+00
 5.55000000e+01 0.00000000e+00 5.55000000e+01 6.79562773e+00 5.55000000e+01 -5.85004429e+00
 5.58000000e+01 0.00000000e+00 5.58000000e+01 6.13639469e+00 5.58000000e+01 -6.31157362e+00
 5.61000000e+01 0.00000000e+00 5.61000000e+01 6.46892448e+00 5.61000000e+01 -6.55996813e+00
 5.64000000e+01 0.00000000e+00 5.64000000e+01 6.30326736e+00 5.64000000e+01 -6.58739164e+00
 5.67000000e+01 0.00000000e+00 5.67000000e+01 7.10990404e+00 5.67000000e+01 -6.19745652e+00
 5.70000000e+01 0.00000000e+00 5.70000000e+01 6.68379813e+00 5.70000000e+01 -6.05415791e+00
 5.73000000e+01 0.00000000e+00 5.73000000e+01 6.29287139e+00 5.73000000e+01 -6.66959075e+00
 5.76000000e+01 0.00000000e+00 5.76000000e+01 6.48371276e+00 5.76000000e+01 -6.29727792e+00
 5.79000000e+01 0.00000000e+00 5.79000000e+01 6.43211353e+00 5.79000000e+01 -6.38197339e+00
 5.82000000e+01 0.00000000e+00 5.82000000e+01 6.35705429e+00 5.82000000e+01 -6.12084459e+00
 5.85000000e+01 0.00000000e+00 5.85000000e+01 6.31173353e+00 5.85000000e+01 -6.30327102e+00
 5.88000000e+01 0.00000000e+00 5.88000000e+01 5.93364065e+00 5.88000000e+01 -6.08690065e+00
 5.91000000e+01 0.00000000e+00 5.91000000e+01 6.31930678e+00 5.91000000e+01 -6.50338830e+00
 5.94000000e+01 0.00000000e+00 5.94000000e+01 5.91409674e+00 5.94000000e+01 -5.63782259e+00
 5.97000000e+01 0.00000000e+00 5.97000000e+01 6.54295217e+00 5.97000000e+01 -6.53276478e+00
