 0.00000000e+00 0.00000000e+00 0.00000000e+00 7.08445513e+00 0.00000000e+00 -5.20562397e+00
 3.00000000e-01 0.00000000e+00 3.00000000e-01 7.44880927e+00 3.00000000e-01 -5.92617080e+00
 6.00000000e-01 0.00000000e+00 6.00000000e-01 6.88028545e+00 6.00000000e-01 -6.30423304e+00
 9.00000000e-01 0.00000000e+00 9.00000000e-01 7.57570518e+00 9.00000000e-01 -5.58207249e+00
 1.20000000e+00 0.00000000e+00 1.20000000e+00 6.93498300e+00 1.20000000e+00 -4.99215844e+00
 1.50000000e+00 0.00000000e+00 1.50000000e+00 7.50947802e+00 1.50000000e+00 -5.16573577e+00
 1.80000000e+00 0.00000000e+00 1.80000000e+00 7.23362145e+00 1.80000000e+00 -4.78220077e+00
 2.10000000e+00 0.00000000e+00 2.10000000e+00 6.40248496e+00 2.10000000e+00 -5.43432794e+00
 2.40000000e+00 0.00000000e+00 2.40000000e+00 7.63167800e+00 2.40000000e+00 -5.58965913e+00
 2.70000000e+00 0.00000000e+00 2.70000000e+00 7.58664383e+00 2.70000000e+00 -5.54797326e+00
 3.00000000e+00 0.00000000e+00 3.00000000e+00 7.04830578e+00 3.00000000e+00 -5.83168185e+00
 3.30000000e+00 0.00000000e+00 3.30000000e+00 7.35555658e+00 3.30000000e+00 -6.33540252e+00
 3.60000000e+00 0.00000000e+00 3.60000000e+00 7.41530589e+00 3.60000000e+00 -5.38290023e+00
 3.90000000e+00 0.00000000e+00 3.90000000e+00 7.53964766e+00 3.90000000e+00 -5.38662159e+00
 4.20000000e+00 0.00000000e+00 4.20000000e+00 7.28268722e+00 4.20000000e+00 -5.48593698e+00
 4.50000000e+00 0.00000000e+00 4.50000000e+00 7.30809738e+00 4.50000000e+00 -5.24707309e+00
 4.80000000e+00 0.00000000e+00 4.80000000e+00 7.27423932e+00 4.80000000e+00 -5.91241265e+00
 5.10000000e+00 0.00000000e+00 5.10000000e+00 7.89909222e+00 5.10000000e+00 -5.82971550e+00
 5.40000000e+00 0.00000000e+00 5.40000000e+00 7.55399345e+00 5.40000000e+00 -5.67845885e+00
 5.70000000e+00 0.00000000e+00 5.70000000e+00 7.15862890e+00 5.70000000e+00 -5.38566578e+00
 6.00000000e+00 0.00000000e+00 6.00000000e+00 7.36359633e+00 6.00000000e+00 -5.63025415e+00
 6.30000000e+00 0.00000000e+00 6.30000000e+00 7.80156730e+00 6.30000000e+00 -6.36614218e+00
 6.60000000e+00 0.00000000e+00 6.60000000e+00 6.77494672e+00 6.60000000e+00 -5.23093731e+00
 6.90000000e+00 0.00000000e+00 6.90000000e+00 7.00304488e+00 6.90000000e+00 -5.75829775e+00
 7.20000000e+00 0.00000000e+00 7.20000000e+00 7.40083852e+00 7.20000000e+00 -5.28032278e+00
 7.50000000e+00 0.00000000e+00 7.50000000e+00 7.45121919e+00 7.50000000e+00 -5.21040993e+00
 7.80000000e+00 0.00000000e+00 7.80000000e+00 7.57568206e+00 7.80000000e+00 -5.96637930e+00
 8.10000000e+00 0.00000000e+00 8.10000000e+00 7.60879127e+00 8.10000000e+00 -5.43860265e+00
 8.40000000e+00 0.00000000e+00 8.40000000e+00 7.05280343e+00 8.40000000e+00 -5.92801451e+00
 8.70000000e+00 0.00000000e+00 8.70000000e+00 7.37860317e+00 8.70000000e+00 -5.70773944e+00
 9.00000000e+00 0.00000000e+00 9.00000000e+00 7.04457812e+00 9.00000000e+00 -5.77925750e+00
 9.30000000e+00 0.00000000e+00 9.30000000e+00 7.63250823e+00 9.30000000e+00 -5.56997625e+00
 9.60000000e+00 0.00000000e+00 9.60000000e+00 7.50834642e+00 9.60000000e+00 -6.21272251e+00
 9.90000000e+00 0.00000000e+00 9.90000000e+00 7.65228453e+00 9.90000000e+00 -5.07220247e+00
 1.02000000e+01 0.00000000e+00 1.02000000e+01 7.15850381e+00 1.02000000e+01 -5.15075815e+00
 1.05000000e+01 0.00000000e+00 1.05000000e+01 7.39627196e+00 1.05000000e+01 -6.17150562e+00
 1.08000000e+01 0.00000000e+00 1.08000000e+01 6.88846963e+00 1.08000000e+01 -6.09065123e+00
 1.11000000e+01 0.00000000e+00 1.11000000e+01 7.37708279e+00 1.11000000e+01 -5.68369035e+00
 1.14000000e+01 0.00000000e+00 1.14000000e+01 7.77567801e+00 1.14000000e+01 -5.54440651e+00
 1.17000000e+01 0.00000000e+00 1.17000000e+01 7.88951440e+00 1.17000000e+01 -6.03208015e+00
 1.20000000e+01 0.00000000e+00 1.20000000e+01 7.82678592e+00 1.20000000e+01 -6.24525240e+00
 1.23000000e+01 0.00000000e+00 1.23000000e+01 7.37109749e+00 1.23000000e+01 -5.54810169e+00
 1.26000000e+01 0.00000000e+00 1.26000000e+01 6.85011498e+00 1.26000000e+01 -6.21992068e+00
 1.29000000e+01 0.00000000e+00 1.29000000e+01 6.92702409e+00 1.29000000e+01 -5.65916656e+00
 1.32000000e+01 0.00000000e+00 1.32000000e+01 7.28814026e+00 1.32000000e+01 -5.41337632e+00
 1.35000000e+01 0.00000000e+00 1.35000000e+01 7.34816157e+00 1.35000000e+01 -5.85037215e+00
 1.38000000e+01 0.00000000e+00 1.38000000e+01 7.42920941e+00 1.38000000e+01 -5.41918136e+00
 1.41000000e+01 0.00000000e+00 1.41000000e+01 7.51804321e+00 1.41000000e+01 -5.71218783e+00
 1.44000000e+01 0.00000000e+00 1.44000000e+01 6.87100385e+00 1.44000000e+01 -5.35004876e+00
 1.47000000e+01 0.00000000e+00 1.47000000e+01 7.23933432e+00 1.47000000e+01 -5.80528972e+00
 1.50000000e+01 0.00000000e+00 1.50000000e+01 7.97942796e+00 1.50000000e+01 -5.54369545e+00
 1.53000000e+01 0.00000000e+00 1.53000000e+01 1.46006323e+00 1.53000000e+01 -5.17882435e+00
 1.56000000e+01 0.00000000e+00 1.56000000e+01 2.11803087e+00 1.56000000e+01 -5.16842676e+00
 1.59000000e+01 0.00000000e+00 1.59000000e+01 1.13836939e+00 1.59000000e+01 -5.19516849e+00
 1.62000000e+01 0.00000000e+00 1.62000000e+01 1.44052193e+00 1.62000000e+01 -5.35186094e+00
 1.65000000e+01 0.00000000e+00 1.65000000e+01 1.23055501e+00 1.65000000e+01 -4.94470922e+00
 1.68000000e+01 0.00000000e+00 1.68000000e+01 1.35443507e+00 1.68000000e+01 -4.76478440e+00
 1.71000000e+01 0.00000000e+00 1.71000000e+01 1.74836696e+00 1.71000000e+01 -5.51054129e+00
 1.74000000e+01 0.00000000e+00 1.74000000e+01 1.47572015e+00 1.74000000e+01 -5.63931242e+00
 1.77000000e+01 0.00000000e+00 1.77000000e+01 1.33741301e+00 1.77000000e+01 -5.11510114e+00
 1.80000000e+01 0.00000000e+00 1.80000000e+01 1.90342167e+00 1.80000000e+01 -4.97455531e+00
 1.83000000e+01 0.00000000e+00 1.83000000e+01 1.94287731e+00 1.83000000e+01 -4.96581696e+00
 1.86000000e+01 0.00000000e+00 1.86000000e+01 1.32656923e+00 1.86000000e+01 -5.29616464e+00
 1.89000000e+01 0.00000000e+00 1.89000000e+01 1.79390865e+00 1.89000000e+01 -5.64238891e+00
 1.92000000e+01 0.00000000e+00 1.92000000e+01 1.45091313e+00 1.92000000e+01 -5.37709307e+00
 1.95000000e+01 0.00000000e+00 1.95000000e+01 2.00295396e+00 1.95000000e+01 -5.32869429e+00
 1.98000000e+01 0.00000000e+00 1.98000000e+01 1.62263384e+00 1.98000000e+01 -4.61165034e+00
 2.01000000e+01 0.00000000e+00 2.01000000e+01 1.21101904e+00 2.01000000e+01 -4.73481697e+00
 2.04000000e+01 0.00000000e+00 2.04000000e+01 9.24850931e-01 2.04000000e+01 -4.70715163e+00
 2.07000000e+01 0.00000000e+00 2.07000000e+01 9.32410202e-01 2.07000000e+01 -4.92624663e+00
 2.10000000e+01 0.00000000e+00 2.10000000e+01 1.88201197e+00 2.10000000e+01 -5.10308888e+00
 2.13000000e+01 0.00000000e+00 2.13000000e+01 1.69824534e+00 2.13000000e+01 -4.95880582e+00
 2.16000000e+01 0.00000000e+00 2.16000000e+01 1.73577255e+00 2.16000000e+01 -5.17946002e+00
 2.19000000e+01 0.00000000e+00 2.19000000e+01 1.65265249e+00 2.19000000e+01 -4.82128608e+00
 2.22000000e+01 0.00000000e+00 2.22000000e+01 1.40805338e+00 2.22000000e+01 -5.67472817e+00
 2.25000000e+01 0.00000000e+00 2.25000000e+01 1.14414938e+00 2.25000000e+01 -4.63356715e+00
 2.28000000e+01 0.00000000e+00 2.28000000e+01 1.39681782e+00 2.28000000e+01 -4.85231661e+00
 2.31000000e+01 0.00000000e+00 2.31000000e+01 1.80162994e+00 2.31000000e+01 -4.88018101e+00
 2.34000000e+01 0.00000000e+00 2.34000000e+01 1.76436693e+00 2.34000000e+01 -4.99420079e+00
 2.37000000e+01 0.00000000e+00 2.37000000e+01 1.65378440e+00 2.37000000e+01 -4.81177494e+00
 2.40000000e+01 0.00000000e+00 2.40000000e+01 1.34972490e+00 2.40000000e+01 -4.83327134e+00
 2.43000000e+01 0.00000000e+00 2.43000000e+01 1.57542096e+00 2.43000000e+01 -5.15074745e+00
 2.46000000e+01 0.00000000e+00 2.46000000e+01 1.16875013e+00 2.46000000e+01 -5.39995783e+00
 2.49000000e+01 0.00000000e+00 2.49000000e+01 1.63002001e+00 2.49000000e+01 -5.13797380e+00
 2.52000000e+01 0.00000000e+00 2.52000000e+01 6.82790274e-01 2.52000000e+01 -4.00699375e+00
 2.55000000e+01 0.00000000e+00 2.55000000e+01 5.93088168e-02 2.55000000e+01 -4.13703060e+00
 2.58000000e+01 0.00000000e+00 2.58000000e+01 8.80928291e-01 2.58000000e+01 -4.12948427e+00
 2.61000000e+01 0.00000000e+00 2.61000000e+01 7.20915389e-01 2.61000000e+01 -4.00956657e+00
 2.64000000e+01 0.00000000e+00 2.64000000e+01 3.86379452e-01 2.64000000e+01 -3.78576760e+00
 2.67000000e+01 0.00000000e+00 2.67000000e+01 7.73177430e-01 2.67000000e+01 -4.13510545e+00
 2.70000000e+01 0.00000000e+00 2.70000000e+01 1.20758964e-01 2.70000000e+01 -3.59958000e+00
 2.73000000e+01 0.00000000e+00 2.73000000e+01 6.83644154e-01 2.73000000e+01 -4.09706394e+00
 2.76000000e+01 0.00000000e+00 2.76000000e+01 1.95112390e-02 2.76000000e+01 -3.56666804e+00
 2.79000000e+01 0.00000000e+00 2.79000000e+01 2.72498550e-01 2.79000000e+01 -4.16547865e+00
 2.82000000e+01 0.00000000e+00 2.82000000e+01 7.89530049e-01 2.82000000e+01 -4.08074444e+00
 2.85000000e+01 0.00000000e+00 2.85000000e+01 2.41828844e-01 2.85000000e+01 -4.56451448e+00
 2.88000000e+01 0.00000000e+00 2.88000000e+01 6.24382936e-01 2.88000000e+01 -3.34940087e+00
 2.91000000e+01 0.00000000e+00 2.91000000e+01 5.03209471e-01 2.91000000e+01 -4.28254518e+00
 2.94000000e+01 0.00000000e+00 2.94000000e+01 7.10269239e-01 2.94000000e+01 -4.27216123e+00
 2.97000000e+01 0.00000000e+00 2.97000000e+01 6.61421322e-01 2.97000000e+01 -3.87721071e+00
 3.00000000e+01 0.00000000e+00 3.00000000e+01 5.52518927e-01 3.00000000e+01 -4.03590760e+00
 3.03000000e+01 0.00000000e+00 3.03000000e+01 -7.37302074e-02 3.03000000e+01 -4.18626268e+00
 3.06000000e+01 0.00000000e+00 3.06000000e+01 2.81807958e-01 3.06000000e+01 -3.96745371e+00
 3.09000000e+01 0.00000000e+00 3.09000000e+01 8.07808238e-02 3.09000000e+01 -4.31098909e+00
 3.12000000e+01 0.00000000e+00 3.12000000e+01 4.17016515e-01 3.12000000e+01 -3.89663873e+00
 3.15000000e+01 0.00000000e+00 3.15000000e+01 5.05308015e-01 3.15000000e+01 -4.30436606e+00
 3.18000000e+01 0.00000000e+00 3.18000000e+01 2.90931795e-01 3.18000000e+01 -3.92849013e+00
 3.21000000e+01 0.00000000e+00 3.21000000e+01 5.46616586e-01 3.21000000e+01 -4.19278394e+00
 3.24000000e+01 0.00000000e+00 3.24000000e+01 -5.63112176e-02 3.24000000e+01 -3.83140464e+00
 3.27000000e+01 0.00000000e+00 3.27000000e+01 3.84336279e-01 3.27000000e+01 -3.98368520e+00
 3.30000000e+01 0.00000000e+00 3.30000000e+01 5.10089209e-01 3.30000000e+01 -4.17433150e+00
 3.33000000e+01 0.00000000e+00 3.33000000e+01 8.84000189e-01 3.33000000e+01 -4.34020326e+00
 3.36000000e+01 0.00000000e+00 3.36000000e+01 6.52342127e-01 3.36000000e+01 -4.03581177e+00
 3.39000000e+01 0.00000000e+00 3.39000000e+01 9.54809123e-01 3.39000000e+01 -3.60570819e+00
 3.42000000e+01 0.00000000e+00 3.42000000e+01 7.80713968e-01 3.42000000e+01 -3.16127637e+00
 3.45000000e+01 0.00000000e+00 3.45000000e+01 1.18911757e-02 3.45000000e+01 -3.95092278e+00
 3.48000000e+01 0.00000000e+00 3.48000000e+01 1.67533880e-01 3.48000000e+01 -3.84322437e+00
 3.51000000e+01 0.00000000e+00 3.51000000e+01 7.80495570e+00 3.51000000e+01 -1.87935700e+00
 3.54000000e+01 0.00000000e+00 3.54000000e+01 6.63819983e+00 3.54000000e+01 -2.46520650e+00
 3.57000000e+01 0.00000000e+00 3.57000000e+01 6.65991804e+00 3.57000000e+01 -2.26039439e+00
 3.60000000e+01 0.00000000e+00 3.60000000e+01 7.22460196e+00 3.60000000e+01 -1.65015179e+00
 3.63000000e+01 0.00000000e+00 3.63000000e+01 7.31483996e+00 3.63000000e+01 -2.39414978e+00
 3.66000000e+01 0.00000000e+00 3.66000000e+01 6.61601744e+00 3.66000000e+01 -1.86004856e+00
 3.69000000e+01 0.00000000e+00 3.69000000e+01 6.89187285e+00 3.69000000e+01 -1.76426587e+00
 3.72000000e+01 0.00000000e+00 3.72000000e+01 7.09936987e+00 3.72000000e+01 -2.60655690e+00
 3.75000000e+01 0.00000000e+00 3.75000000e+01 6.81989653e+00 3.75000000e+01 -1.63882978e+00
 3.78000000e+01 0.00000000e+00 3.78000000e+01 6.90248150e+00 3.78000000e+01 -2.00525185e+00
 3.81000000e+01 0.00000000e+00 3.81000000e+01 6.70414968e+00 3.81000000e+01 -2.12987348e+00
 3.84000000e+01 0.00000000e+00 3.84000000e+01 6.31539235e+00 3.84000000e+01 -2.08828500e+00
 3.87000000e+01 0.00000000e+00 3.87000000e+01 7.45013905e+00 3.87000000e+01 -2.41224482e+00
 3.90000000e+01 0.00000000e+00 3.90000000e+01 6.88050242e+00 3.90000000e+01 -2.06072679e+00
 3.93000000e+01 0.00000000e+00 3.93000000e+01 6.63654146e+00 3.93000000e+01 -1.84666794e+00
 3.96000000e+01 0.00000000e+00 3.96000000e+01 6.91247871e+00 3.96000000e+01 -1.92362840e+00
 3.99000000e+01 0.00000000e+00 3.99000000e+01 6.96093354e+00 3.99000000e+01 -2.04246912e+00
 4.02000000e+01 0.00000000e+00 4.02000000e+01 5.93397096e+00 4.02000000e+01 -1.62194126e+00
 4.05000000e+01 0.00000000e+00 4.05000000e+01 6.14309797e+00 4.05000000e+01 -2.35302009e+00
 4.08000000e+01 0.00000000e+00 4.08000000e+01 5.78964684e+00 4.08000000e+01 -2.01297912e+00
 4.11000000e+01 0.00000000e+00 4.11000000e+01 5.94117630e+00 4.11000000e+01 -1.70361239e+00
 4.14000000e+01 0.00000000e+00 4.14000000e+01 6.10442397e+00 4.14000000e+01 -2.48607291e+00
 4.17000000e+01 0.00000000e+00 4.17000000e+01 5.28799575e+00 4.17000000e+01 -1.40070531e+00
 4.20000000e+01 0.00000000e+00 4.20000000e+01 5.73278267e+00 4.20000000e+01 -1.97271948e+00
 4.23000000e+01 0.00000000e+00 4.23000000e+01 5.89246125e+00 4.23000000e+01 -2.67526576e+00
 4.26000000e+01 0.00000000e+00 4.26000000e+01 6.16298238e+00 4.26000000e+01 -1.80067833e+00
 4.29000000e+01 0.00000000e+00 4.29000000e+01 5.92741877e+00 4.29000000e+01 -1.26923936e+00
 4.32000000e+01 0.00000000e+00 4.32000000e+01 6.62267504e+00 4.32000000e+01 -1.53055956e+00
 4.35000000e+01 0.00000000e+00 4.35000000e+01 5.92521615e+00 4.35000000e+01 -1.29408764e+00
 4.38000000e+01 0.00000000e+00 4.38000000e+01 5.99410313e+00 4.38000000e+01 -2.08542848e+00
 4.41000000e+01 0.00000000e+00 4.41000000e+01 6.52203301e+00 4.41000000e+01 -1.39888786e+00
 4.44000000e+01 0.00000000e+00 4.44000000e+01 6.41000632e+00 4.44000000e+01 -1.80914556e+00
 4.47000000e+01 0.00000000e+00 4.47000000e+01 5.98003971e+00 4.47000000e+01 -2.30603335e+00
 4.50000000e+01 0.00000000e+00 4.50000000e+01 6.24719925e+00 4.50000000e+01 -1.38552889e+00
 4.53000000e+01 0.00000000e+00 4.53000000e+01 6.58878432e+00 4.53000000e+01 -1.85959112e+00
 4.56000000e+01 0.00000000e+00 4.56000000e+01 5.94155626e+00 4.56000000e+01 -1.62330195e+00
 4.59000000e+01 0.00000000e+00 4.59000000e+01 6.05389628e+00 4.59000000e+01 -1.92660717e+00
 4.62000000e+01 0.00000000e+00 4.62000000e+01 5.67446568e+00 4.62000000e+01 -1.59512829e+00
 4.65000000e+01 0.00000000e+00 4.65000000e+01 6.02178815e+00 4.65000000e+01 -2.16913792e+00
 4.68000000e+01 0.00000000e+00 4.68000000e+01 6.12003111e+00 4.68000000e+01 -1.28174777e+00
 4.71000000e+01 0.00000000e+00 4.71000000e+01 5.99322716e+00 4.71000000e+01 -2.11464582e+00
 4.74000000e+01 0.00000000e+00 4.74000000e+01 5.52192232e+00 4.74000000e+01 -2.32216275e+00
 4.77000000e+01 0.00000000e+00 4.77000000e+01 5.77934538e+00 4.77000000e+01 -1.75317859e+00
 4.80000000e+01 0.00000000e+00 4.80000000e+01 5.62342515e+00 4.80000000e+01 -1.68288901e+00
 4.83000000e+01 0.00000000e+00 4.83000000e+01 6.69268132e+00 4.83000000e+01 -1.75401557e+00
 4.86000000e+01 0.00000000e+00 4.86000000e+01 5.67723472e+00 4.86000000e+01 -2.41761824e+00
 4.89000000e+01 0.00000000e+00 4.89000000e+01 5.40942789e+00 4.89000000e+01 -1.59759050e+00
 4.92000000e+01 0.00000000e+00 4.92000000e+01 6.02844375e+00 4.92000000e+01 -1.94733697e+00
 4.95000000e+01 0.00000000e+00 4.95000000e+01 6.01275615e+00 4.95000000e+01 -2.11343732e+00
 4.98000000e+01 0.00000000e+00 4.98000000e+01 5.83075274e+00 4.98000000e+01 -1.63280600e+00
 5.01000000e+01 0.00000000e+00 5.01000000e+01 3.01553634e+00 5.01000000e+01 -4.97907863e+00
 5.04000000e+01 0.00000000e+00 5.04000000e+01 2.56883677e+00 5.04000000e+01 -5.01162147e+00
 5.07000000e+01 0.00000000e+00 5.07000000e+01 3.53035888e+00 5.07000000e+01 -5.15846098e+00
 5.10000000e+01 0.00000000e+00 5.10000000e+01 3.60087782e+00 5.10000000e+01 -4.48730658e+00
 5.13000000e+01 0.00000000e+00 5.13000000e+01 3.29285064e+00 5.13000000e+01 -5.33698391e+00
 5.16000000e+01 0.00000000e+00 5.16000000e+01 2.43023133e+00 5.16000000e+01 -5.33026212e+00
 5.19000000e+01 0.00000000e+00 5.19000000e+01 3.41894809e+00 5.19000000e+01 -4.55236045e+00
 5.22000000e+01 0.00000000e+00 5.22000000e+01 2.95648137e+00 5.22000000e+01 -4.86762021e+00
 5.25000000e+01 0.00000000e+00 5.25000000e+01 2.95912955e+00 5.25000000e+01 -5.61654964e+00
 5.28000000e+01 0.00000000e+00 5.28000000e+01 3.28039431e+00 5.28000000e+01 -5.23680699e+00
 5.31000000e+01 0.00000000e+00 5.31000000e+01 2.64066773e+00 5.31000000e+01 -5.24686047e+00
 5.34000000e+01 0.00000000e+00 5.34000000e+01 2.59422460e+00 5.34000000e+01 -5.36781171e+00
 5.37000000e+01 0.00000000e+00 5.37000000e+01 2.61258863e+00 5.37000000e+01 -4.55375013e+00
 5.40000000e+01 0.00000000e+00 5.40000000e+01 2.97570018e+00 5.40000000e+01 -5.16120209e+00
 5.43000000e+01 0.00000000e+00 5.43000000e+01 2.94465064e+00 5.43000000e+01 -5.24691477e+00
 5.46000000e+01 0.00000000e+00 5.46000000e+01 3.08663743e+00 5.46000000e+01 -5.05792021e+00
 5.49000000e+01 0.00000000e+00 5.49000000e+01 3.39679591e+00 5.49000000e+01 -5.31752034e+00
 5.52000000e+01 0.00000000e+00 5.52000000e+01 6.85750667e+00 5.52000000e+01 -5.55690342e+00
 5.55000000e+01 0.00000000e+00 5.55000000e+01 7.58932265e+00 5.55000000e+01 -4.98854386e+00
 5.58000000e+01 0.00000000e+00 5.58000000e+01 6.88836672e+00 5.58000000e+01 -5.76493942e+00
 5.61000000e+01 0.00000000e+00 5.61000000e+01 7.23931133e+00 5.61000000e+01 -5.65769132e+00
 5.64000000e+01 0.00000000e+00 5.64000000e+01 7.11990712e+00 5.64000000e+01 -6.09490770e+00
 5.67000000e+01 0.00000000e+00 5.67000000e+01 7.17999443e+00 5.67000000e+01 -5.73079245e+00
 5.70000000e+01 0.00000000e+00 5.70000000e+01 7.49788501e+00 5.70000000e+01 -5.70890590e+00
 5.73000000e+01 0.00000000e+00 5.73000000e+01 7.30711419e+00 5.73000000e+01 -5.80783744e+00
 5.76000000e+01 0.00000000e+00 5.76000000e+01 7.04801339e+00 5.76000000e+01 -5.90104167e+00
 5.79000000e+01 0.00000000e+00 5.79000000e+01 7.15529331e+00 5.79000000e+01 -5.74465819e+00
 5.82000000e+01 0.00000000e+00 5.82000000e+01 7.17872307e+00 5.82000000e+01 -5.16564239e+00
 5.85000000e+01 0.00000000e+00 5.85000000e+01 6.89775078e+00 5.85000000e+01 -5.33299508e+00
 5.88000000e+01 0.00000000e+00 5.88000000e+01 7.07662738e+00 5.88000000e+01 -5.66124298e+00
 5.91000000e+01 0.00000000e+00 5.91000000e+01 6.91353528e+00 5.91000000e+01 -5.12080895e+00
 5.94000000e+01 0.00000000e+00 5.94000000e+01 7.02972294e+00 5.94000000e+01 -5.16190841e+00
 5.97000000e+01 0.00000000e+00 5.97000000e+01 7.66053994e+00 5.97000000e+01 -5.91510251e+00
