 0.00000000e+00 0.00000000e+00 0.00000000e+00 7.87791267e+00 0.00000000e+00 -5.29330208e+00
 3.00000000e-01 0.00000000e+00 3.00000000e-01 8.16756448e+00 3.00000000e-01 -5.02254109e+00
 6.00000000e-01 0.00000000e+00 6.00000000e-01 7.99611191e+00 6.00000000e-01 -5.79256329e+00
 9.00000000e-01 0.00000000e+00 9.00000000e-01 7.88436222e+00 9.00000000e-01 -4.64438303e+00
 1.20000000e+00 0.00000000e+00 1.20000000e+00 8.26496669e+00 1.20000000e+00 -5.33698296e+00
 1.50000000e+00 0.00000000e+00 1.50000000e+00 8.19760780e+00 1.50000000e+00 -4.89824357e+00
 1.80000000e+00 0.00000000e+00 1.80000000e+00 7.95231534e+00 1.80000000e+00 -4.98031391e+00
 2.10000000e+00 0.00000000e+00 2.10000000e+00 7.98295832e+00 2.10000000e+00 -5.05691563e+00
 2.40000000e+00 0.00000000e+00 2.40000000e+00 8.26879534e+00 2.40000000e+00 -5.29277595e+00
 2.70000000e+00 0.00000000e+00 2.70000000e+00 7.35067840e+00 2.70000000e+00 -5.65946826e+00
 3.00000000e+00 0.00000000e+00 3.00000000e+00 8.20956666e+00 3.00000000e+00 -5.43669143e+00
 3.30000000e+00 0.00000000e+00 3.30000000e+00 7.81329867e+00 3.30000000e+00 -5.22354915e+00
 3.60000000e+00 0.00000000e+00 3.60000000e+00 8.11515601e+00 3.60000000e+00 -6.01374204e+00
 3.90000000e+00 0.00000000e+00 3.90000000e+00 8.14100787e+00 3.90000000e+00 -5.05842457e+00
 4.20000000e+00 0.00000000e+00 4.20000000e+00 8.25655167e+00 4.20000000e+00 -5.53815962e+00
 4.50000000e+00 0.00000000e+00 4.50000000e+00 8.01208194e+00 4.50000000e+00 -5.30813527e+00
 4.80000000e+00 0.00000000e+00 4.80000000e+00 8.30515981e+00 4.80000000e+00 -5.39338520e+00
 5.10000000e+00 0.00000000e+00 5.10000000e+00 7.34690110e+00 5.10000000e+00 -5.66933552e+00
 5.40000000e+00 0.00000000e+00 5.40000000e+00 8.09532459e+00 5.40000000e+00 -4.85564324e+00
 5.70000000e+00 0.00000000e+00 5.70000000e+00 8.60185486e+00 5.70000000e+00 -5.28175690e+00
 6.00000000e+00 0.00000000e+00 6.00000000e+00 7.60928039e+00 6.00000000e+00 -5.52385979e+00
 6.30000000e+00 0.00000000e+00 6.30000000e+00 7.59020928e+00 6.30000000e+00 -5.07521694e+00
 6.60000000e+00 0.00000000e+00 6.60000000e+00 7.85933596e+00 6.60000000e+00 -5.68639825e+00
 6.90000000e+00 0.00000000e+00 6.90000000e+00 8.21249174e+00 6.90000000e+00 -5.49752795e+00
 7.20000000e+00 0.00000000e+00 7.20000000e+00 8.86955063e+00 7.20000000e+00 -4.86111763e+00
 7.50000000e+00 0.00000000e+00 7.50000000e+00 7.64096494e+00 7.50000000e+00 -4.83123610e+00
 7.80000000e+00 0.00000000e+00 7.80000000e+00 7.75396338e+00 7.80000000e+00 -6.12356621e+00
 8.10000000e+00 0.00000000e+00 8.10000000e+00 8.13485378e+00 8.10000000e+00 -5.14480053e+00
 8.40000000e+00 0.00000000e+00 8.40000000e+00 8.71972045e+00 8.40000000e+00 -5.12456742e+00
 8.70000000e+00 0.00000000e+00 8.70000000e+00 8.42158802e+00 8.70000000e+00 -5.13623529e+00
 9.00000000e+00 0.00000000e+00 9.00000000e+00 8.19756591e+00 9.00000000e+00 -5.26132969e+00
 9.30000000e+00 0.00000000e+00 9.30000000e+00 8.28905168e+00 9.30000000e+00 -4.76626000e+00
 9.60000000e+00 0.00000000e+00 9.60000000e+00 8.13485424e+00 9.60000000e+00 -5.33055452e+00
 9.90000000e+00 0.00000000e+00 9.90000000e+00 8.30925659e+00 9.90000000e+00 -5.52605487e+00
 1.02000000e+01 0.00000000e+00 1.02000000e+01 8.36410166e+00 1.02000000e+01 -5.31330479e+00
 1.05000000e+01 0.00000000e+00 1.05000000e+01 8.60452098e+00 1.05000000e+01 -5.54472467e+00
 1.08000000e+01 0.00000000e+00 1.08000000e+01 8.32772100e+00 1.08000000e+01 -5.40331915e+00
 1.11000000e+01 0.00000000e+00 1.11000000e+01 8.66933757e+00 1.11000000e+01 -5.61360870e+00
 1.14000000e+01 0.00000000e+00 1.14000000e+01 7.70772548e+00 1.14000000e+01 -4.98462416e+00
 1.17000000e+01 0.00000000e+00 1.17000000e+01 8.45644082e+00 1.17000000e+01 -5.28777557e+00
 1.20000000e+01 0.00000000e+00 1.20000000e+01 8.17266362e+00 1.20000000e+01 -5.41958936e+00
 1.23000000e+01 0.00000000e+00 1.23000000e+01 7.98491578e+00 1.23000000e+01 -5.43646889e+00
 1.26000000e+01 0.00000000e+00 1.26000000e+01 8.86252935e+00 1.26000000e+01 -5.68222758e+00
 1.29000000e+01 0.00000000e+00 1.29000000e+01 8.19149627e+00 1.29000000e+01 -5.19239919e+00
 1.32000000e+01 0.00000000e+00 1.32000000e+01 7.91922195e+00 1.32000000e+01 -4.81446030e+00
 1.35000000e+01 0.00000000e+00 1.35000000e+01 8.37688084e+00 1.35000000e+01 -5.26685532e+00
 1.38000000e+01 0.00000000e+00 1.38000000e+01 8.37875057e+00 1.38000000e+01 -5.34359301e+00
 1.41000000e+01 0.00000000e+00 1.41000000e+01 8.09076190e+00 1.41000000e+01 -5.84286028e+00
 1.44000000e+01 0.00000000e+00 1.44000000e+01 8.01125773e+00 1.44000000e+01 -4.66945853e+00
 1.47000000e+01 0.00000000e+00 1.47000000e+01 8.35680519e+00 1.47000000e+01 -4.77405802e+00
 1.50000000e+01 0.00000000e+00 1.50000000e+01 8.86580024e+00 1.50000000e+01 -5.42623093e+00
 1.53000000e+01 0.00000000e+00 1.53000000e+01 1.14577522e+00 1.53000000e+01 -5.49283205e+00
 1.56000000e+01 0.00000000e+00 1.56000000e+01 1.67647154e+00 1.56000000e+01 -5.30119634e+00
 1.59000000e+01 0.00000000e+00 1.59000000e+01 1.34902619e+00 1.59000000e+01 -5.21985123e+00
 1.62000000e+01 0.00000000e+00 1.62000000e+01 1.53489925e+00 1.62000000e+01 -4.96238472e+00
 1.65000000e+01 0.00000000e+00 1.65000000e+01 2.14793084e+00 1.65000000e+01 -5.76905667e+00
 1.68000000e+01 0.00000000e+00 1.68000000e+01 2.20875664e+00 1.68000000e+01 -4.91517855e+00
 1.71000000e+01 0.00000000e+00 1.71000000e+01 1.39528707e+00 1.71000000e+01 -5.24692399e+00
 1.74000000e+01 0.00000000e+00 1.74000000e+01 1.32241666e+00 1.74000000e+01 -5.30576732e+00
 1.77000000e+01 0.00000000e+00 1.77000000e+01 1.39700397e+00 1.77000000e+01 -5.37812049e+00
 1.80000000e+01 0.00000000e+00 1.80000000e+01 1.75429823e+00 1.80000000e+01 -5.68256556e+00
 1.83000000e+01 0.00000000e+00 1.83000000e+01 1.64892502e+00 1.83000000e+01 -4.94907763e+00
 1.86000000e+01 0.00000000e+00 1.86000000e+01 1.96081948e+00 1.86000000e+01 -5.46788375e+00
 1.89000000e+01 0.00000000e+00 1.89000000e+01 1.46583193e+00 1.89000000e+01 -5.13670884e+00
 1.92000000e+01 0.00000000e+00 1.92000000e+01 2.19208067e+00 1.92000000e+01 -5.58411801e+00
 1.95000000e+01 0.00000000e+00 1.95000000e+01 1.91934190e+00 1.95000000e+01 -5.36179457e+00
 1.98000000e+01 0.00000000e+00 1.98000000e+01 2.12002996e+00 1.98000000e+01 -5.16491916e+00
 2.01000000e+01 0.00000000e+00 2.01000000e+01 2.13619672e+00 2.01000000e+01 -5.25281041e+00
 2.04000000e+01 0.00000000e+00 2.04000000e+01 1.74953100e+00 2.04000000e+01 -5.28849771e+00
 2.07000000e+01 0.00000000e+00 2.07000000e+01 1.49116609e+00 2.07000000e+01 -5.45081492e+00
 2.10000000e+01 0.00000000e+00 2.10000000e+01 1.42109285e+00 2.10000000e+01 -5.47595299e+00
 2.13000000e+01 0.00000000e+00 2.13000000e+01 1.35383883e+00 2.13000000e+01 -5.27324803e+00
 2.16000000e+01 0.00000000e+00 2.16000000e+01 1.11884597e+00 2.16000000e+01 -5.31712099e+00
 2.19000000e+01 0.00000000e+00 2.19000000e+01 1.53288117e+00 2.19000000e+01 -5.95636366e+00
 2.22000000e+01 0.00000000e+00 2.22000000e+01 1.91388843e+00 2.22000000e+01 -5.50048677e+00
 2.25000000e+01 0.00000000e+00 2.25000000e+01 1.39756267e+00 2.25000000e+01 -5.68598013e+00
 2.28000000e+01 0.00000000e+00 2.28000000e+01 1.44390300e+00 2.28000000e+01 -5.10333976e+00
 2.31000000e+01 0.00000000e+00 2.31000000e+01 1.68973800e+00 2.31000000e+01 -5.56612653e+00
 2.34000000e+01 0.00000000e+00 2.34000000e+01 1.75904018e+00 2.34000000e+01 -5.73391016e+00
 2.37000000e+01 0.00000000e+00 2.37000000e+01 1.66662370e+00 2.37000000e+01 -6.06576565e+00
 2.40000000e+01 0.00000000e+00 2.40000000e+01 2.02861672e+00 2.40000000e+01 -5.50798652e+00
 2.43000000e+01 0.00000000e+00 2.43000000e+01 2.47704808e+00 2.43000000e+01 -5.45831447e+00
 2.46000000e+01 0.00000000e+00 2.46000000e+01 1.97063200e+00 2.46000000e+01 -5.93418187e+00
 2.49000000e+01 0.00000000e+00 2.49000000e+01 1.90884099e+00 2.49000000e+01 -5.49071323e+00
 2.52000000e+01 0.00000000e+00 2.52000000e+01 3.13739711e+00 2.52000000e+01 -6.40053743e+00
 2.55000000e+01 0.00000000e+00 2.55000000e+01 2.79154520e+00 2.55000000e+01 -6.31052035e+00
 2.58000000e+01 0.00000000e+00 2.58000000e+01 3.06442168e+00 2.58000000e+01 -5.99531791e+00
 2.61000000e+01 0.00000000e+00 2.61000000e+01 3.09721253e+00 2.61000000e+01 -5.79357626e+00
 2.64000000e+01 0.00000000e+00 2.64000000e+01 3.08700883e+00 2.64000000e+01 -6.33104452e+00
 2.67000000e+01 0.00000000e+00 2.67000000e+01 3.62582940e+00 2.67000000e+01 -5.74324909e+00
 2.70000000e+01 0.00000000e+00 2.70000000e+01 2.68048279e+00 2.70000000e+01 -6.37117510e+00
 2.73000000e+01 0.00000000e+00 2.73000000e+01 3.40143883e+00 2.73000000e+01 -5.95284732e+00
 2.76000000e+01 0.00000000e+00 2.76000000e+01 3.31193477e+00 2.76000000e+01 -6.00015063e+00
 2.79000000e+01 0.00000000e+00 2.79000000e+01 3.49921522e+00 2.79000000e+01 -6.35025208e+00
 2.82000000e+01 0.00000000e+00 2.82000000e+01 3.09268503e+00 2.82000000e+01 -6.02945939e+00
 2.85000000e+01 0.00000000e+00 2.85000000e+01 3.03880978e+00 2.85000000e+01 -5.96469315e+00
 2.88000000e+01 0.00000000e+00 2.88000000e+01 3.34462101e+00 2.88000000e+01 -6.07243030e+00
 2.91000000e+01 0.00000000e+00 2.91000000e+01 3.02713252e+00 2.91000000e+01 -5.71496086e+00
 2.94000000e+01 0.00000000e+00 2.94000000e+01 3.17349283e+00 2.94000000e+01 -5.61590307e+00
 2.97000000e+01 0.00000000e+00 2.97000000e+01 2.76564163e+00 2.97000000e+01 -5.98559187e+00
 3.00000000e+01 0.00000000e+00 3.00000000e+01 2.42251377e+00 3.00000000e+01 -6.56245127e+00
 3.03000000e+01 0.00000000e+00 3.03000000e+01 3.07436385e+00 3.03000000e+01 -5.81605855e+00
 3.06000000e+01 0.00000000e+00 3.06000000e+01 3.66361475e+00 3.06000000e+01 -6.22978095e+00
 3.09000000e+01 0.00000000e+00 3.09000000e+01 3.58850750e+00 3.09000000e+01 -6.01268354e+00
 3.12000000e+01 0.00000000e+00 3.12000000e+01 2.91464461e+00 3.12000000e+01 -5.88478435e+00
 3.15000000e+01 0.00000000e+00 3.15000000e+01 3.45423716e+00 3.15000000e+01 -5.81564413e+00
 3.18000000e+01 0.00000000e+00 3.18000000e+01 3.36603393e+00 3.18000000e+01 -6.24525961e+00
 3.21000000e+01 0.00000000e+00 3.21000000e+01 2.84797605e+00 3.21000000e+01 -5.83642775e+00
 3.24000000e+01 0.00000000e+00 3.24000000e+01 3.36890018e+00 3.24000000e+01 -6.43619356e+00
 3.27000000e+01 0.00000000e+00 3.27000000e+01 3.66237108e+00 3.27000000e+01 -6.36799731e+00
 3.30000000e+01 0.00000000e+00 3.30000000e+01 3.19033296e+00 3.30000000e+01 -6.06574504e+00
 3.33000000e+01 0.00000000e+00 3.33000000e+01 3.66722225e+00 3.33000000e+01 -5.97405549e+00
 3.36000000e+01 0.00000000e+00 3.36000000e+01 3.57697024e+00 3.36000000e+01 -5.28312644e+00
 3.39000000e+01 0.00000000e+00 3.39000000e+01 2.35308811e+00 3.39000000e+01 -6.09939116e+00
 3.42000000e+01 0.00000000e+00 3.42000000e+01 3.38052147e+00 3.42000000e+01 -5.49182871e+00
 3.45000000e+01 0.00000000e+00 3.45000000e+01 3.60714920e+00 3.45000000e+01 -5.17922045e+00
 3.48000000e+01 0.00000000e+00 3.48000000e+01 3.01821606e+00 3.48000000e+01 -6.06185750e+00
 3.51000000e+01 0.00000000e+00 3.51000000e+01 4.92137284e+00 3.51000000e+01 -1.75334962e+00
 3.54000000e+01 0.00000000e+00 3.54000000e+01 5.56376039e+00 3.54000000e+01 -1.74212247e+00
 3.57000000e+01 0.00000000e+00 3.57000000e+01 5.04911925e+00 3.57000000e+01 -1.69440902e+00
 3.60000000e+01 0.00000000e+00 3.60000000e+01 4.89495668e+00 3.60000000e+01 -1.70227518e+00
 3.63000000e+01 0.00000000e+00 3.63000000e+01 4.94535329e+00 3.63000000e+01 -2.15756432e+00
 3.66000000e+01 0.00000000e+00 3.66000000e+01 5.50467462e+00 3.66000000e+01 -1.81445996e+00
 3.69000000e+01 0.00000000e+00 3.69000000e+01 4.33967796e+00 3.69000000e+01 -1.20333828e+00
 3.72000000e+01 0.00000000e+00 3.72000000e+01 4.98046932e+00 3.72000000e+01 -1.53240053e+00
 3.75000000e+01 0.00000000e+00 3.75000000e+01 5.46848873e+00 3.75000000e+01 -1.09606861e+00
 3.78000000e+01 0.00000000e+00 3.78000000e+01 5.10700456e+00 3.78000000e+01 -1.50660240e+00
 3.81000000e+01 0.00000000e+00 3.81000000e+01 5.30894277e+00 3.81000000e+01 -1.58949501e+00
 3.84000000e+01 0.00000000e+00 3.84000000e+01 4.67454098e+00 3.84000000e+01 -1.63944447e+00
 3.87000000e+01 0.00000000e+00 3.87000000e+01 5.23455134e+00 3.87000000e+01 -1.38067808e+00
 3.90000000e+01 0.00000000e+00 3.90000000e+01 4.77430441e+00 3.90000000e+01 -1.62283910e+00
 3.93000000e+01 0.00000000e+00 3.93000000e+01 5.30462410e+00 3.93000000e+01 -8.37188316e-01
 3.96000000e+01 0.00000000e+00 3.96000000e+01 4.95874080e+00 3.96000000e+01 -1.12727564e+00
 3.99000000e+01 0.00000000e+00 3.99000000e+01 4.98470294e+00 3.99000000e+01 -2.37885098e+00
 4.02000000e+01 0.00000000e+00 4.02000000e+01 4.22070721e+00 4.02000000e+01 -2.14199009e+00
 4.05000000e+01 0.00000000e+00 4.05000000e+01 4.81103573e+00 4.05000000e+01 -1.71419560e+00
 4.08000000e+01 0.00000000e+00 4.08000000e+01 4.50184384e+00 4.08000000e+01 -1.94194662e+00
 4.11000000e+01 0.00000000e+00 4.11000000e+01 4.12590549e+00 4.11000000e+01 -1.87190603e+00
 4.14000000e+01 0.00000000e+00 4.14000000e+01 4.62550929e+00 4.14000000e+01 -2.26913739e+00
 4.17000000e+01 0.00000000e+00 4.17000000e+01 4.08346481e+00 4.17000000e+01 -2.66733477e+00
 4.20000000e+01 0.00000000e+00 4.20000000e+01 4.02015391e+00 4.20000000e+01 -2.45409156e+00
 4.23000000e+01 0.00000000e+00 4.23000000e+01 4.20256012e+00 4.23000000e+01 -2.28621501e+00
 4.26000000e+01 0.00000000e+00 4.26000000e+01 3.76886948e+00 4.26000000e+01 -1.89380299e+00
 4.29000000e+01 0.00000000e+00 4.29000000e+01 3.90677227e+00 4.29000000e+01 -1.53978910e+00
 4.32000000e+01 0.00000000e+00 4.32000000e+01 3.87455665e+00 4.32000000e+01 -1.08697758e+00
 4.35000000e+01 0.00000000e+00 4.35000000e+01 4.31657720e+00 4.35000000e+01 -1.74512134e+00
 4.38000000e+01 0.00000000e+00 4.38000000e+01 4.15095710e+00 4.38000000e+01 -1.69777134e+00
 4.41000000e+01 0.00000000e+00 4.41000000e+01 4.15974684e+00 4.41000000e+01 -1.48681020e+00
 4.44000000e+01 0.00000000e+00 4.44000000e+01 4.67179346e+00 4.44000000e+01 -2.23428020e+00
 4.47000000e+01 0.00000000e+00 4.47000000e+01 4.12268980e+00 4.47000000e+01 -2.08347579e+00
 4.50000000e+01 0.00000000e+00 4.50000000e+01 4.68372393e+00 4.50000000e+01 -1.95912206e+00
 4.53000000e+01 0.00000000e+00 4.53000000e+01 4.31817938e+00 4.53000000e+01 -1.71429594e+00
 4.56000000e+01 0.00000000e+00 4.56000000e+01 3.54668808e+00 4.56000000e+01 -1.97609990e+00
 4.59000000e+01 0.00000000e+00 4.59000000e+01 4.19706645e+00 4.59000000e+01 -1.86193413e+00
 4.62000000e+01 0.00000000e+00 4.62000000e+01 4.11132095e+00 4.62000000e+01 -1.98652213e+00
 4.65000000e+01 0.00000000e+00 4.65000000e+01 4.31433082e+00 4.65000000e+01 -1.96069334e+00
 4.68000000e+01 0.00000000e+00 4.68000000e+01 3.80501551e+00 4.68000000e+01 -1.66328145e+00
 4.71000000e+01 0.00000000e+00 4.71000000e+01 3.88326781e+00 4.71000000e+01 -1.84702047e+00
 4.74000000e+01 0.00000000e+00 4.74000000e+01 4.39992819e+00 4.74000000e+01 -1.72632311e+00
 4.77000000e+01 0.00000000e+00 4.77000000e+01 5.00291776e+00 4.77000000e+01 -1.98594227e+00
 4.80000000e+01 0.00000000e+00 4.80000000e+01 4.15576277e+00 4.80000000e+01 -1.56243276e+00
 4.83000000e+01 0.00000000e+00 4.83000000e+01 4.53407294e+00 4.83000000e+01 -1.93994499e+00
 4.86000000e+01 0.00000000e+00 4.86000000e+01 4.06012613e+00 4.86000000e+01 -1.48803228e+00
 4.89000000e+01 0.00000000e+00 4.89000000e+01 4.07218049e+00 4.89000000e+01 -1.46158492e+00
 4.92000000e+01 0.00000000e+00 4.92000000e+01 3.77857641e+00 4.92000000e+01 -1.84448942e+00
 4.95000000e+01 0.00000000e+00 4.95000000e+01 3.86883813e+00 4.95000000e+01 -2.05882711e+00
 4.98000000e+01 0.00000000e+00 4.98000000e+01 4.34895468e+00 4.98000000e+01 -2.82278259e+00
 5.01000000e+01 0.00000000e+00 5.01000000e+01 4.18246139e+00 5.01000000e+01 -4.57670904e+00
 5.04000000e+01 0.00000000e+00 5.04000000e+01 4.11200055e+00 5.04000000e+01 -3.53574978e+00
 5.07000000e+01 0.00000000e+00 5.07000000e+01 4.11244845e+00 5.07000000e+01 -4.47632447e+00
 5.10000000e+01 0.00000000e+00 5.10000000e+01 4.12115341e+00 5.10000000e+01 -4.32603683e+00
 5.13000000e+01 0.00000000e+00 5.13000000e+01 4.32461617e+00 5.13000000e+01 -4.22494201e+00
 5.16000000e+01 0.00000000e+00 5.16000000e+01 3.81167420e+00 5.16000000e+01 -4.13524132e+00
 5.19000000e+01 0.00000000e+00 5.19000000e+01 4.05260326e+00 5.19000000e+01 -4.56893064e+00
 5.22000000e+01 0.00000000e+00 5.22000000e+01 3.75041987e+00 5.22000000e+01 -4.11377092e+00
 5.25000000e+01 0.00000000e+00 5.25000000e+01 3.85304845e+00 5.25000000e+01 -4.02460492e+00
 5.28000000e+01 0.00000000e+00 5.28000000e+01 3.83535173e+00 5.28000000e+01 -4.93318124e+00
 5.31000000e+01 0.00000000e+00 5.31000000e+01 3.95155932e+00 5.31000000e+01 -3.40164146e+00
 5.34000000e+01 0.00000000e+00 5.34000000e+01 3.91977526e+00 5.34000000e+01 -4.47919567e+00
 5.37000000e+01 0.00000000e+00 5.37000000e+01 3.84060776e+00 5.37000000e+01 -4.50402983e+00
 5.40000000e+01 0.00000000e+00 5.40000000e+01 4.21183823e+00 5.40000000e+01 -4.29033895e+00
 5.43000000e+01 0.00000000e+00 5.43000000e+01 3.75812142e+00 5.43000000e+01 -4.91759704e+00
 5.46000000e+01 0.00000000e+00 5.46000000e+01 3.62106620e+00 5.46000000e+01 -3.92971820e+00
 5.49000000e+01 0.00000000e+00 5.49000000e+01 3.88285991e+00 5.49000000e+01 -4.39339175e+00
 5.52000000e+01 0.00000000e+00 5.52000000e+01 8.05535316e+00 5.52000000e+01 -4.89620993e+00
 5.55000000e+01 0.00000000e+00 5.55000000e+01 8.36759911e+00 5.55000000e+01 -5.56413268e+00
 5.58000000e+01 0.00000000e+00 5.58000000e+01 8.10186610e+00 5.58000000e+01 -5.42097880e+00
 5.61000000e+01 0.00000000e+00 5.61000000e+01 7.99648590e+00 5.61000000e+01 -5.52806849e+00
 5.64000000e+01 0.00000000e+00 5.64000000e+01 8.14935093e+00 5.64000000e+01 -5.45207157e+00
 5.67000000e+01 0.00000000e+00 5.67000000e+01 8.45501465e+00 5.67000000e+01 -5.51654597e+00
 5.70000000e+01 0.00000000e+00 5.70000000e+01 8.51370359e+00 5.70000000e+01 -5.17166786e+00
 5.73000000e+01 0.00000000e+00 5.73000000e+01 8.42358067e+00 5.73000000e+01 -5.48923169e+00
 5.76000000e+01 0.00000000e+00 5.76000000e+01 8.22041332e+00 5.76000000e+01 -5.20300510e+00
 5.79000000e+01 0.00000000e+00 5.79000000e+01 7.61332102e+00 5.79000000e+01 -5.25563411e+00
 5.82000000e+01 0.00000000e+00 5.82000000e+01 7.88165219e+00 5.82000000e+01 -5.21645953e+00
 5.85000000e+01 0.00000000e+00 5.85000000e+01 8.66622450e+00 5.85000000e+01 -5.76838466e+00
 5.88000000e+01 0.00000000e+00 5.88000000e+01 7.88089579e+00 5.88000000e+01 -4.98198768e+00
 5.91000000e+01 0.00000000e+00 5.91000000e+01 8.23383086e+00 5.91000000e+01 -4.70363307e+00
 5.94000000e+01 0.00000000e+00 5.94000000e+01 8.15569146e+00 5.94000000e+01 -5.79657551e+00
 5.97000000e+01 0.00000000e+00 5.97000000e+01 8.54080717e+00 5.97000000e+01 -4.94892240e+00
