 0.00000000e+00 0.00000000e+00 0.00000000e+00 6.10027960e+00 0.00000000e+00 -4.89971021e+00
 3.00000000e-01 0.00000000e+00 3.00000000e-01 6.62080752e+00 3.00000000e-01 -4.86155772e+00
 6.00000000e-01 0.00000000e+00 6.00000000e-01 6.84351495e+00 6.00000000e-01 -4.50608866e+00
 9.00000000e-01 0.00000000e+00 9.00000000e-01 7.53494763e+00 9.00000000e-01 -4.97302491e+00
 1.20000000e+00 0.00000000e+00 1.20000000e+00 7.32289037e+00 1.20000000e+00 -5.25702446e+00
 1.50000000e+00 0.00000000e+00 1.50000000e+00 7.28722942e+00 1.50000000e+00 -4.86860634e+00
 1.80000000e+00 0.00000000e+00 1.80000000e+00 7.03369230e+00 1.80000000e+00 -5.04526200e+00
 2.10000000e+00 0.00000000e+00 2.10000000e+00 6.48909563e+00 2.10000000e+00 -5.10089617e+00
 2.40000000e+00 0.00000000e+00 2.40000000e+00 6.86064902e+00 2.40000000e+00 -4.58753706e+00
 2.70000000e+00 0.00000000e+00 2.70000000e+00 7.13738440e+00 2.70000000e+00 -5.15236747e+00
 3.00000000e+00 0.00000000e+00 3.00000000e+00 6.92376978e+00 3.00000000e+00 -5.52690184e+00
 3.30000000e+00 0.00000000e+00 3.30000000e+00 7.02734458e+00 3.30000000e+00 -5.26834519e+00
 3.60000000e+00 0.00000000e+00 3.60000000e+00 6.70146012e+00 3.60000000e+00 -4.81619306e+00
 3.90000000e+00 0.00000000e+00 3.90000000e+00 6.79194394e+00 3.90000000e+00 -5.46531751e+00
 4.20000000e+00 0.00000000e+00 4.20000000e+00 6.60165208e+00 4.20000000e+00 -5.11560569e+00
 4.50000000e+00 0.00000000e+00 4.50000000e+00 7.40917950e+00 4.50000000e+00 -4.96951937e+00
 4.80000000e+00 0.00000000e+00 4.80000000e+00 6.42277009e+00 4.80000000e+00 -4.58708544e+00
 5.10000000e+00 0.00000000e+00 5.10000000e+00 6.73866899e+00 5.10000000e+00 -5.63964492e+00
 5.40000000e+00 0.00000000e+00 5.40000000e+00 6.72508487e+00 5.40000000e+00 -5.17208792e+00
 5.70000000e+00 0.00000000e+00 5.70000000e+00 6.83426346e+00 5.70000000e+00 -6.10223550e+00
 6.00000000e+00 0.00000000e+00 6.00000000e+00 7.07838699e+00 6.00000000e+00 -5.14191196e+00
 6.30000000e+00 0.00000000e+00 6.30000000e+00 6.52198285e+00 6.30000000e+00 -5.05317630e+00
 6.60000000e+00 0.00000000e+00 6.60000000e+00 7.19856576e+00 6.60000000e+00 -6.04883968e+00
 6.90000000e+00 0.00000000e+00 6.90000000e+00 7.01461709e+00 6.90000000e+00 -5.16509422e+00
 7.20000000e+00 0.00000000e+00 7.20000000e+00 7.23187679e+00 7.20000000e+00 -4.89723514e+00
 7.50000000e+00 0.00000000e+00 7.50000000e+00 6.59753455e+00 7.50000000e+00 -4.89291001e+00
 7.80000000e+00 0.00000000e+00 7.80000000e+00 7.00793446e+00 7.80000000e+00 -4.89541829e+00
 8.10000000e+00 0.00000000e+00 8.10000000e+00 7.00053905e+00 8.10000000e+00 -4.98080334e+00
 8.40000000e+00 0.00000000e+00 8.40000000e+00 7.05000775e+00 8.40000000e+00 -5.07706996e+00
 8.70000000e+00 0.00000000e+00 8.70000000e+00 7.27992148e+00 8.70000000e+00 -4.58526517e+00
 9.00000000e+00 0.00000000e+00 9.00000000e+00 6.54254994e+00 9.00000000e+00 -4.46448929e+00
 9.30000000e+00 0.00000000e+00 9.30000000e+00 6.84845204e+00 9.30000000e+00 -5.31684240e+00
 9.60000000e+00 0.00000000e+00 9.60000000e+00 6.95403926e+00 9.60000000e+00 -5.21178449e+00
 9.90000000e+00 0.00000000e+00 9.90000000e+00 7.26921042e+00 9.90000000e+00 -5.74325630e+00
 1.02000000e+01 0.00000000e+00 1.02000000e+01 7.32729225e+00 1.02000000e+01 -4.63308131e+00
 1.05000000e+01 0.00000000e+00 1.05000000e+01 6.63059558e+00 1.05000000e+01 -5.02870007e+00
 1.08000000e+01 0.00000000e+00 1.08000000e+01 6.51503143e+00 1.08000000e+01 -5.28203763e+00
 1.11000000e+01 0.00000000e+00 1.11000000e+01 6.73730442e+00 1.11000000e+01 -5.27108377e+00
 1.14000000e+01 0.00000000e+00 1.14000000e+01 7.12463847e+00 1.14000000e+01 -5.30380913e+00
 1.17000000e+01 0.00000000e+00 1.17000000e+01 6.66384313e+00 1.17000000e+01 -4.93329291e+00
 1.20000000e+01 0.00000000e+00 1.20000000e+01 6.61632720e+00 1.20000000e+01 -4.89922157e+00
 1.23000000e+01 0.00000000e+00 1.23000000e+01 6.32145256e+00 1.23000000e+01 -4.73223012e+00
 1.26000000e+01 0.00000000e+00 1.26000000e+01 7.07896655e+00 1.26000000e+01 -4.59282765e+00
 1.29000000e+01 0.00000000e+00 1.29000000e+01 6.42806823e+00 1.29000000e+01 -4.90159811e+00
 1.32000000e+01 0.00000000e+00 1.32000000e+01 6.88911683e+00 1.32000000e+01 -4.95252481e+00
 1.35000000e+01 0.00000000e+00 1.35000000e+01 7.06642473e+00 1.35000000e+01 -5.17598481e+00
 1.38000000e+01 0.00000000e+00 1.38000000e+01 7.31579786e+00 1.38000000e+01 -4.36708268e+00
 1.41000000e+01 0.00000000e+00 1.41000000e+01 6.80099278e+00 1.41000000e+01 -4.89516771e+00
 1.44000000e+01 0.00000000e+00 1.44000000e+01 7.35966016e+00 1.44000000e+01 -4.60854480e+00
 1.47000000e+01 0.00000000e+00 1.47000000e+01 6.80373647e+00 1.47000000e+01 -4.51998261e+00
 1.50000000e+01 0.00000000e+00 1.50000000e+01 6.94052494e+00 1.50000000e+01 -5.07926016e+00
 1.53000000e+01 0.00000000e+00 1.53000000e+01 3.60848214e+00 1.53000000e+01 -4.86235103e+00
 1.56000000e+01 0.00000000e+00 1.56000000e+01 3.45825265e+00 1.56000000e+01 -4.17048084e+00
 1.59000000e+01 0.00000000e+00 1.59000000e+01 4.03291219e+00 1.59000000e+01 -4.36258711e+00
 1.62000000e+01 0.00000000e+00 1.62000000e+01 3.07018944e+00 1.62000000e+01 -4.56225476e+00
 1.65000000e+01 0.00000000e+00 1.65000000e+01 3.36119962e+00 1.65000000e+01 -4.68991025e+00
 1.68000000e+01 0.00000000e+00 1.68000000e+01 4.22799038e+00 1.68000000e+01 -4.82933233e+00
 1.71000000e+01 0.00000000e+00 1.71000000e+01 3.63284673e+00 1.71000000e+01 -4.64007251e+00
 1.74000000e+01 0.00000000e+00 1.74000000e+01 3.95857914e+00 1.74000000e+01 -4.74858748e+00
 1.77000000e+01 0.00000000e+00 1.77000000e+01 3.51790017e+00 1.77000000e+01 -4.92038917e+00
 1.80000000e+01 0.00000000e+00 1.80000000e+01 2.91679649e+00 1.80000000e+01 -4.24118353e+00
 1.83000000e+01 0.00000000e+00 1.83000000e+01 3.17269337e+00 1.83000000e+01 -4.43101539e+00
 1.86000000e+01 0.00000000e+00 1.86000000e+01 3.44674080e+00 1.86000000e+01 -5.04050393e+00
 1.89000000e+01 0.00000000e+00 1.89000000e+01 3.14658095e+00 1.89000000e+01 -4.61409442e+00
 1.92000000e+01 0.00000000e+00 1.92000000e+01 3.63860150e+00 1.92000000e+01 -4.45271004e+00
 1.95000000e+01 0.00000000e+00 1.95000000e+01 3.73167522e+00 1.95000000e+01 -4.35326032e+00
 1.98000000e+01 0.00000000e+00 1.98000000e+01 3.55534915e+00 1.98000000e+01 -5.04416464e+00
 2.01000000e+01 0.00000000e+00 2.01000000e+01 3.88987527e+00 2.01000000e+01 -4.58669331e+00
 2.04000000e+01 0.00000000e+00 2.04000000e+01 3.61460455e+00 2.04000000e+01 -4.57604683e+00
 2.07000000e+01 0.00000000e+00 2.07000000e+01 4.01015227e+00 2.07000000e+01 -4.08922803e+00
 2.10000000e+01 0.00000000e+00 2.10000000e+01 3.40808877e+00 2.10000000e+01 -4.27838422e+00
 2.13000000e+01 0.00000000e+00 2.13000000e+01 4.03098881e+00 2.13000000e+01 -4.17194432e+00
 2.16000000e+01 0.00000000e+00 2.16000000e+01 3.43607159e+00 2.16000000e+01 -4.59355262e+00
 2.19000000e+01 0.00000000e+00 2.19000000e+01 4.11390301e+00 2.19000000e+01 -4.48394254e+00
 2.22000000e+01 0.00000000e+00 2.22000000e+01 3.63976700e+00 2.22000000e+01 -4.44293195e+00
 2.25000000e+01 0.00000000e+00 2.25000000e+01 4.27711395e+00 2.25000000e+01 -4.30719670e+00
 2.28000000e+01 0.00000000e+00 2.28000000e+01 3.36008482e+00 2.28000000e+01 -5.16498647e+00
 2.31000000e+01 0.00000000e+00 2.31000000e+01 3.83090681e+00 2.31000000e+01 -4.58070299e+00
 2.34000000e+01 0.00000000e+00 2.34000000e+01 4.48340555e+00 2.34000000e+01 -4.29898956e+00
 2.37000000e+01 0.00000000e+00 2.37000000e+01 4.06867168e+00 2.37000000e+01 -4.16539930e+00
 2.40000000e+01 0.00000000e+00 2.40000000e+01 3.31848950e+00 2.40000000e+01 -4.47505592e+00
 2.43000000e+01 0.00000000e+00 2.43000000e+01 3.67295175e+00 2.43000000e+01 -4.21376460e+00
 2.46000000e+01 0.00000000e+00 2.46000000e+01 3.68996672e+00 2.46000000e+01 -4.04894927e+00
 2.49000000e+01 0.00000000e+00 2.49000000e+01 3.26247283e+00 2.49000000e+01 -4.33168131e+00
 2.52000000e+01 0.00000000e+00 2.52000000e+01 1.44720637e+00 2.52000000e+01 -5.94997241e+00
 2.55000000e+01 0.00000000e+00 2.55000000e+01 9.47832298e-01 2.55000000e+01 -4.87122308e+00
 2.58000000e+01 0.00000000e+00 2.58000000e+01 4.83076853e-01 2.58000000e+01 -5.67107796e+00
 2.61000000e+01 0.00000000e+00 2.61000000e+01 5.24550927e-01 2.61000000e+01 -4.69787653e+00
 2.64000000e+01 0.00000000e+00 2.64000000e+01 1.29361269e+00 2.64000000e+01 -5.80852872e+00
 2.67000000e+01 0.00000000e+00 2.67000000e+01 7.38220390e-01 2.67000000e+01 -6.10006969e+00
 2.70000000e+01 0.00000000e+00 2.70000000e+01 1.12754200e+00 2.70000000e+01 -5.47010063e+00
 2.73000000e+01 0.00000000e+00 2.73000000e+01 1.49102537e+00 2.73000000e+01 -5.48333521e+00
 2.76000000e+01 0.00000000e+00 2.76000000e+01 6.39926573e-01 2.76000000e+01 -5.14215602e+00
 2.79000000e+01 0.00000000e+00 2.79000000e+01 8.76917143e-01 2.79000000e+01 -5.45658199e+00
 2.82000000e+01 0.00000000e+00 2.82000000e+01 -2.80320975e-01 2.82000000e+01 -5.10537692e+00
 2.85000000e+01 0.00000000e+00 2.85000000e+01 8.99028083e-01 2.85000000e+01 -5.56442818e+00
 2.88000000e+01 0.00000000e+00 2.88000000e+01 9.44732019e-01 2.88000000e+01 -5.39281808e+00
 2.91000000e+01 0.00000000e+00 2.91000000e+01 7.84987440e-01 2.91000000e+01 -5.22419470e+00
 2.94000000e+01 0.00000000e+00 2.94000000e+01 3.21605153e-01 2.94000000e+01 -5.40658550e+00
 2.97000000e+01 0.00000000e+00 2.97000000e+01 4.57983534e-01 2.97000000e+01 -5.35407478e+00
 3.00000000e+01 0.00000000e+00 3.00000000e+01 4.62535672e-01 3.00000000e+01 -5.35135662e+00
 3.03000000e+01 0.00000000e+00 3.03000000e+01 1.00847555e+00 3.03000000e+01 -5.66285645e+00
 3.06000000e+01 0.00000000e+00 3.06000000e+01 5.40671211e-01 3.06000000e+01 -4.96491322e+00
 3.09000000e+01 0.00000000e+00 3.09000000e+01 7.74901712e-01 3.09000000e+01 -5.17279886e+00
 3.12000000e+01 0.00000000e+00 3.12000000e+01 9.85478710e-01 3.12000000e+01 -5.23250207e+00
 3.15000000e+01 0.00000000e+00 3.15000000e+01 3.10476254e-01 3.15000000e+01 -5.17306641e+00
 3.18000000e+01 0.00000000e+00 3.18000000e+01 3.33686212e-01 3.18000000e+01 -4.59841016e+00
 3.21000000e+01 0.00000000e+00 3.21000000e+01 1.50609045e-02 3.21000000e+01 -5.37814860e+00
 3.24000000e+01 0.00000000e+00 3.24000000e+01 5.49276711e-01 3.24000000e+01 -5.64903553e+00
 3.27000000e+01 0.00000000e+00 3.27000000e+01 1.14162138e+00 3.27000000e+01 -5.31351266e+00
 3.30000000e+01 0.00000000e+00 3.30000000e+01 1.14355362e+00 3.30000000e+01 -5.03359609e+00
 3.33000000e+01 0.00000000e+00 3.33000000e+01 9.81364062e-01 3.33000000e+01 -4.94276819e+00
 3.36000000e+01 0.00000000e+00 3.36000000e+01 8.67779742e-01 3.36000000e+01 -5.00559368e+00
 3.39000000e+01 0.00000000e+00 3.39000000e+01 3.91662060e-01 3.39000000e+01 -5.78825533e+00
 3.42000000e+01 0.00000000e+00 3.42000000e+01 5.04337184e-01 3.42000000e+01 -4.74465405e+00
 3.45000000e+01 0.00000000e+00 3.45000000e+01 8.00971832e-01 3.45000000e+01 -6.10825527e+00
 3.48000000e+01 0.00000000e+00 3.48000000e+01 1.33149979e+00 3.48000000e+01 -5.69885447e+00
 3.51000000e+01 0.00000000e+00 3.51000000e+01 6.38482826e+00 3.51000000e+01 -2.43162116e+00
 3.54000000e+01 0.00000000e+00 3.54000000e+01 5.97341863e+00 3.54000000e+01 -2.52777482e+00
 3.57000000e+01 0.00000000e+00 3.57000000e+01 6.35506451e+00 3.57000000e+01 -2.50732342e+00
 3.60000000e+01 0.00000000e+00 3.60000000e+01 4.83352005e+00 3.60000000e+01 -2.56027437e+00
 3.63000000e+01 0.00000000e+00 3.63000000e+01 5.85521004e+00 3.63000000e+01 -1.95044898e+00
 3.66000000e+01 0.00000000e+00 3.66000000e+01 6.17668185e+00 3.66000000e+01 -2.44888926e+00
 3.69000000e+01 0.00000000e+00 3.69000000e+01 6.34608902e+00 3.69000000e+01 -2.09162179e+00
 3.72000000e+01 0.00000000e+00 3.72000000e+01 5.53680465e+00 3.72000000e+01 -2.15297955e+00
 3.75000000e+01 0.00000000e+00 3.75000000e+01 6.08358535e+00 3.75000000e+01 -2.80825562e+00
 3.78000000e+01 0.00000000e+00 3.78000000e+01 6.35022115e+00 3.78000000e+01 -1.89945281e+00
 3.81000000e+01 0.00000000e+00 3.81000000e+01 5.84734554e+00 3.81000000e+01 -2.70156485e+00
 3.84000000e+01 0.00000000e+00 3.84000000e+01 5.82109807e+00 3.84000000e+01 -2.19802792e+00
 3.87000000e+01 0.00000000e+00 3.87000000e+01 6.31259752e+00 3.87000000e+01 -2.17565416e+00
 3.90000000e+01 0.00000000e+00 3.90000000e+01 5.94525447e+00 3.90000000e+01 -2.33840645e+00
 3.93000000e+01 0.00000000e+00 3.93000000e+01 5.86603563e+00 3.93000000e+01 -2.55939866e+00
 3.96000000e+01 0.00000000e+00 3.96000000e+01 6.50641323e+00 3.96000000e+01 -2.44957528e+00
 3.99000000e+01 0.00000000e+00 3.99000000e+01 6.53532093e+00 3.99000000e+01 -2.36644700e+00
 4.02000000e+01 0.00000000e+00 4.02000000e+01 4.75185132e+00 4.02000000e+01 -7.16382924e-01
 4.05000000e+01 0.00000000e+00 4.05000000e+01 4.84721384e+00 4.05000000e+01 -1.02467077e+00
 4.08000000e+01 0.00000000e+00 4.08000000e+01 4.99052399e+00 4.08000000e+01 -1.29266827e-01
 4.11000000e+01 0.00000000e+00 4.11000000e+01 4.72938059e+00 4.11000000e+01 -3.43644365e-01
 4.14000000e+01 0.00000000e+00 4.14000000e+01 4.49392129e+00 4.14000000e+01 -7.59694973e-01
 4.17000000e+01 0.00000000e+00 4.17000000e+01 4.72828196e+00 4.17000000e+01 2.74024068e-01
 4.20000000e+01 0.00000000e+00 4.20000000e+01 4.32962988e+00 4.20000000e+01 -7.57869938e-01
 4.23000000e+01 0.00000000e+00 4.23000000e+01 4.10918232e+00 4.23000000e+01 -5.15365282e-01
 4.26000000e+01 0.00000000e+00 4.26000000e+01 5.03952483e+00 4.26000000e+01 -3.56345775e-01
 4.29000000e+01 0.00000000e+00 4.29000000e+01 4.26181396e+00 4.29000000e+01 -3.49661361e-01
 4.32000000e+01 0.00000000e+00 4.32000000e+01 4.41976031e+00 4.32000000e+01 7.07352225e-02
 4.35000000e+01 0.00000000e+00 4.35000000e+01 5.45033297e+00 4.35000000e+01 -4.21403610e-01
 4.38000000e+01 0.00000000e+00 4.38000000e+01 4.97077945e+00 4.38000000e+01 -4.92500894e-01
 4.41000000e+01 0.00000000e+00 4.41000000e+01 5.46640607e+00 4.41000000e+01 -3.54588822e-01
 4.44000000e+01 0.00000000e+00 4.44000000e+01 4.94787660e+00 4.44000000e+01 -7.59148415e-01
 4.47000000e+01 0.00000000e+00 4.47000000e+01 4.85804955e+00 4.47000000e+01 -7.85606397e-01
 4.50000000e+01 0.00000000e+00 4.50000000e+01 4.23479872e+00 4.50000000e+01 -6.10473822e-01
 4.53000000e+01 0.00000000e+00 4.53000000e+01 5.29235354e+00 4.53000000e+01 -4.21973196e-01
 4.56000000e+01 0.00000000e+00 4.56000000e+01 4.96342286e+00 4.56000000e+01 -1.11883286e+00
 4.59000000e+01 0.00000000e+00 4.59000000e+01 4.90173562e+00 4.59000000e+01 -8.61175087e-01
 4.62000000e+01 0.00000000e+00 4.62000000e+01 4.83409652e+00 4.62000000e+01 -5.32138017e-02
 4.65000000e+01 0.00000000e+00 4.65000000e+01 4.98137470e+00 4.65000000e+01 3.25489152e-02
 4.68000000e+01 0.00000000e+00 4.68000000e+01 4.69928381e+00 4.68000000e+01 -5.33566854e-01
 4.71000000e+01 0.00000000e+00 4.71000000e+01 4.75859063e+00 4.71000000e+01 -3.55248881e-01
 4.74000000e+01 0.00000000e+00 4.74000000e+01 4.81275648e+00 4.74000000e+01 -8.23392386e-01
 4.77000000e+01 0.00000000e+00 4.77000000e+01 5.51283487e+00 4.77000000e+01 -4.24907059e-01
 4.80000000e+01 0.00000000e+00 4.80000000e+01 4.50355863e+00 4.80000000e+01 -2.35099836e-01
 4.83000000e+01 0.00000000e+00 4.83000000e+01 4.79542493e+00 4.83000000e+01 -3.40369506e-01
 4.86000000e+01 0.00000000e+00 4.86000000e+01 4.37452335e+00 4.86000000e+01 -2.56068014e-02
 4.89000000e+01 0.00000000e+00 4.89000000e+01 5.09464220e+00 4.89000000e+01 -1.16859484e+00
 4.92000000e+01 0.00000000e+00 4.92000000e+01 4.16148808e+00 4.92000000e+01 -5.22965539e-01
 4.95000000e+01 0.00000000e+00 4.95000000e+01 4.63870017e+00 4.95000000e+01 -7.07996101e-01
 4.98000000e+01 0.00000000e+00 4.98000000e+01 4.78621181e+00 4.98000000e+01 -3.72526723e-01
 5.01000000e+01 0.00000000e+00 5.01000000e+01 1.86117273e+00 5.01000000e+01 -5.28632102e+00
 5.04000000e+01 0.00000000e+00 5.04000000e+01 1.87030826e+00 5.04000000e+01 -5.85708848e+00
 5.07000000e+01 0.00000000e+00 5.07000000e+01 1.70630465e+00 5.07000000e+01 -5.84660869e+00
 5.10000000e+01 0.00000000e+00 5.10000000e+01 2.32858480e+00 5.10000000e+01 -6.37093943e+00
 5.13000000e+01 0.00000000e+00 5.13000000e+01 1.88649021e+00 5.13000000e+01 -6.15244407e+00
 5.16000000e+01 0.00000000e+00 5.16000000e+01 1.96393998e+00 5.16000000e+01 -5.54821122e+00
 5.19000000e+01 0.00000000e+00 5.19000000e+01 2.52699929e+00 5.19000000e+01 -5.34369888e+00
 5.22000000e+01 0.00000000e+00 5.22000000e+01 1.98712465e+00 5.22000000e+01 -5.83400803e+00
 5.25000000e+01 0.00000000e+00 5.25000000e+01 2.26300477e+00 5.25000000e+01 -6.22540508e+00
 5.28000000e+01 0.00000000e+00 5.28000000e+01 1.85755547e+00 5.28000000e+01 -6.07525628e+00
 5.31000000e+01 0.00000000e+00 5.31000000e+01 2.34755468e+00 5.31000000e+01 -5.78218630e+00
 5.34000000e+01 0.00000000e+00 5.34000000e+01 2.39429829e+00 5.34000000e+01 -5.16035964e+00
 5.37000000e+01 0.00000000e+00 5.37000000e+01 1.80520856e+00 5.37000000e+01 -6.06563861e+00
 5.40000000e+01 0.00000000e+00 5.40000000e+01 1.96601859e+00 5.40000000e+01 -5.80101005e+00
 5.43000000e+01 0.00000000e+00 5.43000000e+01 1.84728329e+00 5.43000000e+01 -5.67101275e+00
 5.46000000e+01 0.00000000e+00 5.46000000e+01 1.98029653e+00 5.46000000e+01 -6.08426168e+00
 5.49000000e+01 0.00000000e+00 5.49000000e+01 1.91825246e+00 5.49000000e+01 -5.72592340e+00
 5.52000000e+01 0.00000000e+00 5.52000000e+01 6.87257939e+00 5.52000000e+01 -5.23292218e+00
 5.55000000e+01 0.00000000e+00 5.55000000e+01 7.17778191e+00 5.55000000e+01 -4.88775955e+00
 5.58000000e+01 0.00000000e+00 5.58000000e+01 6.16306970e+00 5.58000000e+01 -4.79523602e+00
 5.61000000e+01 0.00000000e+00 5.61000000e+01 7.14780772e+00 5.61000000e+01 -5.42016610e+00
 5.64000000e+01 0.00000000e+00 5.64000000e+01 6.83473113e+00 5.64000000e+01 -5.10032168e+00
 5.67000000e+01 0.00000000e+00 5.67000000e+01 7.24376599e+00 5.67000000e+01 -4.70164841e+00
 5.70000000e+01 0.00000000e+00 5.70000000e+01 7.11858296e+00 5.70000000e+01 -5.16789172e+00
 5.73000000e+01 0.00000000e+00 5.73000000e+01 7.50433908e+00 5.73000000e+01 -5.35252277e+00
 5.76000000e+01 0.00000000e+00 5.76000000e+01 7.13779045e+00 5.76000000e+01 -5.56999975e+00
 5.79000000e+01 0.00000000e+00 5.79000000e+01 6.93453828e+00 5.79000000e+01 -4.98078582e+00
 5.82000000e+01 0.00000000e+00 5.82000000e+01 6.75702691e+00 5.82000000e+01 -5.47270200e+00
 5.85000000e+01 0.00000000e+00 5.85000000e+01 6.48873003e+00 5.85000000e+01 -5.81553321e+00
 5.88000000e+01 0.00000000e+00 5.88000000e+01 6.50971353e+00 5.88000000e+01 -5.11729825e+00
 5.91000000e+01 0.00000000e+00 5.91000000e+01 6.68274930e+00 5.91000000e+01 -4.56157619e+00
 5.94000000e+01 0.00000000e+00 5.94000000e+01 6.68028090e+00 5.94000000e+01 -5.25998959e+00
 5.97000000e+01 0.00000000e+00 5.97000000e+01 6.51451368e+00 5.97000000e+01 -4.80872673e+00
