 0.00000000e+00 0.00000000e+00 0.00000000e+00 6.31606341e+00 0.00000000e+00 -6.39368541e+00
 3.00000000e-01 0.00000000e+00 3.00000000e-01 6.61016502e+00 3.00000000e-01 -6.52413367e+00
 6.00000000e-01 0.00000000e+00 6.00000000e-01 6.07389485e+00 6.00000000e-01 -6.70726669e+00
 9.00000000e-01 0.00000000e+00 9.00000000e-01 6.28789643e+00 9.00000000e-01 -6.84235041e+00
 1.20000000e+00 0.00000000e+00 1.20000000e+00 5.69231750e+00 1.20000000e+00 -7.46842334e+00
 1.50000000e+00 0.00000000e+00 1.50000000e+00 6.61216381e+00 1.50000000e+00 -6.09525176e+00
 1.80000000e+00 0.00000000e+00 1.80000000e+00 6.34162512e+00 1.80000000e+00 -6.46747936e+00
 2.10000000e+00 0.00000000e+00 2.10000000e+00 6.53061061e+00 2.10000000e+00 -6.26576030e+00
 2.40000000e+00 0.00000000e+00 2.40000000e+00 6.23926990e+00 2.40000000e+00 -6.09696305e+00
 2.70000000e+00 0.00000000e+00 2.70000000e+00 6.01863976e+00 2.70000000e+00 -6.60305456e+00
 3.00000000e+00 0.00000000e+00 3.00000000e+00 6.01621592e+00 3.00000000e+00 -7.07485771e+00
 3.30000000e+00 0.00000000e+00 3.30000000e+00 5.47991431e+00 3.30000000e+00 -6.75390260e+00
 3.60000000e+00 0.00000000e+00 3.60000000e+00 6.41783609e+00 3.60000000e+00 -7.31962452e+00
 3.90000000e+00 0.00000000e+00 3.90000000e+00 6.41117542e+00 3.90000000e+00 -6.86405299e+00
 4.20000000e+00 0.00000000e+00 4.20000000e+00 5.84477663e+00 4.20000000e+00 -6.97387438e+00
 4.50000000e+00 0.00000000e+00 4.50000000e+00 5.31475098e+00 4.50000000e+00 -6.30627435e+00
 4.80000000e+00 0.00000000e+00 4.80000000e+00 6.13645924e+00 4.80000000e+00 -6.71179942e+00
 5.10000000e+00 0.00000000e+00 5.10000000e+00 6.04306998e+00 5.10000000e+00 -6.29797288e+00
 5.40000000e+00 0.00000000e+00 5.40000000e+00 6.87021748e+00 5.40000000e+00 -6.47214111e+00
 5.70000000e+00 0.00000000e+00 5.70000000e+00 6.54689553e+00 5.70000000e+00 -6.46676247e+00
 6.00000000e+00 0.00000000e+00 6.00000000e+00 5.63344541e+00 6.00000000e+00 -6.35736738e+00
 6.30000000e+00 0.00000000e+00 6.30000000e+00 5.71066705e+00 6.30000000e+00 -6.86139368e+00
 6.60000000e+00 0.00000000e+00 6.60000000e+00 6.46547740e+00 6.60000000e+00 -6.09679633e+00
 6.90000000e+00 0.00000000e+00 6.90000000e+00 6.72757005e+00 6.90000000e+00 -6.72489112e+00
 7.20000000e+00 0.00000000e+00 7.20000000e+00 6.10873592e+00 7.20000000e+00 -6.61246738e+00
 7.50000000e+00 0.00000000e+00 7.50000000e+00 5.84431620e+00 7.50000000e+00 -6.31016874e+00
 7.80000000e+00 0.00000000e+00 7.80000000e+00 6.04851946e+00 7.80000000e+00 -6.59545752e+00
 8.10000000e+00 0.00000000e+00 8.10000000e+00 6.24390181e+00 8.10000000e+00 -6.78452929e+00
 8.40000000e+00 0.00000000e+00 8.40000000e+00 6.00346300e+00 8.40000000e+00 -6.62187113e+00
 8.70000000e+00 0.00000000e+00 8.70000000e+00 6.47721964e+00 8.70000000e+00 -6.56350995e+00
 9.00000000e+00 0.00000000e+00 9.00000000e+00 5.85394873e+00 9.00000000e+00 -6.69906420e+00
 9.30000000e+00 0.00000000e+00 9.30000000e+00 6.18645167e+00 9.30000000e+00 -6.51838475e+00
 9.60000000e+00 0.00000000e+00 9.60000000e+00 5.89798403e+00 9.60000000e+00 -6.64230144e+00
 9.90000000e+00 0.00000000e+00 9.90000000e+00 6.10237949e+00 9.90000000e+00 -6.21752220e+00
 1.02000000e+01 0.00000000e+00 1.02000000e+01 5.08693031e+00 1.02000000e+01 -6.73217649e+00
 1.05000000e+01 0.00000000e+00 1.05000000e+01 6.29922232e+00 1.05000000e+01 -7.15792409e+00
 1.08000000e+01 0.00000000e+00 1.08000000e+01 5.75877839e+00 1.08000000e+01 -6.76330203e+00
 1.11000000e+01 0.00000000e+00 1.11000000e+01 5.99966360e+00 1.11000000e+01 -6.11669680e+00
 1.14000000e+01 0.00000000e+00 1.14000000e+01 5.59177489e+00 1.14000000e+01 -6.36739593e+00
 1.17000000e+01 0.00000000e+00 1.17000000e+01 5.01989483e+00 1.17000000e+01 -7.06345956e+00
 1.20000000e+01 0.00000000e+00 1.20000000e+01 6.29893109e+00 1.20000000e+01 -6.70014852e+00
 1.23000000e+01 0.00000000e+00 1.23000000e+01 6.21602163e+00 1.23000000e+01 -6.87372914e+00
 1.26000000e+01 0.00000000e+00 1.26000000e+01 6.49797371e+00 1.26000000e+01 -6.26314478e+00
 1.29000000e+01 0.00000000e+00 1.29000000e+01 5.93784654e+00 1.29000000e+01 -7.07676130e+00
 1.32000000e+01 0.00000000e+00 1.32000000e+01 5.75548197e+00 1.32000000e+01 -6.82015544e+00
 1.35000000e+01 0.00000000e+00 1.35000000e+01 6.24081508e+00 1.35000000e+01 -7.15732376e+00
 1.38000000e+01 0.00000000e+00 1.38000000e+01 5.85961389e+00 1.38000000e+01 -7.04739841e+00
 1.41000000e+01 0.00000000e+00 1.41000000e+01 5.96452063e+00 1.41000000e+01 -6.73459524e+00
 1.44000000e+01 0.00000000e+00 1.44000000e+01 6.08857854e+00 1.44000000e+01 -7.40967888e+00
 1.47000000e+01 0.00000000e+00 1.47000000e+01 6.01416870e+00 1.47000000e+01 -6.08905025e+00
 1.50000000e+01 0.00000000e+00 1.50000000e+01 6.32408702e+00 1.50000000e+01 -6.37713681e+00
 1.53000000e+01 0.00000000e+00 1.53000000e+01 -6.95625117e-02 1.53000000e+01 -5.45509572e+00
 1.56000000e+01 0.00000000e+00 1.56000000e+01 -2.85783597e-01 1.56000000e+01 -5.56617594e+00
 1.59000000e+01 0.00000000e+00 1.59000000e+01 -6.95415575e-01 1.59000000e+01 -5.74006941e+00
 1.62000000e+01 0.00000000e+00 1.62000000e+01 -1.11932032e-01 1.62000000e+01 -6.42813169e+00
 1.65000000e+01 0.00000000e+00 1.65000000e+01 1.38159462e-01 1.65000000e+01 -6.11566323e+00
 1.68000000e+01 0.00000000e+00 1.68000000e+01 -2.97493609e-01 1.68000000e+01 -5.40372449e+00
 1.71000000e+01 0.00000000e+00 1.71000000e+01 -1.38634268e-01 1.71000000e+01 -6.51261629e+00
 1.74000000e+01 0.00000000e+00 1.74000000e+01 -3.24236356e-01 1.74000000e+01 -6.22891006e+00
 1.77000000e+01 0.00000000e+00 1.77000000e+01 -1.03736435e-01 1.77000000e+01 -5.88931686e+00
 1.80000000e+01 0.00000000e+00 1.80000000e+01 -3.01809864e-01 1.80000000e+01 -5.71856058e+00
 1.83000000e+01 0.00000000e+00 1.83000000e+01 2.90194240e-01 1.83000000e+01 -5.55330934e+00
 1.86000000e+01 0.00000000e+00 1.86000000e+01 -1.55334376e-01 1.86000000e+01 -5.46527359e+00
 1.89000000e+01 0.00000000e+00 1.89000000e+01 2.35633481e-02 1.89000000e+01 -6.01626617e+00
 1.92000000e+01 0.00000000e+00 1.92000000e+01 -6.00496988e-01 1.92000000e+01 -5.67775054e+00
 1.95000000e+01 0.00000000e+00 1.95000000e+01 2.50952762e-02 1.95000000e+01 -5.39982828e+00
 1.98000000e+01 0.00000000e+00 1.98000000e+01 -7.06596929e-02 1.98000000e+01 -5.92915066e+00
 2.01000000e+01 0.00000000e+00 2.01000000e+01 -3.06519298e-03 2.01000000e+01 -5.34982257e+00
 2.04000000e+01 0.00000000e+00 2.04000000e+01 1.88109858e-01 2.04000000e+01 -5.49320562e+00
 2.07000000e+01 0.00000000e+00 2.07000000e+01 -6.15224313e-02 2.07000000e+01 -5.83650995e+00
 2.10000000e+01 0.00000000e+00 2.10000000e+01 -3.42951538e-01 2.10000000e+01 -6.05098933e+00
 2.13000000e+01 0.00000000e+00 2.13000000e+01 -1.41790822e-01 2.13000000e+01 -6.56063101e+00
 2.16000000e+01 0.00000000e+00 2.16000000e+01 -2.09018440e-01 2.16000000e+01 -5.53873347e+00
 2.19000000e+01 0.00000000e+00 2.19000000e+01 2.31693658e-01 2.19000000e+01 -5.72763719e+00
 2.22000000e+01 0.00000000e+00 2.22000000e+01 1.55701540e-02 2.22000000e+01 -5.87239397e+00
 2.25000000e+01 0.00000000e+00 2.25000000e+01 -4.28567013e-01 2.25000000e+01 -5.82208902e+00
 2.28000000e+01 0.00000000e+00 2.28000000e+01 -9.81904331e-02 2.28000000e+01 -5.49177301e+00
 2.31000000e+01 0.00000000e+00 2.31000000e+01 -4.23779467e-01 2.31000000e+01 -5.63806694e+00
 2.34000000e+01 0.00000000e+00 2.34000000e+01 -6.58284007e-01 2.34000000e+01 -5.64328018e+00
 2.37000000e+01 0.00000000e+00 2.37000000e+01 -3.14687568e-01 2.37000000e+01 -5.87055708e+00
 2.40000000e+01 0.00000000e+00 2.40000000e+01 5.06885868e-01 2.40000000e+01 -5.73698584e+00
 2.43000000e+01 0.00000000e+00 2.43000000e+01 -2.21722456e-01 2.43000000e+01 -6.47814512e+00
 2.46000000e+01 0.00000000e+00 2.46000000e+01 -3.73316367e-01 2.46000000e+01 -6.33169575e+00
 2.49000000e+01 0.00000000e+00 2.49000000e+01 2.67094272e-01 2.49000000e+01 -6.23601920e+00
 2.52000000e+01 0.00000000e+00 2.52000000e+01 3.46580748e+00 2.52000000e+01 -3.54792261e+00
 2.55000000e+01 0.00000000e+00 2.55000000e+01 2.93715630e+00 2.55000000e+01 -3.96567896e+00
 2.58000000e+01 0.00000000e+00 2.58000000e+01 2.95585804e+00 2.58000000e+01 -3.88196465e+00
 2.61000000e+01 0.00000000e+00 2.61000000e+01 3.20960640e+00 2.61000000e+01 -3.65984958e+00
 2.64000000e+01 0.00000000e+00 2.64000000e+01 2.78110094e+00 2.64000000e+01 -3.29611489e+00
 2.67000000e+01 0.00000000e+00 2.67000000e+01 2.46645494e+00 2.67000000e+01 -3.72956715e+00
 2.70000000e+01 0.00000000e+00 2.70000000e+01 2.84381774e+00 2.70000000e+01 -3.81544159e+00
 2.73000000e+01 0.00000000e+00 2.73000000e+01 2.83867208e+00 2.73000000e+01 -3.94326670e+00
 2.76000000e+01 0.00000000e+00 2.76000000e+01 2.59312373e+00 2.76000000e+01 -3.52312398e+00
 2.79000000e+01 0.00000000e+00 2.79000000e+01 3.77394400e+00 2.79000000e+01 -3.71471973e+00
 2.82000000e+01 0.00000000e+00 2.82000000e+01 2.85451585e+00 2.82000000e+01 -3.98436985e+00
 2.85000000e+01 0.00000000e+00 2.85000000e+01 2.49334581e+00 2.85000000e+01 -3.49901564e+00
 2.88000000e+01 0.00000000e+00 2.88000000e+01 3.48766658e+00 2.88000000e+01 -4.19550870e+00
 2.91000000e+01 0.00000000e+00 2.91000000e+01 3.16241882e+00 2.91000000e+01 -4.09670695e+00
 2.94000000e+01 0.00000000e+00 2.94000000e+01 3.00550140e+00 2.94000000e+01 -3.58454552e+00
 2.97000000e+01 0.00000000e+00 2.97000000e+01 2.55955425e+00 2.97000000e+01 -4.11777393e+00
 3.00000000e+01 0.00000000e+00 3.00000000e+01 2.20214382e+00 3.00000000e+01 -3.77502743e+00
 3.03000000e+01 0.00000000e+00 3.03000000e+01 2.76657301e+00 3.03000000e+01 -3.93037541e+00
 3.06000000e+01 0.00000000e+00 3.06000000e+01 2.50605075e+00 3.06000000e+01 -3.68806055e+00
 3.09000000e+01 0.00000000e+00 3.09000000e+01 2.99545061e+00 3.09000000e+01 -4.01108773e+00
 3.12000000e+01 0.00000000e+00 3.12000000e+01 2.82179965e+00 3.12000000e+01 -3.46415594e+00
 3.15000000e+01 0.00000000e+00 3.15000000e+01 2.39509941e+00 3.15000000e+01 -3.76352533e+00
 3.18000000e+01 0.00000000e+00 3.18000000e+01 3.02078633e+00 3.18000000e+01 -3.06252944e+00
 3.21000000e+01 0.00000000e+00 3.21000000e+01 2.94629714e+00 3.21000000e+01 -3.61473123e+00
 3.24000000e+01 0.00000000e+00 3.24000000e+01 3.15603522e+00 3.24000000e+01 -4.24890165e+00
 3.27000000e+01 0.00000000e+00 3.27000000e+01 2.71541777e+00 3.27000000e+01 -3.51556934e+00
 3.30000000e+01 0.00000000e+00 3.30000000e+01 2.81566477e+00 3.30000000e+01 -3.89165136e+00
 3.33000000e+01 0.00000000e+00 3.33000000e+01 2.88556076e+00 3.33000000e+01 -2.89948716e+00
 3.36000000e+01 0.00000000e+00 3.36000000e+01 2.78222914e+00 3.36000000e+01 -3.17862203e+00
 3.39000000e+01 0.00000000e+00 3.39000000e+01 3.57108310e+00 3.39000000e+01 -3.29414089e+00
 3.42000000e+01 0.00000000e+00 3.42000000e+01 3.16334476e+00 3.42000000e+01 -3.39464315e+00
 3.45000000e+01 0.00000000e+00 3.45000000e+01 2.94369208e+00 3.45000000e+01 -3.67635391e+00
 3.48000000e+01 0.00000000e+00 3.48000000e+01 2.54005524e+00 3.48000000e+01 -3.23819393e+00
 3.51000000e+01 0.00000000e+00 3.51000000e+01 6.69551906e+00 3.51000000e+01 -3.46712030e+00
 3.54000000e+01 0.00000000e+00 3.54000000e+01 6.91205291e+00 3.54000000e+01 -2.63863010e+00
 3.57000000e+01 0.00000000e+00 3.57000000e+01 6.78388227e+00 3.57000000e+01 -2.71320805e+00
 3.60000000e+01 0.00000000e+00 3.60000000e+01 6.18582046e+00 3.60000000e+01 -2.75037695e+00
 3.63000000e+01 0.00000000e+00 3.63000000e+01 6.67953883e+00 3.63000000e+01 -2.98906633e+00
 3.66000000e+01 0.00000000e+00 3.66000000e+01 6.57155857e+00 3.66000000e+01 -2.75544618e+00
 3.69000000e+01 0.00000000e+00 3.69000000e+01 6.84249498e+00 3.69000000e+01 -2.96515573e+00
 3.72000000e+01 0.00000000e+00 3.72000000e+01 6.59195253e+00 3.72000000e+01 -2.83444624e+00
 3.75000000e+01 0.00000000e+00 3.75000000e+01 6.58536490e+00 3.75000000e+01 -2.95181103e+00
 3.78000000e+01 0.00000000e+00 3.78000000e+01 7.28457535e+00 3.78000000e+01 -2.91016301e+00
 3.81000000e+01 0.00000000e+00 3.81000000e+01 7.36570587e+00 3.81000000e+01 -3.47731919e+00
 3.84000000e+01 0.00000000e+00 3.84000000e+01 7.43013729e+00 3.84000000e+01 -2.47918352e+00
 3.87000000e+01 0.00000000e+00 3.87000000e+01 6.61173362e+00 3.87000000e+01 -2.57166046e+00
 3.90000000e+01 0.00000000e+00 3.90000000e+01 7.23965818e+00 3.90000000e+01 -3.03800687e+00
 3.93000000e+01 0.00000000e+00 3.93000000e+01 6.86495826e+00 3.93000000e+01 -1.94617680e+00
 3.96000000e+01 0.00000000e+00 3.96000000e+01 7.13934062e+00 3.96000000e+01 -2.75524285e+00
 3.99000000e+01 0.00000000e+00 3.99000000e+01 6.48844609e+00 3.99000000e+01 -2.87543880e+00
 4.02000000e+01 0.00000000e+00 4.02000000e+01 5.16353809e+00 4.02000000e+01 -1.26622793e+00
 4.05000000e+01 0.00000000e+00 4.05000000e+01 5.16060487e+00 4.05000000e+01 -1.13253600e+00
 4.08000000e+01 0.00000000e+00 4.08000000e+01 5.04294814e+00 4.08000000e+01 -1.05406560e+00
 4.11000000e+01 0.00000000e+00 4.11000000e+01 4.87553844e+00 4.11000000e+01 -1.29860189e+00
 4.14000000e+01 0.00000000e+00 4.14000000e+01 5.35486296e+00 4.14000000e+01 -1.03741756e+00
 4.17000000e+01 0.00000000e+00 4.17000000e+01 4.60126837e+00 4.17000000e+01 -1.49990750e+00
 4.20000000e+01 0.00000000e+00 4.20000000e+01 4.60762641e+00 4.20000000e+01 -1.33737070e+00
 4.23000000e+01 0.00000000e+00 4.23000000e+01 4.70216625e+00 4.23000000e+01 -1.10656907e+00
 4.26000000e+01 0.00000000e+00 4.26000000e+01 5.06689890e+00 4.26000000e+01 -1.53281971e+00
 4.29000000e+01 0.00000000e+00 4.29000000e+01 4.69842580e+00 4.29000000e+01 -1.64663419e+00
 4.32000000e+01 0.00000000e+00 4.32000000e+01 4.52165440e+00 4.32000000e+01 -1.13560091e+00
 4.35000000e+01 0.00000000e+00 4.35000000e+01 5.11338837e+00 4.35000000e+01 -7.18690153e-01
 4.38000000e+01 0.00000000e+00 4.38000000e+01 4.93284454e+00 4.38000000e+01 -1.31422516e+00
 4.41000000e+01 0.00000000e+00 4.41000000e+01 4.30847722e+00 4.41000000e+01 -1.09125743e+00
 4.44000000e+01 0.00000000e+00 4.44000000e+01 4.28708816e+00 4.44000000e+01 -1.54722657e+00
 4.47000000e+01 0.00000000e+00 4.47000000e+01 5.27399761e+00 4.47000000e+01 -1.76320360e+00
 4.50000000e+01 0.00000000e+00 4.50000000e+01 5.11325348e+00 4.50000000e+01 -1.10074269e+00
 4.53000000e+01 0.00000000e+00 4.53000000e+01 5.10129593e+00 4.53000000e+01 -1.77284420e+00
 4.56000000e+01 0.00000000e+00 4.56000000e+01 5.44055741e+00 4.56000000e+01 -1.07139353e+00
 4.59000000e+01 0.00000000e+00 4.59000000e+01 4.56736216e+00 4.59000000e+01 -1.73759923e+00
 4.62000000e+01 0.00000000e+00 4.62000000e+01 5.11677216e+00 4.62000000e+01 -3.80061530e-01
 4.65000000e+01 0.00000000e+00 4.65000000e+01 4.53182906e+00 4.65000000e+01 -1.41917578e+00
 4.68000000e+01 0.00000000e+00 4.68000000e+01 4.29459214e+00 4.68000000e+01 -1.42370252e+00
 4.71000000e+01 0.00000000e+00 4.71000000e+01 5.38111524e+00 4.71000000e+01 -1.22027603e+00
 4.74000000e+01 0.00000000e+00 4.74000000e+01 4.81268288e+00 4.74000000e+01 -1.31236339e+00
 4.77000000e+01 0.00000000e+00 4.77000000e+01 4.75366429e+00 4.77000000e+01 -1.38975650e+00
 4.80000000e+01 0.00000000e+00 4.80000000e+01 4.65739234e+00 4.80000000e+01 -9.97435174e-01
 4.83000000e+01 0.00000000e+00 4.83000000e+01 4.70817215e+00 4.83000000e+01 -1.58225388e+00
 4.86000000e+01 0.00000000e+00 4.86000000e+01 5.01110856e+00 4.86000000e+01 -1.02767375e+00
 4.89000000e+01 0.00000000e+00 4.89000000e+01 4.87181624e+00 4.89000000e+01 -1.54954748e+00
 4.92000000e+01 0.00000000e+00 4.92000000e+01 5.18287462e+00 4.92000000e+01 -7.40567146e-01
 4.95000000e+01 0.00000000e+00 4.95000000e+01 4.70472919e+00 4.95000000e+01 -1.42653607e+00
 4.98000000e+01 0.00000000e+00 4.98000000e+01 4.77426256e+00 4.98000000e+01 -2.03406078e+00
 5.01000000e+01 0.00000000e+00 5.01000000e+01 2.78255518e+00 5.01000000e+01 -3.24324538e+00
 5.04000000e+01 0.00000000e+00 5.04000000e+01 1.96397002e+00 5.04000000e+01 -2.97665473e+00
 5.07000000e+01 0.00000000e+00 5.07000000e+01 1.86227349e+00 5.07000000e+01 -3.54221337e+00
 5.10000000e+01 0.00000000e+00 5.10000000e+01 1.61103809e+00 5.10000000e+01 -3.45648934e+00
 5.13000000e+01 0.00000000e+00 5.13000000e+01 1.93484576e+00 5.13000000e+01 -3.57436862e+00
 5.16000000e+01 0.00000000e+00 5.16000000e+01 1.65417036e+00 5.16000000e+01 -3.50340326e+00
 5.19000000e+01 0.00000000e+00 5.19000000e+01 1.30321787e+00 5.19000000e+01 -3.07653482e+00
 5.22000000e+01 0.00000000e+00 5.22000000e+01 1.93230526e+00 5.22000000e+01 -3.70057175e+00
 5.25000000e+01 0.00000000e+00 5.25000000e+01 1.66459320e+00 5.25000000e+01 -3.70399290e+00
 5.28000000e+01 0.00000000e+00 5.28000000e+01 2.08274377e+00 5.28000000e+01 -3.52005982e+00
 5.31000000e+01 0.00000000e+00 5.31000000e+01 2.27369651e+00 5.31000000e+01 -3.06188861e+00
 5.34000000e+01 0.00000000e+00 5.34000000e+01 2.27750749e+00 5.34000000e+01 -3.17156643e+00
 5.37000000e+01 0.00000000e+00 5.37000000e+01 1.84063332e+00 5.37000000e+01 -3.36252613e+00
 5.40000000e+01 0.00000000e+00 5.40000000e+01 1.93306893e+00 5.40000000e+01 -3.71679443e+00
 5.43000000e+01 0.00000000e+00 5.43000000e+01 1.46891046e+00 5.43000000e+01 -3.09961475e+00
 5.46000000e+01 0.00000000e+00 5.46000000e+01 1.85800348e+00 5.46000000e+01 -3.42122215e+00
 5.49000000e+01 0.00000000e+00 5.49000000e+01 1.80805613e+00 5.49000000e+01 -3.95163250e+00
 5.52000000e+01 0.00000000e+00 5.52000000e+01 6.17168823e+00 5.52000000e+01 -5.97487357e+00
 5.55000000e+01 0.00000000e+00 5.55000000e+01 5.86434790e+00 5.55000000e+01 -6.92206403e+00
 5.58000000e+01 0.00000000e+00 5.58000000e+01 6.53091149e+00 5.58000000e+01 -6.42807735e+00
 5.61000000e+01 0.00000000e+00 5.61000000e+01 6.23858915e+00 5.61000000e+01 -6.52679916e+00
 5.64000000e+01 0.00000000e+00 5.64000000e+01 5.52119713e+00 5.64000000e+01 -6.70197635e+00
 5.67000000e+01 0.00000000e+00 5.67000000e+01 6.11917763e+00 5.67000000e+01 -6.98608504e+00
 5.70000000e+01 0.00000000e+00 5.70000000e+01 5.74013712e+00 5.70000000e+01 -6.28268818e+00
 5.73000000e+01 0.00000000e+00 5.73000000e+01 5.56787179e+00 5.73000000e+01 -7.12733556e+00
 5.76000000e+01 0.00000000e+00 5.76000000e+01 6.05443797e+00 5.76000000e+01 -5.77519977e+00
 5.79000000e+01 0.00000000e+00 5.79000000e+01 5.67953062e+00 5.79000000e+01 -6.73370137e+00
 5.82000000e+01 0.00000000e+00 5.82000000e+01 6.17316389e+00 5.82000000e+01 -6.47532623e+00
 5.85000000e+01 0.00000000e+00 5.85000000e+01 5.68558613e+00 5.85000000e+01 -5.97613501e+00
 5.88000000e+01 0.00000000e+00 5.88000000e+01 6.62881750e+00 5.88000000e+01 -6.30273008e+00
 5.91000000e+01 0.00000000e+00 5.91000000e+01 6.22028792e+00 5.91000000e+01 -6.56753759e+00
 5.94000000e+01 0.00000000e+00 5.94000000e+01 5.78676695e+00 5.94000000e+01 -6.89663665e+00
 5.97000000e+01 0.00000000e+00 5.97000000e+01 5.59114267e+00 5.97000000e+01 -6.76624842e+00
