 0.00000000e+00 0.00000000e+00 0.00000000e+00 7.76902540e+00 0.00000000e+00 -6.76834904e+00
 3.00000000e-01 0.00000000e+00 3.00000000e-01 7.44844234e+00 3.00000000e-01 -6.07826643e+00
 6.00000000e-01 0.00000000e+00 6.00000000e-01 7.20342373e+00 6.00000000e-01 -5.97816352e+00
 9.00000000e-01 0.00000000e+00 9.00000000e-01 7.61184835e+00 9.00000000e-01 -6.17277403e+00
 1.20000000e+00 0.00000000e+00 1.20000000e+00 7.33935743e+00 1.20000000e+00 -5.88060567e+00
 1.50000000e+00 0.00000000e+00 1.50000000e+00 6.64436093e+00 1.50000000e+00 -5.93837618e+00
 1.80000000e+00 0.00000000e+00 1.80000000e+00 7.36480803e+00 1.80000000e+00 -5.72948750e+00
 2.10000000e+00 0.00000000e+00 2.10000000e+00 6.64356999e+00 2.10000000e+00 -6.12528403e+00
 2.40000000e+00 0.00000000e+00 2.40000000e+00 6.95122644e+00 2.40000000e+00 -5.58517097e+00
 2.70000000e+00 0.00000000e+00 2.70000000e+00 7.52507982e+00 2.70000000e+00 -6.03195753e+00
 3.00000000e+00 0.00000000e+00 3.00000000e+00 7.28231875e+00 3.00000000e+00 -5.71679403e+00
 3.30000000e+00 0.00000000e+00 3.30000000e+00 7.35649692e+00 3.30000000e+00 -5.92318009e+00
 3.60000000e+00 0.00000000e+00 3.60000000e+00 6.76616014e+00 3.60000000e+00 -6.34754720e+00
 3.90000000e+00 0.00000000e+00 3.90000000e+00 6.71497143e+00 3.90000000e+00 -6.14816736e+00
 4.20000000e+00 0.00000000e+00 4.20000000e+00 7.76565746e+00 4.20000000e+00 -6.55392848e+00
 4.50000000e+00 0.00000000e+00 4.50000000e+00 6.60733515e+00 4.50000000e+00 -5.43915790e+00
 4.80000000e+00 0.00000000e+00 4.80000000e+00 7.56176127e+00 4.80000000e+00 -5.58138893e+00
 5.10000000e+00 0.00000000e+00 5.10000000e+00 7.13984783e+00 5.10000000e+00 -6.58545037e+00
 5.40000000e+00 0.00000000e+00 5.40000000e+00 7.05666775e+00 5.40000000e+00 -6.03688822e+00
 5.70000000e+00 0.00000000e+00 5.70000000e+00 7.23546764e+00 5.70000000e+00 -5.80694680e+00
 6.00000000e+00 0.00000000e+00 6.00000000e+00 7.02729350e+00 6.00000000e+00 -6.19838739e+00
 6.30000000e+00 0.00000000e+00 6.30000000e+00 6.92417846e+00 6.30000000e+00 -6.08542721e+00
 6.60000000e+00 0.00000000e+00 6.60000000e+00 7.24854222e+00 6.60000000e+00 -5.63239409e+00
 6.90000000e+00 0.00000000e+00 6.90000000e+00 7.41732240e+00 6.90000000e+00 -5.53417162e+00
 7.20000000e+00 0.00000000e+00 7.20000000e+00 7.03217003e+00 7.20000000e+00 -5.72644893e+00
 7.50000000e+00 0.00000000e+00 7.50000000e+00 6.92546060e+00 7.50000000e+00 -5.82564545e+00
 7.80000000e+00 0.00000000e+00 7.80000000e+00 7.24408530e+00 7.80000000e+00 -5.78790110e+00
 8.10000000e+00 0.00000000e+00 8.10000000e+00 7.18631511e+00 8.10000000e+00 -6.27707907e+00
 8.40000000e+00 0.00000000e+00 8.40000000e+00 6.91770119e+00 8.40000000e+00 -6.49761350e+00
 8.70000000e+00 0.00000000e+00 8.70000000e+00 6.58888992e+00 8.70000000e+00 -6.17881593e+00
 9.00000000e+00 0.00000000e+00 9.00000000e+00 6.70590570e+00 9.00000000e+00 -5.58977794e+00
 9.30000000e+00 0.00000000e+00 9.30000000e+00 7.55127553e+00 9.30000000e+00 -5.22877192e+00
 9.60000000e+00 0.00000000e+00 9.60000000e+00 7.21474261e+00 9.60000000e+00 -5.58912534e+00
 9.90000000e+00 0.00000000e+00 9.90000000e+00 7.45574460e+00 9.90000000e+00 -6.11796730e+00
 1.02000000e+01 0.00000000e+00 1.02000000e+01 7.56754480e+00 1.02000000e+01 -5.94580102e+00
 1.05000000e+01 0.00000000e+00 1.05000000e+01 6.71799275e+00 1.05000000e+01 -5.24026186e+00
 1.08000000e+01 0.00000000e+00 1.08000000e+01 7.36721435e+00 1.08000000e+01 -6.37067774e+00
 1.11000000e+01 0.00000000e+00 1.11000000e+01 7.85848343e+00 1.11000000e+01 -6.31548289e+00
 1.14000000e+01 0.00000000e+00 1.14000000e+01 7.67304987e+00 1.14000000e+01 -6.16908151e+00
 1.17000000e+01 0.00000000e+00 1.17000000e+01 7.36249618e+00 1.17000000e+01 -5.95399626e+00
 1.20000000e+01 0.00000000e+00 1.20000000e+01 7.16368575e+00 1.20000000e+01 -5.80977754e+00
 1.23000000e+01 0.00000000e+00 1.23000000e+01 7.16587285e+00 1.23000000e+01 -6.15913115e+00
 1.26000000e+01 0.00000000e+00 1.26000000e+01 6.82189355e+00 1.26000000e+01 -6.29605317e+00
 1.29000000e+01 0.00000000e+00 1.29000000e+01 7.30124235e+00 1.29000000e+01 -6.00704013e+00
 1.32000000e+01 0.00000000e+00 1.32000000e+01 7.68958366e+00 1.32000000e+01 -5.44652086e+00
 1.35000000e+01 0.00000000e+00 1.35000000e+01 6.74893292e+00 1.35000000e+01 -5.97391596e+00
 1.38000000e+01 0.00000000e+00 1.38000000e+01 6.68758813e+00 1.38000000e+01 -5.98219762e+00
 1.41000000e+01 0.00000000e+00 1.41000000e+01 7.44414824e+00 1.41000000e+01 -5.85138710e+00
 1.44000000e+01 0.00000000e+00 1.44000000e+01 7.38234715e+00 1.44000000e+01 -5.96495048e+00
 1.47000000e+01 0.00000000e+00 1.47000000e+01 7.57926951e+00 1.47000000e+01 -6.13731188e+00
 1.50000000e+01 0.00000000e+00 1.50000000e+01 7.25794137e+00 1.50000000e+01 -6.23824287e+00
 1.53000000e+01 0.00000000e+00 1.53000000e+01 1.38161660e-01 1.53000000e+01 -6.82525422e+00
 1.56000000e+01 0.00000000e+00 1.56000000e+01 -2.36069928e-01 1.56000000e+01 -6.26402056e+00
 1.59000000e+01 0.00000000e+00 1.59000000e+01 5.07087637e-02 1.59000000e+01 -7.13416985e+00
 1.62000000e+01 0.00000000e+00 1.62000000e+01 -2.12163800e-01 1.62000000e+01 -7.04022258e+00
 1.65000000e+01 0.00000000e+00 1.65000000e+01 1.16191579e-01 1.65000000e+01 -6.45773370e+00
 1.68000000e+01 0.00000000e+00 1.68000000e+01 7.93405936e-01 1.68000000e+01 -6.27750081e+00
 1.71000000e+01 0.00000000e+00 1.71000000e+01 -5.02430573e-02 1.71000000e+01 -6.91106994e+00
 1.74000000e+01 0.00000000e+00 1.74000000e+01 -5.63950907e-01 1.74000000e+01 -6.47001228e+00
 1.77000000e+01 0.00000000e+00 1.77000000e+01 2.81420026e-01 1.77000000e+01 -6.43010396e+00
 1.80000000e+01 0.00000000e+00 1.80000000e+01 5.58143586e-01 1.80000000e+01 -6.33649980e+00
 1.83000000e+01 0.00000000e+00 1.83000000e+01 -6.02167305e-01 1.83000000e+01 -6.11624250e+00
 1.86000000e+01 0.00000000e+00 1.86000000e+01 3.18883754e-02 1.86000000e+01 -6.58056398e+00
 1.89000000e+01 0.00000000e+00 1.89000000e+01 1.04626933e-01 1.89000000e+01 -6.62438740e+00
 1.92000000e+01 0.00000000e+00 1.92000000e+01 1.58689628e-01 1.92000000e+01 -5.91799360e+00
 1.95000000e+01 0.00000000e+00 1.95000000e+01 -4.77732869e-02 1.95000000e+01 -5.96168029e+00
 1.98000000e+01 0.00000000e+00 1.98000000e+01 3.45295437e-01 1.98000000e+01 -6.93412194e+00
 2.01000000e+01 0.00000000e+00 2.01000000e+01 9.12252840e-02 2.01000000e+01 -6.32076515e+00
 2.04000000e+01 0.00000000e+00 2.04000000e+01 4.22617352e-01 2.04000000e+01 -6.34959350e+00
 2.07000000e+01 0.00000000e+00 2.07000000e+01 -4.11296675e-02 2.07000000e+01 -6.38448535e+00
 2.10000000e+01 0.00000000e+00 2.10000000e+01 1.69004513e-01 2.10000000e+01 -6.68632353e+00
 2.13000000e+01 0.00000000e+00 2.13000000e+01 8.14716567e-01 2.13000000e+01 -6.46354131e+00
 2.16000000e+01 0.00000000e+00 2.16000000e+01 3.76907570e-01 2.16000000e+01 -6.12890092e+00
 2.19000000e+01 0.00000000e+00 2.19000000e+01 3.07682218e-01 2.19000000e+01 -5.97128150e+00
 2.22000000e+01 0.00000000e+00 2.22000000e+01 -3.41459476e-01 2.22000000e+01 -6.31072445e+00
 2.25000000e+01 0.00000000e+00 2.25000000e+01 4.76285822e-01 2.25000000e+01 -6.62540465e+00
 2.28000000e+01 0.00000000e+00 2.28000000e+01 -4.29868004e-01 2.28000000e+01 -6.36687888e+00
 2.31000000e+01 0.00000000e+00 2.31000000e+01 -4.46492773e-01 2.31000000e+01 -6.76042510e+00
 2.34000000e+01 0.00000000e+00 2.34000000e+01 1.29094513e-01 2.34000000e+01 -5.52751591e+00
 2.37000000e+01 0.00000000e+00 2.37000000e+01 6.78090880e-01 2.37000000e+01 -6.05329456e+00
 2.40000000e+01 0.00000000e+00 2.40000000e+01 -4.81615694e-01 2.40000000e+01 -6.63018434e+00
 2.43000000e+01 0.00000000e+00 2.43000000e+01 3.31780368e-01 2.43000000e+01 -6.33486836e+00
 2.46000000e+01 0.00000000e+00 2.46000000e+01 1.10893107e-01 2.46000000e+01 -6.28468516e+00
 2.49000000e+01 0.00000000e+00 2.49000000e+01 2.08375717e-01 2.49000000e+01 -6.89643737e+00
 2.52000000e+01 0.00000000e+00 2.52000000e+01 2.01468163e+00 2.52000000e+01 -5.32408321e+00
 2.55000000e+01 0.00000000e+00 2.55000000e+01 2.15825897e+00 2.55000000e+01 -5.08888646e+00
 2.58000000e+01 0.00000000e+00 2.58000000e+01 2.14087199e+00 2.58000000e+01 -5.00706901e+00
 2.61000000e+01 0.00000000e+00 2.61000000e+01 2.33817283e+00 2.61000000e+01 -4.71691641e+00
 2.64000000e+01 0.00000000e+00 2.64000000e+01 2.06165196e+00 2.64000000e+01 -4.88593576e+00
 2.67000000e+01 0.00000000e+00 2.67000000e+01 2.00287957e+00 2.67000000e+01 -5.94787135e+00
 2.70000000e+01 0.00000000e+00 2.70000000e+01 2.49451999e+00 2.70000000e+01 -4.76261825e+00
 2.73000000e+01 0.00000000e+00 2.73000000e+01 2.49379517e+00 2.73000000e+01 -4.08823429e+00
 2.76000000e+01 0.00000000e+00 2.76000000e+01 1.81791097e+00 2.76000000e+01 -5.62941383e+00
 2.79000000e+01 0.00000000e+00 2.79000000e+01 2.54359907e+00 2.79000000e+01 -5.22871182e+00
 2.82000000e+01 0.00000000e+00 2.82000000e+01 2.39766622e+00 2.82000000e+01 -5.69269510e+00
 2.85000000e+01 0.00000000e+00 2.85000000e+01 2.27066021e+00 2.85000000e+01 -4.71218903e+00
 2.88000000e+01 0.00000000e+00 2.88000000e+01 1.55467479e+00 2.88000000e+01 -5.29868282e+00
 2.91000000e+01 0.00000000e+00 2.91000000e+01 1.73777788e+00 2.91000000e+01 -5.03178517e+00
 2.94000000e+01 0.00000000e+00 2.94000000e+01 2.05200855e+00 2.94000000e+01 -5.08839553e+00
 2.97000000e+01 0.00000000e+00 2.97000000e+01 2.01455237e+00 2.97000000e+01 -4.89509087e+00
 3.00000000e+01 0.00000000e+00 3.00000000e+01 1.98794417e+00 3.00000000e+01 -4.78204024e+00
 3.03000000e+01 0.00000000e+00 3.03000000e+01 2.38075477e+00 3.03000000e+01 -5.45106712e+00
 3.06000000e+01 0.00000000e+00 3.06000000e+01 2.10535476e+00 3.06000000e+01 -4.80188846e+00
 3.09000000e+01 0.00000000e+00 3.09000000e+01 1.80939405e+00 3.09000000e+01 -4.65032818e+00
 3.12000000e+01 0.00000000e+00 3.12000000e+01 2.17128484e+00 3.12000000e+01 -5.27862651e+00
 3.15000000e+01 0.00000000e+00 3.15000000e+01 1.91344304e+00 3.15000000e+01 -5.08665880e+00
 3.18000000e+01 0.00000000e+00 3.18000000e+01 2.66366373e+00 3.18000000e+01 -5.16227275e+00
 3.21000000e+01 0.00000000e+00 3.21000000e+01 1.75993027e+00 3.21000000e+01 -5.11722341e+00
 3.24000000e+01 0.00000000e+00 3.24000000e+01 2.20925163e+00 3.24000000e+01 -4.94242426e+00
 3.27000000e+01 0.00000000e+00 3.27000000e+01 2.14067063e+00 3.27000000e+01 -5.22244848e+00
 3.30000000e+01 0.00000000e+00 3.30000000e+01 2.21470398e+00 3.30000000e+01 -5.31687112e+00
 3.33000000e+01 0.00000000e+00 3.33000000e+01 1.48384110e+00 3.33000000e+01 -5.54055872e+00
 3.36000000e+01 0.00000000e+00 3.36000000e+01 2.24123220e+00 3.36000000e+01 -5.39907760e+00
 3.39000000e+01 0.00000000e+00 3.39000000e+01 1.77358738e+00 3.39000000e+01 -5.69731809e+00
 3.42000000e+01 0.00000000e+00 3.42000000e+01 2.63059046e+00 3.42000000e+01 -5.52401037e+00
 3.45000000e+01 0.00000000e+00 3.45000000e+01 1.90827386e+00 3.45000000e+01 -5.16995541e+00
 3.48000000e+01 0.00000000e+00 3.48000000e+01 2.16102146e+00 3.48000000e+01 -4.84127551e+00
 3.51000000e+01 0.00000000e+00 3.51000000e+01 3.85527626e+00 3.51000000e+01 -3.70885823e+00
 3.54000000e+01 0.00000000e+00 3.54000000e+01 3.47785775e+00 3.54000000e+01 -2.66291806e+00
 3.57000000e+01 0.00000000e+00 3.57000000e+01 3.42410757e+00 3.57000000e+01 -2.80378212e+00
 3.60000000e+01 0.00000000e+00 3.60000000e+01 3.66804802e+00 3.60000000e+01 -2.89225702e+00
 3.63000000e+01 0.00000000e+00 3.63000000e+01 3.16361021e+00 3.63000000e+01 -1.94124686e+00
 3.66000000e+01 0.00000000e+00 3.66000000e+01 3.53048438e+00 3.66000000e+01 -2.35462123e+00
 3.69000000e+01 0.00000000e+00 3.69000000e+01 3.43474763e+00 3.69000000e+01 -2.40799794e+00
 3.72000000e+01 0.00000000e+00 3.72000000e+01 3.43755962e+00 3.72000000e+01 -2.63826498e+00
 3.75000000e+01 0.00000000e+00 3.75000000e+01 3.95845216e+00 3.75000000e+01 -2.29158610e+00
 3.78000000e+01 0.00000000e+00 3.78000000e+01 3.56561304e+00 3.78000000e+01 -2.85989482e+00
 3.81000000e+01 0.00000000e+00 3.81000000e+01 4.39618564e+00 3.81000000e+01 -2.30901315e+00
 3.84000000e+01 0.00000000e+00 3.84000000e+01 3.70133615e+00 3.84000000e+01 -2.45552866e+00
 3.87000000e+01 0.00000000e+00 3.87000000e+01 3.25293007e+00 3.87000000e+01 -2.87233151e+00
 3.90000000e+01 0.00000000e+00 3.90000000e+01 4.16367695e+00 3.90000000e+01 -1.86218880e+00
 3.93000000e+01 0.00000000e+00 3.93000000e+01 3.15767870e+00 3.93000000e+01 -2.30562457e+00
 3.96000000e+01 0.00000000e+00 3.96000000e+01 3.84708039e+00 3.96000000e+01 -2.72594608e+00
 3.99000000e+01 0.00000000e+00 3.99000000e+01 3.58238556e+00 3.99000000e+01 -2.70198517e+00
 4.02000000e+01 0.00000000e+00 4.02000000e+01 6.75027263e+00 4.02000000e+01 -6.39768772e-01
 4.05000000e+01 0.00000000e+00 4.05000000e+01 7.10843038e+00 4.05000000e+01 -5.05363130e-01
 4.08000000e+01 0.00000000e+00 4.08000000e+01 6.82772576e+00 4.08000000e+01 -6.21567949e-01
 4.11000000e+01 0.00000000e+00 4.11000000e+01 6.99214715e+00 4.11000000e+01 7.24452633e-02
 4.14000000e+01 0.00000000e+00 4.14000000e+01 7.42880599e+00 4.14000000e+01 -1.36572200e-01
 4.17000000e+01 0.00000000e+00 4.17000000e+01 7.97197426e+00 4.17000000e+01 -5.95553091e-01
 4.20000000e+01 0.00000000e+00 4.20000000e+01 6.29583936e+00 4.20000000e+01 -5.61570455e-01
 4.23000000e+01 0.00000000e+00 4.23000000e+01 6.83425786e+00 4.23000000e+01 -3.74352021e-01
 4.26000000e+01 0.00000000e+00 4.26000000e+01 6.24203028e+00 4.26000000e+01 -4.19752293e-01
 4.29000000e+01 0.00000000e+00 4.29000000e+01 6.32268968e+00 4.29000000e+01 -7.60366210e-01
 4.32000000e+01 0.00000000e+00 4.32000000e+01 6.77309970e+00 4.32000000e+01 -8.93489533e-01
 4.35000000e+01 0.00000000e+00 4.35000000e+01 6.86100048e+00 4.35000000e+01 -2.93714562e-01
 4.38000000e+01 0.00000000e+00 4.38000000e+01 6.73788985e+00 4.38000000e+01 -5.48813875e-01
 4.41000000e+01 0.00000000e+00 4.41000000e+01 6.39956367e+00 4.41000000e+01 -3.70112488e-01
 4.44000000e+01 0.00000000e+00 4.44000000e+01 7.42375424e+00 4.44000000e+01 1.38049575e-02
 4.47000000e+01 0.00000000e+00 4.47000000e+01 6.98170416e+00 4.47000000e+01 -2.61219030e-01
 4.50000000e+01 0.00000000e+00 4.50000000e+01 7.50804420e+00 4.50000000e+01 -4.02112866e-01
 4.53000000e+01 0.00000000e+00 4.53000000e+01 6.56397680e+00 4.53000000e+01 -8.05361662e-01
 4.56000000e+01 0.00000000e+00 4.56000000e+01 6.90473059e+00 4.56000000e+01 -7.38754602e-01
 4.59000000e+01 0.00000000e+00 4.59000000e+01 7.05793746e+00 4.59000000e+01 -2.20339193e-01
 4.62000000e+01 0.00000000e+00 4.62000000e+01 7.23222276e+00 4.62000000e+01 -2.59101099e-01
 4.65000000e+01 0.00000000e+00 4.65000000e+01 7.36265263e+00 4.65000000e+01 -4.49806152e-01
 4.68000000e+01 0.00000000e+00 4.68000000e+01 6.66196596e+00 4.68000000e+01 -4.80089544e-02
 4.71000000e+01 0.00000000e+00 4.71000000e+01 7.08846506e+00 4.71000000e+01 -9.91837799e-01
 4.74000000e+01 0.00000000e+00 4.74000000e+01 6.57755554e+00 4.74000000e+01 -6.03184647e-01
 4.77000000e+01 0.00000000e+00 4.77000000e+01 6.94015303e+00 4.77000000e+01 -4.63099041e-02
 4.80000000e+01 0.00000000e+00 4.80000000e+01 7.38983132e+00 4.80000000e+01 1.09030381e-01
 4.83000000e+01 0.00000000e+00 4.83000000e+01 6.47596225e+00 4.83000000e+01 1.32077557e-01
 4.86000000e+01 0.00000000e+00 4.86000000e+01 6.70984857e+00 4.86000000e+01 -1.05189448e+00
 4.89000000e+01 0.00000000e+00 4.89000000e+01 6.37243241e+00 4.89000000e+01 -8.13988766e-01
 4.92000000e+01 0.00000000e+00 4.92000000e+01 7.42283359e+00 4.92000000e+01 1.29906105e-01
 4.95000000e+01 0.00000000e+00 4.95000000e+01 6.75731960e+00 4.95000000e+01 -2.71361166e-01
 4.98000000e+01 0.00000000e+00 4.98000000e+01 7.57446102e+00 4.98000000e+01 -4.30641820e-01
 5.01000000e+01 0.00000000e+00 5.01000000e+01 2.60635269e+00 5.01000000e+01 -3.13979996e+00
 5.04000000e+01 0.00000000e+00 5.04000000e+01 2.96773738e+00 5.04000000e+01 -3.61954479e+00
 5.07000000e+01 0.00000000e+00 5.07000000e+01 2.85845008e+00 5.07000000e+01 -3.04223085e+00
 5.10000000e+01 0.00000000e+00 5.10000000e+01 2.45834513e+00 5.10000000e+01 -3.86071699e+00
 5.13000000e+01 0.00000000e+00 5.13000000e+01 3.41693399e+00 5.13000000e+01 -3.55789161e+00
 5.16000000e+01 0.00000000e+00 5.16000000e+01 2.41203168e+00 5.16000000e+01 -3.61819904e+00
 5.19000000e+01 0.00000000e+00 5.19000000e+01 2.67180684e+00 5.19000000e+01 -2.92660654e+00
 5.22000000e+01 0.00000000e+00 5.22000000e+01 3.00414044e+00 5.22000000e+01 -3.22602117e+00
 5.25000000e+01 0.00000000e+00 5.25000000e+01 2.64488451e+00 5.25000000e+01 -3.69273596e+00
 5.28000000e+01 0.00000000e+00 5.28000000e+01 2.18888861e+00 5.28000000e+01 -3.41494435e+00
 5.31000000e+01 0.00000000e+00 5.31000000e+01 2.66444634e+00 5.31000000e+01 -3.40962617e+00
 5.34000000e+01 0.00000000e+00 5.34000000e+01 2.60965570e+00 5.34000000e+01 -3.23401852e+00
 5.37000000e+01 0.00000000e+00 5.37000000e+01 3.12274285e+00 5.37000000e+01 -3.41068844e+00
 5.40000000e+01 0.00000000e+00 5.40000000e+01 2.80220049e+00 5.40000000e+01 -3.01981688e+00
 5.43000000e+01 0.00000000e+00 5.43000000e+01 1.99565505e+00 5.43000000e+01 -3.56849213e+00
 5.46000000e+01 0.00000000e+00 5.46000000e+01 2.62133866e+00 5.46000000e+01 -2.94207700e+00
 5.49000000e+01 0.00000000e+00 5.49000000e+01 3.06103086e+00 5.49000000e+01 -3.54750004e+00
 5.52000000e+01 0.00000000e+00 5.52000000e+01 7.00335426e+00 5.52000000e+01 -5.47499784e+00
 5.55000000e+01 0.00000000e+00 5.55000000e+01 6.96291362e+00 5.55000000e+01 -5.62757475e+00
 5.58000000e+01 0.00000000e+00 5.58000000e+01 7.15668186e+00 5.58000000e+01 -5.83433308e+00
 5.61000000e+01 0.00000000e+00 5.61000000e+01 7.09983191e+00 5.61000000e+01 -5.46163125e+00
 5.64000000e+01 0.00000000e+00 5.64000000e+01 7.31441373e+00 5.64000000e+01 -5.98093218e+00
 5.67000000e+01 0.00000000e+00 5.67000000e+01 6.85627888e+00 5.67000000e+01 -5.47069403e+00
 5.70000000e+01 0.00000000e+00 5.70000000e+01 7.05631349e+00 5.70000000e+01 -6.23837715e+00
 5.73000000e+01 0.00000000e+00 5.73000000e+01 7.27270398e+00 5.73000000e+01 -6.20140762e+00
 5.76000000e+01 0.00000000e+00 5.76000000e+01 7.92837201e+00 5.76000000e+01 -5.71131599e+00
 5.79000000e+01 0.00000000e+00 5.79000000e+01 7.30628388e+00 5.79000000e+01 -5.54750943e+00
 5.82000000e+01 0.00000000e+00 5.82000000e+01 7.91087620e+00 5.82000000e+01 -6.03513966e+00
 5.85000000e+01 0.00000000e+00 5.85000000e+01 7.14614923e+00 5.85000000e+01 -6.47505564e+00
 5.88000000e+01 0.00000000e+00 5.88000000e+01 7.02967441e+00 5.88000000e+01 -5.65388720e+00
 5.91000000e+01 0.00000000e+00 5.91000000e+01 6.99136791e+00 5.91000000e+01 -6.33162239e+00
 5.94000000e+01 0.00000000e+00 5.94000000e+01 6.71406338e+00 5.94000000e+01 -5.99096944e+00
 5.97000000e+01 0.00000000e+00 5.97000000e+01 7.55642961e+00 5.97000000e+01 -5.91068755e+00
