 0.00000000e+00 0.00000000e+00 0.00000000e+00 7.45579345e+00 0.00000000e+00 -6.48494564e+00
 3.00000000e-01 0.00000000e+00 3.00000000e-01 7.80412596e+00 3.00000000e-01 -5.82966714e+00
 6.00000000e-01 0.00000000e+00 6.00000000e-01 7.47851656e+00 6.00000000e-01 -5.74275955e+00
 9.00000000e-01 0.00000000e+00 9.00000000e-01 7.62933955e+00 9.00000000e-01 -5.70002254e+00
 1.20000000e+00 0.00000000e+00 1.20000000e+00 6.66497445e+00 1.20000000e+00 -6.03714202e+00
 1.50000000e+00 0.00000000e+00 1.50000000e+00 7.86268782e+00 1.50000000e+00 -5.95833494e+00
 1.80000000e+00 0.00000000e+00 1.80000000e+00 7.87347040e+00 1.80000000e+00 -5.62101285e+00
 2.10000000e+00 0.00000000e+00 2.10000000e+00 7.93576200e+00 2.10000000e+00 -5.61719224e+00
 2.40000000e+00 0.00000000e+00 2.40000000e+00 7.30662617e+00 2.40000000e+00 -5.69857866e+00
 2.70000000e+00 0.00000000e+00 2.70000000e+00 7.98967894e+00 2.70000000e+00 -5.69690477e+00
 3.00000000e+00 0.00000000e+00 3.00000000e+00 7.37186248e+00 3.00000000e+00 -4.97627061e+00
 3.30000000e+00 0.00000000e+00 3.30000000e+00 7.22282865e+00 3.30000000e+00 -5.60776181e+00
 3.60000000e+00 0.00000000e+00 3.60000000e+00 7.83460685e+00 3.60000000e+00 -4.89815346e+00
 3.90000000e+00 0.00000000e+00 3.90000000e+00 7.64342949e+00 3.90000000e+00 -5.03954168e+00
 4.20000000e+00 0.00000000e+00 4.20000000e+00 7.29980237e+00 4.20000000e+00 -5.61488379e+00
 4.50000000e+00 0.00000000e+00 4.50000000e+00 7.10658021e+00 4.50000000e+00 -5.09907184e+00
 4.80000000e+00 0.00000000e+00 4.80000000e+00 7.63267619e+00 4.80000000e+00 -5.48578448e+00
 5.10000000e+00 0.00000000e+00 5.10000000e+00 7.25978430e+00 5.10000000e+00 -5.93402622e+00
 5.40000000e+00 0.00000000e+00 5.40000000e+00 7.51774321e+00 5.40000000e+00 -5.97693512e+00
 5.70000000e+00 0.00000000e+00 5.70000000e+00 6.96564142e+00 5.70000000e+00 -5.32509722e+00
 6.00000000e+00 0.00000000e+00 6.00000000e+00 7.50144296e+00 6.00000000e+00 -5.50728359e+00
 6.30000000e+00 0.00000000e+00 6.30000000e+00 7.38395713e+00 6.30000000e+00 -5.66239900e+00
 6.60000000e+00 0.00000000e+00 6.60000000e+00 7.11468070e+00 6.60000000e+00 -5.81525928e+00
 6.90000000e+00 0.00000000e+00 6.90000000e+00 7.10889315e+00 6.90000000e+00 -5.97133410e+00
 7.20000000e+00 0.00000000e+00 7.20000000e+00 7.25350467e+00 7.20000000e+00 -5.46805001e+00
 7.50000000e+00 0.00000000e+00 7.50000000e+00 7.77392828e+00 7.50000000e+00 -5.34650447e+00
 7.80000000e+00 0.00000000e+00 7.80000000e+00 7.63914651e+00 7.80000000e+00 -6.01095905e+00
 8.10000000e+00 0.00000000e+00 8.10000000e+00 7.28827581e+00 8.10000000e+00 -6.23654196e+00
 8.40000000e+00 0.00000000e+00 8.40000000e+00 7.25588945e+00 8.40000000e+00 -6.18298235e+00
 8.70000000e+00 0.00000000e+00 8.70000000e+00 7.66115698e+00 8.70000000e+00 -5.77106313e+00
 9.00000000e+00 0.00000000e+00 9.00000000e+00 7.74985600e+00 9.00000000e+00 -5.05516849e+00
 9.30000000e+00 0.00000000e+00 9.30000000e+00 7.57199658e+00 9.30000000e+00 -6.13353910e+00
 9.60000000e+00 0.00000000e+00 9.60000000e+00 7.59176940e+00 9.60000000e+00 -5.68149435e+00
 9.90000000e+00 0.00000000e+00 9.90000000e+00 6.74719506e+00 9.90000000e+00 -5.27123316e+00
 1.02000000e+01 0.00000000e+00 1.02000000e+01 7.83166943e+00 1.02000000e+01 -5.28464784e+00
 1.05000000e+01 0.00000000e+00 1.05000000e+01 7.22462241e+00 1.05000000e+01 -6.11696068e+00
 1.08000000e+01 0.00000000e+00 1.08000000e+01 7.69416104e+00 1.08000000e+01 -5.54869849e+00
 1.11000000e+01 0.00000000e+00 1.11000000e+01 7.37680347e+00 1.11000000e+01 -5.26345663e+00
 1.14000000e+01 0.00000000e+00 1.14000000e+01 7.79550694e+00 1.14000000e+01 -5.27652043e+00
 1.17000000e+01 0.00000000e+00 1.17000000e+01 8.11993854e+00 1.17000000e+01 -5.81432858e+00
 1.20000000e+01 0.00000000e+00 1.20000000e+01 7.83759369e+00 1.20000000e+01 -5.22178062e+00
 1.23000000e+01 0.00000000e+00 1.23000000e+01 7.31101142e+00 1.23000000e+01 -5.20491438e+00
 1.26000000e+01 0.00000000e+00 1.26000000e+01 7.48808961e+00 1.26000000e+01 -6.05584959e+00
 1.29000000e+01 0.00000000e+00 1.29000000e+01 7.07682421e+00 1.29000000e+01 -5.25947794e+00
 1.32000000e+01 0.00000000e+00 1.32000000e+01 7.50432101e+00 1.32000000e+01 -5.61349481e+00
 1.35000000e+01 0.00000000e+00 1.35000000e+01 7.43744356e+00 1.35000000e+01 -5.91422914e+00
 1.38000000e+01 0.00000000e+00 1.38000000e+01 7.48730122e+00 1.38000000e+01 -5.38427174e+00
 1.41000000e+01 0.00000000e+00 1.41000000e+01 7.25118948e+00 1.41000000e+01 -5.49430000e+00
 1.44000000e+01 0.00000000e+00 1.44000000e+01 7.41489383e+00 1.44000000e+01 -5.76536092e+00
 1.47000000e+01 0.00000000e+00 1.47000000e+01 7.55394063e+00 1.47000000e+01 -5.75303397e+00
 1.50000000e+01 0.00000000e+00 1.50000000e+01 7.37008167e+00 1.50000000e+01 -5.54138746e+00
 1.53000000e+01 0.00000000e+00 1.53000000e+01 2.81891997e+00 1.53000000e+01 -5.99970178e+00
 1.56000000e+01 0.00000000e+00 1.56000000e+01 2.50948899e+00 1.56000000e+01 -5.45235942e+00
 1.59000000e+01 0.00000000e+00 1.59000000e+01 2.25363146e+00 1.59000000e+01 -5.59944678e+00
 1.62000000e+01 0.00000000e+00 1.62000000e+01 2.62350330e+00 1.62000000e+01 -5.02670716e+00
 1.65000000e+01 0.00000000e+00 1.65000000e+01 2.33950414e+00 1.65000000e+01 -5.45598464e+00
 1.68000000e+01 0.00000000e+00 1.68000000e+01 2.77037154e+00 1.68000000e+01 -6.36742317e+00
 1.71000000e+01 0.00000000e+00 1.71000000e+01 2.97624616e+00 1.71000000e+01 -5.96979106e+00
 1.74000000e+01 0.00000000e+00 1.74000000e+01 2.04061057e+00 1.74000000e+01 -5.63118137e+00
 1.77000000e+01 0.00000000e+00 1.77000000e+01 2.51743379e+00 1.77000000e+01 -6.22748382e+00
 1.80000000e+01 0.00000000e+00 1.80000000e+01 2.40418767e+00 1.80000000e+01 -6.59911478e+00
 1.83000000e+01 0.00000000e+00 1.83000000e+01 2.62778830e+00 1.83000000e+01 -6.37945704e+00
 1.86000000e+01 0.00000000e+00 1.86000000e+01 2.32934900e+00 1.86000000e+01 -5.95309173e+00
 1.89000000e+01 0.00000000e+00 1.89000000e+01 2.40962977e+00 1.89000000e+01 -6.51998344e+00
 1.92000000e+01 0.00000000e+00 1.92000000e+01 2.44939432e+00 1.92000000e+01 -5.57532769e+00
 1.95000000e+01 0.00000000e+00 1.95000000e+01 2.11116115e+00 1.95000000e+01 -5.99507156e+00
 1.98000000e+01 0.00000000e+00 1.98000000e+01 3.33998897e+00 1.98000000e+01 -5.92479650e+00
 2.01000000e+01 0.00000000e+00 2.01000000e+01 1.95042677e+00 2.01000000e+01 -5.44969646e+00
 2.04000000e+01 0.00000000e+00 2.04000000e+01 3.48723066e+00 2.04000000e+01 -5.14217274e+00
 2.07000000e+01 0.00000000e+00 2.07000000e+01 2.14637998e+00 2.07000000e+01 -5.32416269e+00
 2.10000000e+01 0.00000000e+00 2.10000000e+01 2.75692325e+00 2.10000000e+01 -6.25792559e+00
 2.13000000e+01 0.00000000e+00 2.13000000e+01 2.82969510e+00 2.13000000e+01 -5.50934598e+00
 2.16000000e+01 0.00000000e+00 2.16000000e+01 2.53539127e+00 2.16000000e+01 -6.18390261e+00
 2.19000000e+01 0.00000000e+00 2.19000000e+01 2.05801636e+00 2.19000000e+01 -5.54275605e+00
 2.22000000e+01 0.00000000e+00 2.22000000e+01 1.73705541e+00 2.22000000e+01 -6.11012256e+00
 2.25000000e+01 0.00000000e+00 2.25000000e+01 1.91755011e+00 2.25000000e+01 -5.37972772e+00
 2.28000000e+01 0.00000000e+00 2.28000000e+01 2.75412087e+00 2.28000000e+01 -5.53008989e+00
 2.31000000e+01 0.00000000e+00 2.31000000e+01 2.12484176e+00 2.31000000e+01 -5.97674078e+00
 2.34000000e+01 0.00000000e+00 2.34000000e+01 2.48249116e+00 2.34000000e+01 -5.73732705e+00
 2.37000000e+01 0.00000000e+00 2.37000000e+01 2.14530625e+00 2.37000000e+01 -6.30480992e+00
 2.40000000e+01 0.00000000e+00 2.40000000e+01 2.52655478e+00 2.40000000e+01 -5.86797242e+00
 2.43000000e+01 0.00000000e+00 2.43000000e+01 2.67393974e+00 2.43000000e+01 -5.49279791e+00
 2.46000000e+01 0.00000000e+00 2.46000000e+01 3.15374029e+00 2.46000000e+01 -5.93320539e+00
 2.49000000e+01 0.00000000e+00 2.49000000e+01 2.37686777e+00 2.49000000e+01 -5.68380719e+00
 2.52000000e+01 0.00000000e+00 2.52000000e+01 1.48263528e+00 2.52000000e+01 -4.46482796e+00
 2.55000000e+01 0.00000000e+00 2.55000000e+01 1.34652300e+00 2.55000000e+01 -4.21847326e+00
 2.58000000e+01 0.00000000e+00 2.58000000e+01 1.63936517e+00 2.58000000e+01 -4.43037529e+00
 2.61000000e+01 0.00000000e+00 2.61000000e+01 1.68718950e+00 2.61000000e+01 -4.40127191e+00
 2.64000000e+01 0.00000000e+00 2.64000000e+01 2.06558235e+00 2.64000000e+01 -3.98857595e+00
 2.67000000e+01 0.00000000e+00 2.67000000e+01 1.86983658e+00 2.67000000e+01 -4.27090424e+00
 2.70000000e+01 0.00000000e+00 2.70000000e+01 1.52503767e+00 2.70000000e+01 -4.61910567e+00
 2.73000000e+01 0.00000000e+00 2.73000000e+01 1.21550241e+00 2.73000000e+01 -4.25828953e+00
 2.76000000e+01 0.00000000e+00 2.76000000e+01 1.09630773e+00 2.76000000e+01 -4.10168367e+00
 2.79000000e+01 0.00000000e+00 2.79000000e+01 1.51150351e+00 2.79000000e+01 -4.47859269e+00
 2.82000000e+01 0.00000000e+00 2.82000000e+01 1.09837070e+00 2.82000000e+01 -4.43572429e+00
 2.85000000e+01 0.00000000e+00 2.85000000e+01 1.45398441e+00 2.85000000e+01 -4.35760349e+00
 2.88000000e+01 0.00000000e+00 2.88000000e+01 1.67469454e+00 2.88000000e+01 -4.27052463e+00
 2.91000000e+01 0.00000000e+00 2.91000000e+01 1.20585648e+00 2.91000000e+01 -4.52375490e+00
 2.94000000e+01 0.00000000e+00 2.94000000e+01 1.64655808e+00 2.94000000e+01 -3.98284780e+00
 2.97000000e+01 0.00000000e+00 2.97000000e+01 1.33650630e+00 2.97000000e+01 -4.88262071e+00
 3.00000000e+01 0.00000000e+00 3.00000000e+01 1.61037577e+00 3.00000000e+01 -4.66317767e+00
 3.03000000e+01 0.00000000e+00 3.03000000e+01 1.85726348e+00 3.03000000e+01 -4.30283153e+00
 3.06000000e+01 0.00000000e+00 3.06000000e+01 1.15031028e+00 3.06000000e+01 -3.89035665e+00
 3.09000000e+01 0.00000000e+00 3.09000000e+01 9.64131596e-01 3.09000000e+01 -4.42623400e+00
 3.12000000e+01 0.00000000e+00 3.12000000e+01 1.61478965e+00 3.12000000e+01 -4.88646623e+00
 3.15000000e+01 0.00000000e+00 3.15000000e+01 1.47253553e+00 3.15000000e+01 -4.32651536e+00
 3.18000000e+01 0.00000000e+00 3.18000000e+01 1.46308534e+00 3.18000000e+01 -4.08597298e+00
 3.21000000e+01 0.00000000e+00 3.21000000e+01 1.67699467e+00 3.21000000e+01 -3.88042847e+00
 3.24000000e+01 0.00000000e+00 3.24000000e+01 1.52275202e+00 3.24000000e+01 -4.82128528e+00
 3.27000000e+01 0.00000000e+00 3.27000000e+01 1.20951481e+00 3.27000000e+01 -3.48496464e+00
 3.30000000e+01 0.00000000e+00 3.30000000e+01 1.33964476e+00 3.30000000e+01 -4.03547578e+00
 3.33000000e+01 0.00000000e+00 3.33000000e+01 1.83449581e+00 3.33000000e+01 -4.94884270e+00
 3.36000000e+01 0.00000000e+00 3.36000000e+01 8.54720448e-01 3.36000000e+01 -3.37750187e+00
 3.39000000e+01 0.00000000e+00 3.39000000e+01 1.19862344e+00 3.39000000e+01 -4.17939526e+00
 3.42000000e+01 0.00000000e+00 3.42000000e+01 9.63666294e-01 3.42000000e+01 -4.48040688e+00
 3.45000000e+01 0.00000000e+00 3.45000000e+01 1.47511508e+00 3.45000000e+01 -4.25557235e+00
 3.48000000e+01 0.00000000e+00 3.48000000e+01 1.49894175e+00 3.48000000e+01 -4.20831694e+00
 3.51000000e+01 0.00000000e+00 3.51000000e+01 4.65769131e+00 3.51000000e+01 -1.32656946e+00
 3.54000000e+01 0.00000000e+00 3.54000000e+01 5.28427964e+00 3.54000000e+01 -1.52341949e+00
 3.57000000e+01 0.00000000e+00 3.57000000e+01 4.77317833e+00 3.57000000e+01 -1.41385694e+00
 3.60000000e+01 0.00000000e+00 3.60000000e+01 5.46837880e+00 3.60000000e+01 -5.59309328e-01
 3.63000000e+01 0.00000000e+00 3.63000000e+01 6.04862114e+00 3.63000000e+01 -1.48383005e+00
 3.66000000e+01 0.00000000e+00 3.66000000e+01 4.96507767e+00 3.66000000e+01 -1.09261693e+00
 3.69000000e+01 0.00000000e+00 3.69000000e+01 5.62518267e+00 3.69000000e+01 -2.11510461e+00
 3.72000000e+01 0.00000000e+00 3.72000000e+01 4.91153309e+00 3.72000000e+01 -9.30728917e-01
 3.75000000e+01 0.00000000e+00 3.75000000e+01 5.47425079e+00 3.75000000e+01 -1.25556561e+00
 3.78000000e+01 0.00000000e+00 3.78000000e+01 4.86013794e+00 3.78000000e+01 -9.47667121e-01
 3.81000000e+01 0.00000000e+00 3.81000000e+01 5.61799045e+00 3.81000000e+01 -1.51186601e+00
 3.84000000e+01 0.00000000e+00 3.84000000e+01 4.72873840e+00 3.84000000e+01 -1.21558186e+00
 3.87000000e+01 0.00000000e+00 3.87000000e+01 5.29410498e+00 3.87000000e+01 -1.16445845e+00
 3.90000000e+01 0.00000000e+00 3.90000000e+01 5.53497374e+00 3.90000000e+01 -9.69865473e-01
 3.93000000e+01 0.00000000e+00 3.93000000e+01 5.48639661e+00 3.93000000e+01 -1.08533608e+00
 3.96000000e+01 0.00000000e+00 3.96000000e+01 5.25561239e+00 3.96000000e+01 -1.59472863e+00
 3.99000000e+01 0.00000000e+00 3.99000000e+01 4.72571069e+00 3.99000000e+01 -1.46322428e+00
 4.02000000e+01 0.00000000e+00 4.02000000e+01 4.66362051e+00 4.02000000e+01 -2.70942647e+00
 4.05000000e+01 0.00000000e+00 4.05000000e+01 5.27312165e+00 4.05000000e+01 -2.17337064e+00
 4.08000000e+01 0.00000000e+00 4.08000000e+01 4.94675706e+00 4.08000000e+01 -2.60005386e+00
 4.11000000e+01 0.00000000e+00 4.11000000e+01 5.29443834e+00 4.11000000e+01 -2.74813584e+00
 4.14000000e+01 0.00000000e+00 4.14000000e+01 4.68067229e+00 4.14000000e+01 -2.43265095e+00
 4.17000000e+01 0.00000000e+00 4.17000000e+01 4.74647495e+00 4.17000000e+01 -2.41885587e+00
 4.20000000e+01 0.00000000e+00 4.20000000e+01 5.04374950e+00 4.20000000e+01 -3.08839176e+00
 4.23000000e+01 0.00000000e+00 4.23000000e+01 4.33904376e+00 4.23000000e+01 -2.51533000e+00
 4.26000000e+01 0.00000000e+00 4.26000000e+01 4.33326676e+00 4.26000000e+01 -2.47583891e+00
 4.29000000e+01 0.00000000e+00 4.29000000e+01 4.97264809e+00 4.29000000e+01 -2.39845518e+00
 4.32000000e+01 0.00000000e+00 4.32000000e+01 4.35693987e+00 4.32000000e+01 -2.64627754e+00
 4.35000000e+01 0.00000000e+00 4.35000000e+01 4.22861326e+00 4.35000000e+01 -2.59076598e+00
 4.38000000e+01 0.00000000e+00 4.38000000e+01 4.63249434e+00 4.38000000e+01 -2.19499367e+00
 4.41000000e+01 0.00000000e+00 4.41000000e+01 4.67465638e+00 4.41000000e+01 -1.99823416e+00
 4.44000000e+01 0.00000000e+00 4.44000000e+01 4.12902417e+00 4.44000000e+01 -2.63364591e+00
 4.47000000e+01 0.00000000e+00 4.47000000e+01 5.12454071e+00 4.47000000e+01 -2.84471030e+00
 4.50000000e+01 0.00000000e+00 4.50000000e+01 5.05641494e+00 4.50000000e+01 -1.99530815e+00
 4.53000000e+01 0.00000000e+00 4.53000000e+01 4.68167704e+00 4.53000000e+01 -2.20517948e+00
 4.56000000e+01 0.00000000e+00 4.56000000e+01 4.63632590e+00 4.56000000e+01 -2.43679371e+00
 4.59000000e+01 0.00000000e+00 4.59000000e+01 5.30283954e+00 4.59000000e+01 -2.37796844e+00
 4.62000000e+01 0.00000000e+00 4.62000000e+01 4.51019372e+00 4.62000000e+01 -2.21438563e+00
 4.65000000e+01 0.00000000e+00 4.65000000e+01 4.85462968e+00 4.65000000e+01 -2.34292181e+00
 4.68000000e+01 0.00000000e+00 4.68000000e+01 4.57409612e+00 4.68000000e+01 -2.51656364e+00
 4.71000000e+01 0.00000000e+00 4.71000000e+01 4.84569080e+00 4.71000000e+01 -2.79494108e+00
 4.74000000e+01 0.00000000e+00 4.74000000e+01 4.16859989e+00 4.74000000e+01 -2.51181975e+00
 4.77000000e+01 0.00000000e+00 4.77000000e+01 4.73270579e+00 4.77000000e+01 -2.07942346e+00
 4.80000000e+01 0.00000000e+00 4.80000000e+01 5.16814148e+00 4.80000000e+01 -2.42297081e+00
 4.83000000e+01 0.00000000e+00 4.83000000e+01 5.40341350e+00 4.83000000e+01 -2.39649687e+00
 4.86000000e+01 0.00000000e+00 4.86000000e+01 4.55224438e+00 4.86000000e+01 -2.92880749e+00
 4.89000000e+01 0.00000000e+00 4.89000000e+01 3.94283078e+00 4.89000000e+01 -2.28369373e+00
 4.92000000e+01 0.00000000e+00 4.92000000e+01 4.03773116e+00 4.92000000e+01 -2.31544076e+00
 4.95000000e+01 0.00000000e+00 4.95000000e+01 4.31317178e+00 4.95000000e+01 -2.50482650e+00
 4.98000000e+01 0.00000000e+00 4.98000000e+01 4.73252189e+00 4.98000000e+01 -2.94566556e+00
 5.01000000e+01 0.00000000e+00 5.01000000e+01 4.23216376e+00 5.01000000e+01 -3.57088225e+00
 5.04000000e+01 0.00000000e+00 5.04000000e+01 4.06547553e+00 5.04000000e+01 -3.18845267e+00
 5.07000000e+01 0.00000000e+00 5.07000000e+01 4.02930074e+00 5.07000000e+01 -3.35024887e+00
 5.10000000e+01 0.00000000e+00 5.10000000e+01 3.13905066e+00 5.10000000e+01 -3.04622866e+00
 5.13000000e+01 0.00000000e+00 5.13000000e+01 3.44627533e+00 5.13000000e+01 -3.43327154e+00
 5.16000000e+01 0.00000000e+00 5.16000000e+01 3.15820922e+00 5.16000000e+01 -3.73522885e+00
 5.19000000e+01 0.00000000e+00 5.19000000e+01 3.81812218e+00 5.19000000e+01 -3.10167410e+00
 5.22000000e+01 0.00000000e+00 5.22000000e+01 4.00607460e+00 5.22000000e+01 -3.29213445e+00
 5.25000000e+01 0.00000000e+00 5.25000000e+01 3.51061514e+00 5.25000000e+01 -3.63294534e+00
 5.28000000e+01 0.00000000e+00 5.28000000e+01 3.55092869e+00 5.28000000e+01 -2.97988964e+00
 5.31000000e+01 0.00000000e+00 5.31000000e+01 4.11168855e+00 5.31000000e+01 -3.42591582e+00
 5.34000000e+01 0.00000000e+00 5.34000000e+01 3.58737891e+00 5.34000000e+01 -3.34186404e+00
 5.37000000e+01 0.00000000e+00 5.37000000e+01 3.68080348e+00 5.37000000e+01 -3.62872500e+00
 5.40000000e+01 0.00000000e+00 5.40000000e+01 3.96801545e+00 5.40000000e+01 -3.75941622e+00
 5.43000000e+01 0.00000000e+00 5.43000000e+01 3.67276541e+00 5.43000000e+01 -4.20671868e+00
 5.46000000e+01 0.00000000e+00 5.46000000e+01 3.60036871e+00 5.46000000e+01 -3.35108240e+00
 5.49000000e+01 0.00000000e+00 5.49000000e+01 3.55550220e+00 5.49000000e+01 -4.14358153e+00
 5.52000000e+01 0.00000000e+00 5.52000000e+01 7.23394558e+00 5.52000000e+01 -6.37903824e+00
 5.55000000e+01 0.00000000e+00 5.55000000e+01 7.69335590e+00 5.55000000e+01 -5.91616868e+00
 5.58000000e+01 0.00000000e+00 5.58000000e+01 7.11919894e+00 5.58000000e+01 -5.49146785e+00
 5.61000000e+01 0.00000000e+00 5.61000000e+01 7.33353773e+00 5.61000000e+01 -5.34647449e+00
 5.64000000e+01 0.00000000e+00 5.64000000e+01 7.98482310e+00 5.64000000e+01 -5.48352032e+00
 5.67000000e+01 0.00000000e+00 5.67000000e+01 7.62858356e+00 5.67000000e+01 -5.61094212e+00
 5.70000000e+01 0.00000000e+00 5.70000000e+01 7.16253705e+00 5.70000000e+01 -5.67104316e+00
 5.73000000e+01 0.00000000e+00 5.73000000e+01 7.34427709e+00 5.73000000e+01 -5.21939027e+00
 5.76000000e+01 0.00000000e+00 5.76000000e+01 7.53405829e+00 5.76000000e+01 -5.28582395e+00
 5.79000000e+01 0.00000000e+00 5.79000000e+01 7.49051226e+00 5.79000000e+01 -5.56421926e+00
 5.82000000e+01 0.00000000e+00 5.82000000e+01 7.52591515e+00 5.82000000e+01 -5.72551778e+00
 5.85000000e+01 0.00000000e+00 5.85000000e+01 7.87677329e+00 5.85000000e+01 -5.72564443e+00
 5.88000000e+01 0.00000000e+00 5.88000000e+01 7.59919668e+00 5.88000000e+01 -5.43727685e+00
 5.91000000e+01 0.00000000e+00 5.91000000e+01 7.14781469e+00 5.91000000e+01 -5.65653303e+00
 5.94000000e+01 0.00000000e+00 5.94000000e+01 8.05072096e+00 5.94000000e+01 -5.76593535e+00
 5.97000000e+01 0.00000000e+00 5.97000000e+01 6.91005555e+00 5.97000000e+01 -6.12810982e+00
