 0.00000000e+00 0.00000000e+00 0.00000000e+00 7.05575813e+00 0.00000000e+00 -4.45777628e+00
 3.00000000e-01 0.00000000e+00 3.00000000e-01 6.44231361e+00 3.00000000e-01 -5.09759902e+00
 6.00000000e-01 0.00000000e+00 6.00000000e-01 6.47052808e+00 6.00000000e-01 -4.45145788e+00
 9.00000000e-01 0.00000000e+00 9.00000000e-01 6.71975611e+00 9.00000000e-01 -4.42780974e+00
 1.20000000e+00 0.00000000e+00 1.20000000e+00 6.97304253e+00 1.20000000e+00 -4.76847399e+00
 1.50000000e+00 0.00000000e+00 1.50000000e+00 6.54332530e+00 1.50000000e+00 -4.63264669e+00
 1.80000000e+00 0.00000000e+00 1.80000000e+00 6.79836216e+00 1.80000000e+00 -4.40428269e+00
 2.10000000e+00 0.00000000e+00 2.10000000e+00 7.05183698e+00 2.10000000e+00 -4.48884372e+00
 2.40000000e+00 0.00000000e+00 2.40000000e+00 7.46378543e+00 2.40000000e+00 -4.78788861e+00
 2.70000000e+00 0.00000000e+00 2.70000000e+00 7.16322215e+00 2.70000000e+00 -4.35474882e+00
 3.00000000e+00 0.00000000e+00 3.00000000e+00 6.89567637e+00 3.00000000e+00 -4.75297978e+00
 3.30000000e+00 0.00000000e+00 3.30000000e+00 6.63915954e+00 3.30000000e+00 -4.98545467e+00
 3.60000000e+00 0.00000000e+00 3.60000000e+00 7.43480944e+00 3.60000000e+00 -5.38881598e+00
 3.90000000e+00 0.00000000e+00 3.90000000e+00 6.91280015e+00 3.90000000e+00 -4.41046235e+00
 4.20000000e+00 0.00000000e+00 4.20000000e+00 6.92194286e+00 4.20000000e+00 -4.74796272e+00
 4.50000000e+00 0.00000000e+00 4.50000000e+00 6.80981401e+00 4.50000000e+00 -4.42442667e+00
 4.80000000e+00 0.00000000e+00 4.80000000e+00 7.07834745e+00 4.80000000e+00 -4.90677533e+00
 5.10000000e+00 0.00000000e+00 5.10000000e+00 6.80537594e+00 5.10000000e+00 -4.55546518e+00
 5.40000000e+00 0.00000000e+00 5.40000000e+00 7.08187777e+00 5.40000000e+00 -4.80588674e+00
 5.70000000e+00 0.00000000e+00 5.70000000e+00 6.70240571e+00 5.70000000e+00 -5.13878361e+00
 6.00000000e+00 0.00000000e+00 6.00000000e+00 7.14719847e+00 6.00000000e+00 -4.63098503e+00
 6.30000000e+00 0.00000000e+00 6.30000000e+00 7.17529867e+00 6.30000000e+00 -5.19165319e+00
 6.60000000e+00 0.00000000e+00 6.60000000e+00 7.01789488e+00 6.60000000e+00 -4.54546916e+00
 6.90000000e+00 0.00000000e+00 6.90000000e+00 7.22821510e+00 6.90000000e+00 -4.71291271e+00
 7.20000000e+00 0.00000000e+00 7.20000000e+00 6.79316678e+00 7.20000000e+00 -4.84593673e+00
 7.50000000e+00 0.00000000e+00 7.50000000e+00 6.49561409e+00 7.50000000e+00 -5.14428918e+00
 7.80000000e+00 0.00000000e+00 7.80000000e+00 6.43704435e+00 7.80000000e+00 -4.96459875e+00
 8.10000000e+00 0.00000000e+00 8.10000000e+00 6.77345249e+00 8.10000000e+00 -5.12870929e+00
 8.40000000e+00 0.00000000e+00 8.40000000e+00 7.40983603e+00 8.40000000e+00 -4.33061292e+00
 8.70000000e+00 0.00000000e+00 8.70000000e+00 7.48820293e+00 8.70000000e+00 -4.12832029e+00
 9.00000000e+00 0.00000000e+00 9.00000000e+00 6.69246874e+00 9.00000000e+00 -4.61956785e+00
 9.30000000e+00 0.00000000e+00 9.30000000e+00 7.00259341e+00 9.30000000e+00 -4.36488516e+00
 9.60000000e+00 0.00000000e+00 9.60000000e+00 6.62420553e+00 9.60000000e+00 -4.66173189e+00
 9.90000000e+00 0.00000000e+00 9.90000000e+00 6.56073999e+00 9.90000000e+00 -4.60008751e+00
 1.02000000e+01 0.00000000e+00 1.02000000e+01 6.82098114e+00 1.02000000e+01 -5.15812841e+00
 1.05000000e+01 0.00000000e+00 1.05000000e+01 6.51078541e+00 1.05000000e+01 -4.48873750e+00
 1.08000000e+01 0.00000000e+00 1.08000000e+01 6.12999810e+00 1.08000000e+01 -5.09678463e+00
 1.11000000e+01 0.00000000e+00 1.11000000e+01 6.83314917e+00 1.11000000e+01 -4.62932729e+00
 1.14000000e+01 0.00000000e+00 1.14000000e+01 6.60982899e+00 1.14000000e+01 -3.95155235e+00
 1.17000000e+01 0.00000000e+00 1.17000000e+01 6.97581578e+00 1.17000000e+01 -5.28651154e+00
 1.20000000e+01 0.00000000e+00 1.20000000e+01 7.33550707e+00 1.20000000e+01 -4.66191042e+00
 1.23000000e+01 0.00000000e+00 1.23000000e+01 6.92581211e+00 1.23000000e+01 -5.32806309e+00
 1.26000000e+01 0.00000000e+00 1.26000000e+01 6.72634381e+00 1.26000000e+01 -4.64767930e+00
 1.29000000e+01 0.00000000e+00 1.29000000e+01 7.12420092e+00 1.29000000e+01 -4.85995119e+00
 1.32000000e+01 0.00000000e+00 1.32000000e+01 6.69469985e+00 1.32000000e+01 -5.00079665e+00
 1.35000000e+01 0.00000000e+00 1.35000000e+01 6.88218019e+00 1.35000000e+01 -4.10892955e+00
 1.38000000e+01 0.00000000e+00 1.38000000e+01 6.78694407e+00 1.38000000e+01 -5.13392460e+00
 1.41000000e+01 0.00000000e+00 1.41000000e+01 6.98565152e+00 1.41000000e+01 -4.76466974e+00
 1.44000000e+01 0.00000000e+00 1.44000000e+01 6.68715212e+00 1.44000000e+01 -5.03383637e+00
 1.47000000e+01 0.00000000e+00 1.47000000e+01 7.60066794e+00 1.47000000e+01 -4.45826513e+00
 1.50000000e+01 0.00000000e+00 1.50000000e+01 5.83864079e+00 1.50000000e+01 -5.05376188e+00
 1.53000000e+01 0.00000000e+00 1.53000000e+01 1.87103407e+00 1.53000000e+01 -4.36866316e+00
 1.56000000e+01 0.00000000e+00 1.56000000e+01 2.35413003e+00 1.56000000e+01 -3.75408923e+00
 1.59000000e+01 0.00000000e+00 1.59000000e+01 2.42390392e+00 1.59000000e+01 -3.32016074e+00
 1.62000000e+01 0.00000000e+00 1.62000000e+01 3.51634230e+00 1.62000000e+01 -3.61990767e+00
 1.65000000e+01 0.00000000e+00 1.65000000e+01 2.58084948e+00 1.65000000e+01 -3.71279908e+00
 1.68000000e+01 0.00000000e+00 1.68000000e+01 2.19719989e+00 1.68000000e+01 -3.77892355e+00
 1.71000000e+01 0.00000000e+00 1.71000000e+01 2.02264272e+00 1.71000000e+01 -3.18965120e+00
 1.74000000e+01 0.00000000e+00 1.74000000e+01 2.73426119e+00 1.74000000e+01 -4.08813146e+00
 1.77000000e+01 0.00000000e+00 1.77000000e+01 2.73737849e+00 1.77000000e+01 -3.61458559e+00
 1.80000000e+01 0.00000000e+00 1.80000000e+01 3.07330269e+00 1.80000000e+01 -3.66405665e+00
 1.83000000e+01 0.00000000e+00 1.83000000e+01 2.48277284e+00 1.83000000e+01 -3.55622644e+00
 1.86000000e+01 0.00000000e+00 1.86000000e+01 2.36486963e+00 1.86000000e+01 -3.94628151e+00
 1.89000000e+01 0.00000000e+00 1.89000000e+01 2.14706719e+00 1.89000000e+01 -3.41021943e+00
 1.92000000e+01 0.00000000e+00 1.92000000e+01 2.75982538e+00 1.92000000e+01 -3.91014257e+00
 1.95000000e+01 0.00000000e+00 1.95000000e+01 3.06005903e+00 1.95000000e+01 -4.12043238e+00
 1.98000000e+01 0.00000000e+00 1.98000000e+01 2.33701151e+00 1.98000000e+01 -3.97711987e+00
 2.01000000e+01 0.00000000e+00 2.01000000e+01 2.64475390e+00 2.01000000e+01 -3.81185567e+00
 2.04000000e+01 0.00000000e+00 2.04000000e+01 2.08843034e+00 2.04000000e+01 -4.07995587e+00
 2.07000000e+01 0.00000000e+00 2.07000000e+01 2.70465286e+00 2.07000000e+01 -3.54274889e+00
 2.10000000e+01 0.00000000e+00 2.10000000e+01 2.18971326e+00 2.10000000e+01 -3.61403058e+00
 2.13000000e+01 0.00000000e+00 2.13000000e+01 2.99408518e+00 2.13000000e+01 -3.51205089e+00
 2.16000000e+01 0.00000000e+00 2.16000000e+01 2.24084867e+00 2.16000000e+01 -3.72432558e+00
 2.19000000e+01 0.00000000e+00 2.19000000e+01 2.05170309e+00 2.19000000e+01 -3.42531756e+00
 2.22000000e+01 0.00000000e+00 2.22000000e+01 2.08546086e+00 2.22000000e+01 -3.80943477e+00
 2.25000000e+01 0.00000000e+00 2.25000000e+01 3.01452236e+00 2.25000000e+01 -3.41826523e+00
 2.28000000e+01 0.00000000e+00 2.28000000e+01 2.45679031e+00 2.28000000e+01 -3.61526836e+00
 2.31000000e+01 0.00000000e+00 2.31000000e+01 1.91791003e+00 2.31000000e+01 -3.58431128e+00
 2.34000000e+01 0.00000000e+00 2.34000000e+01 2.69901292e+00 2.34000000e+01 -4.08364867e+00
 2.37000000e+01 0.00000000e+00 2.37000000e+01 2.79646797e+00 2.37000000e+01 -3.83227287e+00
 2.40000000e+01 0.00000000e+00 2.40000000e+01 3.05245323e+00 2.40000000e+01 -3.77069258e+00
 2.43000000e+01 0.00000000e+00 2.43000000e+01 2.59130371e+00 2.43000000e+01 -4.02701341e+00
 2.46000000e+01 0.00000000e+00 2.46000000e+01 2.54295283e+00 2.46000000e+01 -3.53937214e+00
 2.49000000e+01 0.00000000e+00 2.49000000e+01 2.92197569e+00 2.49000000e+01 -3.39658751e+00
 2.52000000e+01 0.00000000e+00 2.52000000e+01 2.17131949e+00 2.52000000e+01 -3.63107375e+00
 2.55000000e+01 0.00000000e+00 2.55000000e+01 2.24829489e+00 2.55000000e+01 -4.06758469e+00
 2.58000000e+01 0.00000000e+00 2.58000000e+01 2.61014512e+00 2.58000000e+01 -3.69399994e+00
 2.61000000e+01 0.00000000e+00 2.61000000e+01 1.87202395e+00 2.61000000e+01 -4.33918690e+00
 2.64000000e+01 0.00000000e+00 2.64000000e+01 2.40953294e+00 2.64000000e+01 -3.93583392e+00
 2.67000000e+01 0.00000000e+00 2.67000000e+01 2.02738615e+00 2.67000000e+01 -4.08317064e+00
 2.70000000e+01 0.00000000e+00 2.70000000e+01 1.92734051e+00 2.70000000e+01 -4.28564406e+00
 2.73000000e+01 0.00000000e+00 2.73000000e+01 2.81740357e+00 2.73000000e+01 -4.23809773e+00
 2.76000000e+01 0.00000000e+00 2.76000000e+01 2.29195558e+00 2.76000000e+01 -4.02739097e+00
 2.79000000e+01 0.00000000e+00 2.79000000e+01 2.41729262e+00 2.79000000e+01 -4.16710866e+00
 2.82000000e+01 0.00000000e+00 2.82000000e+01 2.39314255e+00 2.82000000e+01 -3.90069349e+00
 2.85000000e+01 0.00000000e+00 2.85000000e+01 2.10890850e+00 2.85000000e+01 -4.24474920e+00
 2.88000000e+01 0.00000000e+00 2.88000000e+01 2.16987359e+00 2.88000000e+01 -4.08668401e+00
 2.91000000e+01 0.00000000e+00 2.91000000e+01 1.41150701e+00 2.91000000e+01 -4.24288540e+00
 2.94000000e+01 0.00000000e+00 2.94000000e+01 1.88381617e+00 2.94000000e+01 -4.19805130e+00
 2.97000000e+01 0.00000000e+00 2.97000000e+01 2.07025024e+00 2.97000000e+01 -4.59882560e+00
 3.00000000e+01 0.00000000e+00 3.00000000e+01 2.10605989e+00 3.00000000e+01 -4.07311655e+00
 3.03000000e+01 0.00000000e+00 3.03000000e+01 2.18728431e+00 3.03000000e+01 -3.58665088e+00
 3.06000000e+01 0.00000000e+00 3.06000000e+01 2.58204608e+00 3.06000000e+01 -3.62343333e+00
 3.09000000e+01 0.00000000e+00 3.09000000e+01 2.48038324e+00 3.09000000e+01 -3.98332848e+00
 3.12000000e+01 0.00000000e+00 3.12000000e+01 2.14352238e+00 3.12000000e+01 -3.98007286e+00
 3.15000000e+01 0.00000000e+00 3.15000000e+01 2.17888310e+00 3.15000000e+01 -4.19673699e+00
 3.18000000e+01 0.00000000e+00 3.18000000e+01 1.85778746e+00 3.18000000e+01 -3.90751286e+00
 3.21000000e+01 0.00000000e+00 3.21000000e+01 2.63006849e+00 3.21000000e+01 -4.04697479e+00
 3.24000000e+01 0.00000000e+00 3.24000000e+01 2.13369637e+00 3.24000000e+01 -4.07662155e+00
 3.27000000e+01 0.00000000e+00 3.27000000e+01 1.80083326e+00 3.27000000e+01 -4.18016669e+00
 3.30000000e+01 0.00000000e+00 3.30000000e+01 2.20665994e+00 3.30000000e+01 -3.09310349e+00
 3.33000000e+01 0.00000000e+00 3.33000000e+01 2.59508509e+00 3.33000000e+01 -3.76964608e+00
 3.36000000e+01 0.00000000e+00 3.36000000e+01 2.31104716e+00 3.36000000e+01 -3.80714688e+00
 3.39000000e+01 0.00000000e+00 3.39000000e+01 1.95960849e+00 3.39000000e+01 -3.86346724e+00
 3.42000000e+01 0.00000000e+00 3.42000000e+01 2.31180190e+00 3.42000000e+01 -4.38755502e+00
 3.45000000e+01 0.00000000e+00 3.45000000e+01 2.32570374e+00 3.45000000e+01 -4.22683353e+00
 3.48000000e+01 0.00000000e+00 3.48000000e+01 1.87030899e+00 3.48000000e+01 -3.74193749e+00
 3.51000000e+01 0.00000000e+00 3.51000000e+01 5.49465463e+00 3.51000000e+01 -4.50288836e+00
 3.54000000e+01 0.00000000e+00 3.54000000e+01 5.77590872e+00 3.54000000e+01 -3.38869868e+00
 3.57000000e+01 0.00000000e+00 3.57000000e+01 5.72614200e+00 3.57000000e+01 -4.70392155e+00
 3.60000000e+01 0.00000000e+00 3.60000000e+01 5.97426450e+00 3.60000000e+01 -3.34723454e+00
 3.63000000e+01 0.00000000e+00 3.63000000e+01 5.85028700e+00 3.63000000e+01 -4.05231469e+00
 3.66000000e+01 0.00000000e+00 3.66000000e+01 6.05391874e+00 3.66000000e+01 -3.79288218e+00
 3.69000000e+01 0.00000000e+00 3.69000000e+01 6.50300623e+00 3.69000000e+01 -3.81848366e+00
 3.72000000e+01 0.00000000e+00 3.72000000e+01 5.80794367e+00 3.72000000e+01 -4.83583997e+00
 3.75000000e+01 0.00000000e+00 3.75000000e+01 5.19634975e+00 3.75000000e+01 -3.70104678e+00
 3.78000000e+01 0.00000000e+00 3.78000000e+01 5.49413373e+00 3.78000000e+01 -3.75578387e+00
 3.81000000e+01 0.00000000e+00 3.81000000e+01 5.46863570e+00 3.81000000e+01 -4.53876859e+00
 3.84000000e+01 0.00000000e+00 3.84000000e+01 5.78315752e+00 3.84000000e+01 -4.36213480e+00
 3.87000000e+01 0.00000000e+00 3.87000000e+01 5.65965617e+00 3.87000000e+01 -3.91695045e+00
 3.90000000e+01 0.00000000e+00 3.90000000e+01 5.74245685e+00 3.90000000e+01 -3.86904871e+00
 3.93000000e+01 0.00000000e+00 3.93000000e+01 5.86462632e+00 3.93000000e+01 -3.78226890e+00
 3.96000000e+01 0.00000000e+00 3.96000000e+01 5.68391037e+00 3.96000000e+01 -4.18665809e+00
 3.99000000e+01 0.00000000e+00 3.99000000e+01 6.17165053e+00 3.99000000e+01 -3.94651060e+00
 4.02000000e+01 0.00000000e+00 4.02000000e+01 5.34862193e+00 4.02000000e+01 -2.10667576e+00
 4.05000000e+01 0.00000000e+00 4.05000000e+01 5.15032196e+00 4.05000000e+01 -2.75032747e+00
 4.08000000e+01 0.00000000e+00 4.08000000e+01 4.84777887e+00 4.08000000e+01 -2.36435046e+00
 4.11000000e+01 0.00000000e+00 4.11000000e+01 5.50371149e+00 4.11000000e+01 -2.58817456e+00
 4.14000000e+01 0.00000000e+00 4.14000000e+01 5.43584423e+00 4.14000000e+01 -2.86052825e+00
 4.17000000e+01 0.00000000e+00 4.17000000e+01 5.46996111e+00 4.17000000e+01 -3.00448118e+00
 4.20000000e+01 0.00000000e+00 4.20000000e+01 5.91583788e+00 4.20000000e+01 -2.27521250e+00
 4.23000000e+01 0.00000000e+00 4.23000000e+01 5.28258451e+00 4.23000000e+01 -2.56498695e+00
 4.26000000e+01 0.00000000e+00 4.26000000e+01 5.80686160e+00 4.26000000e+01 -2.93163528e+00
 4.29000000e+01 0.00000000e+00 4.29000000e+01 5.04698581e+00 4.29000000e+01 -2.10898377e+00
 4.32000000e+01 0.00000000e+00 4.32000000e+01 5.37152020e+00 4.32000000e+01 -1.91716170e+00
 4.35000000e+01 0.00000000e+00 4.35000000e+01 5.43612715e+00 4.35000000e+01 -3.04422823e+00
 4.38000000e+01 0.00000000e+00 4.38000000e+01 5.70103079e+00 4.38000000e+01 -2.49872006e+00
 4.41000000e+01 0.00000000e+00 4.41000000e+01 5.10611786e+00 4.41000000e+01 -2.42601038e+00
 4.44000000e+01 0.00000000e+00 4.44000000e+01 5.55432106e+00 4.44000000e+01 -2.95403743e+00
 4.47000000e+01 0.00000000e+00 4.47000000e+01 5.49670706e+00 4.47000000e+01 -2.17005932e+00
 4.50000000e+01 0.00000000e+00 4.50000000e+01 5.11772102e+00 4.50000000e+01 -2.54113312e+00
 4.53000000e+01 0.00000000e+00 4.53000000e+01 5.27605063e+00 4.53000000e+01 -2.03564345e+00
 4.56000000e+01 0.00000000e+00 4.56000000e+01 5.34457103e+00 4.56000000e+01 -3.41340728e+00
 4.59000000e+01 0.00000000e+00 4.59000000e+01 5.33887191e+00 4.59000000e+01 -2.48541127e+00
 4.62000000e+01 0.00000000e+00 4.62000000e+01 4.85680403e+00 4.62000000e+01 -1.99504724e+00
 4.65000000e+01 0.00000000e+00 4.65000000e+01 5.53803808e+00 4.65000000e+01 -2.44490066e+00
 4.68000000e+01 0.00000000e+00 4.68000000e+01 5.17870499e+00 4.68000000e+01 -2.29939330e+00
 4.71000000e+01 0.00000000e+00 4.71000000e+01 5.97000467e+00 4.71000000e+01 -2.69046189e+00
 4.74000000e+01 0.00000000e+00 4.74000000e+01 5.72076745e+00 4.74000000e+01 -2.96298385e+00
 4.77000000e+01 0.00000000e+00 4.77000000e+01 5.15029859e+00 4.77000000e+01 -2.54830617e+00
 4.80000000e+01 0.00000000e+00 4.80000000e+01 5.72086328e+00 4.80000000e+01 -2.45392857e+00
 4.83000000e+01 0.00000000e+00 4.83000000e+01 5.14277778e+00 4.83000000e+01 -2.87853385e+00
 4.86000000e+01 0.00000000e+00 4.86000000e+01 5.15532530e+00 4.86000000e+01 -2.63604204e+00
 4.89000000e+01 0.00000000e+00 4.89000000e+01 5.34317690e+00 4.89000000e+01 -1.92592517e+00
 4.92000000e+01 0.00000000e+00 4.92000000e+01 5.27700851e+00 4.92000000e+01 -2.58310570e+00
 4.95000000e+01 0.00000000e+00 4.95000000e+01 5.35662761e+00 4.95000000e+01 -2.29356751e+00
 4.98000000e+01 0.00000000e+00 4.98000000e+01 5.38801589e+00 4.98000000e+01 -2.83297325e+00
 5.01000000e+01 0.00000000e+00 5.01000000e+01 2.63567630e+00 5.01000000e+01 -3.67188071e+00
 5.04000000e+01 0.00000000e+00 5.04000000e+01 2.47996925e+00 5.04000000e+01 -3.34876595e+00
 5.07000000e+01 0.00000000e+00 5.07000000e+01 1.80165677e+00 5.07000000e+01 -4.37765278e+00
 5.10000000e+01 0.00000000e+00 5.10000000e+01 2.29564988e+00 5.10000000e+01 -4.03648924e+00
 5.13000000e+01 0.00000000e+00 5.13000000e+01 2.12937508e+00 5.13000000e+01 -4.04346815e+00
 5.16000000e+01 0.00000000e+00 5.16000000e+01 2.22609394e+00 5.16000000e+01 -3.89172825e+00
 5.19000000e+01 0.00000000e+00 5.19000000e+01 2.56224082e+00 5.19000000e+01 -3.81230583e+00
 5.22000000e+01 0.00000000e+00 5.22000000e+01 1.94695681e+00 5.22000000e+01 -4.10713152e+00
 5.25000000e+01 0.00000000e+00 5.25000000e+01 2.32571439e+00 5.25000000e+01 -4.54514642e+00
 5.28000000e+01 0.00000000e+00 5.28000000e+01 2.22663133e+00 5.28000000e+01 -3.86938740e+00
 5.31000000e+01 0.00000000e+00 5.31000000e+01 2.66008091e+00 5.31000000e+01 -4.32357058e+00
 5.34000000e+01 0.00000000e+00 5.34000000e+01 2.21672068e+00 5.34000000e+01 -3.97664781e+00
 5.37000000e+01 0.00000000e+00 5.37000000e+01 2.22818705e+00 5.37000000e+01 -4.09858085e+00
 5.40000000e+01 0.00000000e+00 5.40000000e+01 2.38423737e+00 5.40000000e+01 -4.23299842e+00
 5.43000000e+01 0.00000000e+00 5.43000000e+01 2.37665901e+00 5.43000000e+01 -3.58947731e+00
 5.46000000e+01 0.00000000e+00 5.46000000e+01 2.35531770e+00 5.46000000e+01 -4.23340480e+00
 5.49000000e+01 0.00000000e+00 5.49000000e+01 2.25492752e+00 5.49000000e+01 -3.83901666e+00
 5.52000000e+01 0.00000000e+00 5.52000000e+01 6.90481802e+00 5.52000000e+01 -4.64299488e+00
 5.55000000e+01 0.00000000e+00 5.55000000e+01 7.00028610e+00 5.55000000e+01 -4.50456396e+00
 5.58000000e+01 0.00000000e+00 5.58000000e+01 6.80297300e+00 5.58000000e+01 -5.14911878e+00
 5.61000000e+01 0.00000000e+00 5.61000000e+01 6.99295235e+00 5.61000000e+01 -4.43216041e+00
 5.64000000e+01 0.00000000e+00 5.64000000e+01 6.72526217e+00 5.64000000e+01 -4.75010798e+00
 5.67000000e+01 0.00000000e+00 5.67000000e+01 7.06992138e+00 5.67000000e+01 -4.63123957e+00
 5.70000000e+01 0.00000000e+00 5.70000000e+01 7.10965902e+00 5.70000000e+01 -5.09105479e+00
 5.73000000e+01 0.00000000e+00 5.73000000e+01 7.13623094e+00 5.73000000e+01 -4.68508885e+00
 5.76000000e+01 0.00000000e+00 5.76000000e+01 7.00191896e+00 5.76000000e+01 -4.09486195e+00
 5.79000000e+01 0.00000000e+00 5.79000000e+01 7.13080372e+00 5.79000000e+01 -5.33245078e+00
 5.82000000e+01 0.00000000e+00 5.82000000e+01 6.81299039e+00 5.82000000e+01 -4.89914710e+00
 5.85000000e+01 0.00000000e+00 5.85000000e+01 7.56242964e+00 5.85000000e+01 -4.73594687e+00
 5.88000000e+01 0.00000000e+00 5.88000000e+01 6.77489501e+00 5.88000000e+01 -4.69626452e+00
 5.91000000e+01 0.00000000e+00 5.91000000e+01 6.94345968e+00 5.91000000e+01 -5.21893731e+00
 5.94000000e+01 0.00000000e+00 5.94000000e+01 6.94239554e+00 5.94000000e+01 -4.07921200e+00
 5.97000000e+01 0.00000000e+00 5.97000000e+01 6.99042612e+00 5.97000000e+01 -4.40341943e+00
