 0.00000000e+00 0.00000000e+00 0.00000000e+00 7.65074789e+00 0.00000000e+00 -7.44927800e+00
 3.00000000e-01 0.00000000e+00 3.00000000e-01 8.17621318e+00 3.00000000e-01 -7.49048446e+00
 6.00000000e-01 0.00000000e+00 6.00000000e-01 7.40312261e+00 6.00000000e-01 -7.45323654e+00
 9.00000000e-01 0.00000000e+00 9.00000000e-01 7.64920344e+00 9.00000000e-01 -7.74481058e+00
 1.20000000e+00 0.00000000e+00 1.20000000e+00 7.32315434e+00 1.20000000e+00 -7.18270316e+00
 1.50000000e+00 0.00000000e+00 1.50000000e+00 7.35233584e+00 1.50000000e+00 -6.84150991e+00
 1.80000000e+00 0.00000000e+00 1.80000000e+00 7.98785522e+00 1.80000000e+00 -6.99995630e+00
 2.10000000e+00 0.00000000e+00 2.10000000e+00 7.36874398e+00 2.10000000e+00 -7.09902149e+00
 2.40000000e+00 0.00000000e+00 2.40000000e+00 7.22121786e+00 2.40000000e+00 -7.60073175e+00
 2.70000000e+00 0.00000000e+00 2.70000000e+00 7.42733199e+00 2.70000000e+00 -7.45580941e+00
 3.00000000e+00 0.00000000e+00 3.00000000e+00 8.17456541e+00 3.00000000e+00 -8.22541804e+00
 3.30000000e+00 0.00000000e+00 3.30000000e+00 7.57750294e+00 3.30000000e+00 -7.54744141e+00
 3.60000000e+00 0.00000000e+00 3.60000000e+00 6.83889952e+00 3.60000000e+00 -6.90532888e+00
 3.90000000e+00 0.00000000e+00 3.90000000e+00 7.63499574e+00 3.90000000e+00 -7.00503318e+00
 4.20000000e+00 0.00000000e+00 4.20000000e+00 7.71438240e+00 4.20000000e+00 -7.82652198e+00
 4.50000000e+00 0.00000000e+00 4.50000000e+00 8.27331239e+00 4.50000000e+00 -7.69946150e+00
 4.80000000e+00 0.00000000e+00 4.80000000e+00 7.08114872e+00 4.80000000e+00 -7.52282841e+00
 5.10000000e+00 0.00000000e+00 5.10000000e+00 7.57244116e+00 5.10000000e+00 -7.52803028e+00
 5.40000000e+00 0.00000000e+00 5.40000000e+00 7.48302627e+00 5.40000000e+00 -7.32044954e+00
 5.70000000e+00 0.00000000e+00 5.70000000e+00 7.88527005e+00 5.70000000e+00 -7.25241833e+00
 6.00000000e+00 0.00000000e+00 6.00000000e+00 8.07170963e+00 6.00000000e+00 -7.65683395e+00
 6.30000000e+00 0.00000000e+00 6.30000000e+00 7.73501458e+00 6.30000000e+00 -7.67100674e+00
 6.60000000e+00 0.00000000e+00 6.60000000e+00 7.83336125e+00 6.60000000e+00 -7.08765896e+00
 6.90000000e+00 0.00000000e+00 6.90000000e+00 7.56485914e+00 6.90000000e+00 -7.57503410e+00
 7.20000000e+00 0.00000000e+00 7.20000000e+00 7.36502246e+00 7.20000000e+00 -6.95857066e+00
 7.50000000e+00 0.00000000e+00 7.50000000e+00 7.87743882e+00 7.50000000e+00 -7.53041700e+00
 7.80000000e+00 0.00000000e+00 7.80000000e+00 8.00417481e+00 7.80000000e+00 -7.64466496e+00
 8.10000000e+00 0.00000000e+00 8.10000000e+00 7.75299745e+00 8.10000000e+00 -6.83177982e+00
 8.40000000e+00 0.00000000e+00 8.40000000e+00 7.64230852e+00 8.40000000e+00 -8.09568140e+00
 8.70000000e+00 0.00000000e+00 8.70000000e+00 6.84311356e+00 8.70000000e+00 -7.44324339e+00
 9.00000000e+00 0.00000000e+00 9.00000000e+00 7.72850036e+00 9.00000000e+00 -7.49514942e+00
 9.30000000e+00 0.00000000e+00 9.30000000e+00 7.27952762e+00 9.30000000e+00 -7.40916005e+00
 9.60000000e+00 0.00000000e+00 9.60000000e+00 7.47455991e+00 9.60000000e+00 -7.44484819e+00
 9.90000000e+00 0.00000000e+00 9.90000000e+00 8.20163236e+00 9.90000000e+00 -7.35919725e+00
 1.02000000e+01 0.00000000e+00 1.02000000e+01 7.94144756e+00 1.02000000e+01 -7.54856561e+00
 1.05000000e+01 0.00000000e+00 1.05000000e+01 7.46277101e+00 1.05000000e+01 -7.15788350e+00
 1.08000000e+01 0.00000000e+00 1.08000000e+01 6.77576462e+00 1.08000000e+01 -7.35506431e+00
 1.11000000e+01 0.00000000e+00 1.11000000e+01 6.86220707e+00 1.11000000e+01 -7.13747238e+00
 1.14000000e+01 0.00000000e+00 1.14000000e+01 7.36798326e+00 1.14000000e+01 -7.02412680e+00
 1.17000000e+01 0.00000000e+00 1.17000000e+01 7.18112516e+00 1.17000000e+01 -7.18714789e+00
 1.20000000e+01 0.00000000e+00 1.20000000e+01 7.75640621e+00 1.20000000e+01 -6.81436824e+00
 1.23000000e+01 0.00000000e+00 1.23000000e+01 7.61703817e+00 1.23000000e+01 -7.49714530e+00
 1.26000000e+01 0.00000000e+00 1.26000000e+01 7.67549677e+00 1.26000000e+01 -7.25036524e+00
 1.29000000e+01 0.00000000e+00 1.29000000e+01 7.66614835e+00 1.29000000e+01 -7.15350022e+00
 1.32000000e+01 0.00000000e+00 1.32000000e+01 7.55198950e+00 1.32000000e+01 -7.28149031e+00
 1.35000000e+01 0.00000000e+00 1.35000000e+01 7.82949624e+00 1.35000000e+01 -6.91979455e+00
 1.38000000e+01 0.00000000e+00 1.38000000e+01 7.39761197e+00 1.38000000e+01 -7.79581271e+00
 1.41000000e+01 0.00000000e+00 1.41000000e+01 7.86038802e+00 1.41000000e+01 -7.03840021e+00
 1.44000000e+01 0.00000000e+00 1.44000000e+01 8.05141226e+00 1.44000000e+01 -7.09510789e+00
 1.47000000e+01 0.00000000e+00 1.47000000e+01 7.67868223e+00 1.47000000e+01 -7.25131066e+00
 1.50000000e+01 0.00000000e+00 1.50000000e+01 7.83666386e+00 1.50000000e+01 -7.19126950e+00
 1.53000000e+01 0.00000000e+00 1.53000000e+01 2.29542607e+00 1.53000000e+01 -6.19897813e+00
 1.56000000e+01 0.00000000e+00 1.56000000e+01 2.51209667e+00 1.56000000e+01 -5.69623302e+00
 1.59000000e+01 0.00000000e+00 1.59000000e+01 2.18627916e+00 1.59000000e+01 -5.83157324e+00
 1.62000000e+01 0.00000000e+00 1.62000000e+01 3.37591338e+00 1.62000000e+01 -6.06438198e+00
 1.65000000e+01 0.00000000e+00 1.65000000e+01 2.52399686e+00 1.65000000e+01 -6.18508856e+00
 1.68000000e+01 0.00000000e+00 1.68000000e+01 2.50736871e+00 1.68000000e+01 -6.14283193e+00
 1.71000000e+01 0.00000000e+00 1.71000000e+01 2.65063650e+00 1.71000000e+01 -5.59538078e+00
 1.74000000e+01 0.00000000e+00 1.74000000e+01 2.75365812e+00 1.74000000e+01 -5.75028496e+00
 1.77000000e+01 0.00000000e+00 1.77000000e+01 3.11735740e+00 1.77000000e+01 -6.27800469e+00
 1.80000000e+01 0.00000000e+00 1.80000000e+01 2.68827306e+00 1.80000000e+01 -5.97281416e+00
 1.83000000e+01 0.00000000e+00 1.83000000e+01 3.26929893e+00 1.83000000e+01 -6.13423627e+00
 1.86000000e+01 0.00000000e+00 1.86000000e+01 2.75824029e+00 1.86000000e+01 -6.03070477e+00
 1.89000000e+01 0.00000000e+00 1.89000000e+01 3.46448917e+00 1.89000000e+01 -6.18449397e+00
 1.92000000e+01 0.00000000e+00 1.92000000e+01 2.09727065e+00 1.92000000e+01 -6.07232571e+00
 1.95000000e+01 0.00000000e+00 1.95000000e+01 2.83915405e+00 1.95000000e+01 -6.40284623e+00
 1.98000000e+01 0.00000000e+00 1.98000000e+01 2.79714870e+00 1.98000000e+01 -5.87789154e+00
 2.01000000e+01 0.00000000e+00 2.01000000e+01 3.44577809e+00 2.01000000e+01 -5.87029229e+00
 2.04000000e+01 0.00000000e+00 2.04000000e+01 2.50428023e+00 2.04000000e+01 -6.23940222e+00
 2.07000000e+01 0.00000000e+00 2.07000000e+01 2.95258199e+00 2.07000000e+01 -6.52324512e+00
 2.10000000e+01 0.00000000e+00 2.10000000e+01 2.95003330e+00 2.10000000e+01 -6.08363302e+00
 2.13000000e+01 0.00000000e+00 2.13000000e+01 2.77243596e+00 2.13000000e+01 -6.47734043e+00
 2.16000000e+01 0.00000000e+00 2.16000000e+01 2.71088179e+00 2.16000000e+01 -5.91205547e+00
 2.19000000e+01 0.00000000e+00 2.19000000e+01 3.16781740e+00 2.19000000e+01 -6.54229806e+00
 2.22000000e+01 0.00000000e+00 2.22000000e+01 2.80122728e+00 2.22000000e+01 -6.27354589e+00
 2.25000000e+01 0.00000000e+00 2.25000000e+01 2.65163808e+00 2.25000000e+01 -6.34310179e+00
 2.28000000e+01 0.00000000e+00 2.28000000e+01 2.95391383e+00 2.28000000e+01 -5.89502294e+00
 2.31000000e+01 0.00000000e+00 2.31000000e+01 2.45034407e+00 2.31000000e+01 -6.17810160e+00
 2.34000000e+01 0.00000000e+00 2.34000000e+01 2.64177134e+00 2.34000000e+01 -6.38401295e+00
 2.37000000e+01 0.00000000e+00 2.37000000e+01 2.52110238e+00 2.37000000e+01 -6.42134579e+00
 2.40000000e+01 0.00000000e+00 2.40000000e+01 3.29249242e+00 2.40000000e+01 -6.36574360e+00
 2.43000000e+01 0.00000000e+00 2.43000000e+01 2.91389431e+00 2.43000000e+01 -5.94247977e+00
 2.46000000e+01 0.00000000e+00 2.46000000e+01 2.81528162e+00 2.46000000e+01 -6.45006262e+00
 2.49000000e+01 0.00000000e+00 2.49000000e+01 3.07651900e+00 2.49000000e+01 -6.41416957e+00
 2.52000000e+01 0.00000000e+00 2.52000000e+01 2.84025827e+00 2.52000000e+01 -3.43524122e+00
 2.55000000e+01 0.00000000e+00 2.55000000e+01 3.18819442e+00 2.55000000e+01 -4.01027449e+00
 2.58000000e+01 0.00000000e+00 2.58000000e+01 3.27927196e+00 2.58000000e+01 -3.96463507e+00
 2.61000000e+01 0.00000000e+00 2.61000000e+01 3.27832539e+00 2.61000000e+01 -3.97723159e+00
 2.64000000e+01 0.00000000e+00 2.64000000e+01 3.33970284e+00 2.64000000e+01 -3.92352001e+00
 2.67000000e+01 0.00000000e+00 2.67000000e+01 2.40230474e+00 2.67000000e+01 -4.31352929e+00
 2.70000000e+01 0.00000000e+00 2.70000000e+01 2.76465955e+00 2.70000000e+01 -3.90901439e+00
 2.73000000e+01 0.00000000e+00 2.73000000e+01 3.01055309e+00 2.73000000e+01 -3.71183130e+00
 2.76000000e+01 0.00000000e+00 2.76000000e+01 2.34701266e+00 2.76000000e+01 -4.09860264e+00
 2.79000000e+01 0.00000000e+00 2.79000000e+01 2.86610404e+00 2.79000000e+01 -4.18092374e+00
 2.82000000e+01 0.00000000e+00 2.82000000e+01 2.75308589e+00 2.82000000e+01 -3.50593797e+00
 2.85000000e+01 0.00000000e+00 2.85000000e+01 2.61067330e+00 2.85000000e+01 -3.76458614e+00
 2.88000000e+01 0.00000000e+00 2.88000000e+01 2.77506256e+00 2.88000000e+01 -3.84589397e+00
 2.91000000e+01 0.00000000e+00 2.91000000e+01 2.47192500e+00 2.91000000e+01 -3.80693099e+00
 2.94000000e+01 0.00000000e+00 2.94000000e+01 3.21417022e+00 2.94000000e+01 -2.93104275e+00
 2.97000000e+01 0.00000000e+00 2.97000000e+01 3.44539539e+00 2.97000000e+01 -3.50015323e+00
 3.00000000e+01 0.00000000e+00 3.00000000e+01 3.31981276e+00 3.00000000e+01 -4.25064555e+00
 3.03000000e+01 0.00000000e+00 3.03000000e+01 2.86782888e+00 3.03000000e+01 -4.39807700e+00
 3.06000000e+01 0.00000000e+00 3.06000000e+01 3.18651076e+00 3.06000000e+01 -4.77016872e+00
 3.09000000e+01 0.00000000e+00 3.09000000e+01 3.28583148e+00 3.09000000e+01 -3.87946879e+00
 3.12000000e+01 0.00000000e+00 3.12000000e+01 2.99103341e+00 3.12000000e+01 -3.84390426e+00
 3.15000000e+01 0.00000000e+00 3.15000000e+01 3.11119041e+00 3.15000000e+01 -4.19063352e+00
 3.18000000e+01 0.00000000e+00 3.18000000e+01 3.12068832e+00 3.18000000e+01 -3.51471421e+00
 3.21000000e+01 0.00000000e+00 3.21000000e+01 3.05553918e+00 3.21000000e+01 -3.61875236e+00
 3.24000000e+01 0.00000000e+00 3.24000000e+01 2.84473295e+00 3.24000000e+01 -3.64892590e+00
 3.27000000e+01 0.00000000e+00 3.27000000e+01 3.22198216e+00 3.27000000e+01 -3.44928942e+00
 3.30000000e+01 0.00000000e+00 3.30000000e+01 3.36287264e+00 3.30000000e+01 -3.95621579e+00
 3.33000000e+01 0.00000000e+00 3.33000000e+01 3.26727306e+00 3.33000000e+01 -3.86430693e+00
 3.36000000e+01 0.00000000e+00 3.36000000e+01 2.62734333e+00 3.36000000e+01 -3.78754412e+00
 3.39000000e+01 0.00000000e+00 3.39000000e+01 2.84411252e+00 3.39000000e+01 -3.15088745e+00
 3.42000000e+01 0.00000000e+00 3.42000000e+01 2.79520159e+00 3.42000000e+01 -4.51994482e+00
 3.45000000e+01 0.00000000e+00 3.45000000e+01 3.42309178e+00 3.45000000e+01 -4.30581647e+00
 3.48000000e+01 0.00000000e+00 3.48000000e+01 3.16121758e+00 3.48000000e+01 -3.73108796e+00
 3.51000000e+01 0.00000000e+00 3.51000000e+01 6.12217474e+00 3.51000000e+01 -3.70866072e+00
 3.54000000e+01 0.00000000e+00 3.54000000e+01 6.16110021e+00 3.54000000e+01 -3.84833859e+00
 3.57000000e+01 0.00000000e+00 3.57000000e+01 6.42658613e+00 3.57000000e+01 -3.52809804e+00
 3.60000000e+01 0.00000000e+00 3.60000000e+01 6.13739527e+00 3.60000000e+01 -3.33109439e+00
 3.63000000e+01 0.00000000e+00 3.63000000e+01 6.60729831e+00 3.63000000e+01 -3.81896175e+00
 3.66000000e+01 0.00000000e+00 3.66000000e+01 5.75428746e+00 3.66000000e+01 -2.91451040e+00
 3.69000000e+01 0.00000000e+00 3.69000000e+01 6.89350643e+00 3.69000000e+01 -3.28678789e+00
 3.72000000e+01 0.00000000e+00 3.72000000e+01 6.17197268e+00 3.72000000e+01 -2.75929389e+00
 3.75000000e+01 0.00000000e+00 3.75000000e+01 5.87687060e+00 3.75000000e+01 -3.22113477e+00
 3.78000000e+01 0.00000000e+00 3.78000000e+01 5.75457698e+00 3.78000000e+01 -3.14393717e+00
 3.81000000e+01 0.00000000e+00 3.81000000e+01 7.08544860e+00 3.81000000e+01 -2.90947507e+00
 3.84000000e+01 0.00000000e+00 3.84000000e+01 6.52870796e+00 3.84000000e+01 -2.94327712e+00
 3.87000000e+01 0.00000000e+00 3.87000000e+01 6.42160421e+00 3.87000000e+01 -3.33026794e+00
 3.90000000e+01 0.00000000e+00 3.90000000e+01 5.75951377e+00 3.90000000e+01 -3.52434580e+00
 3.93000000e+01 0.00000000e+00 3.93000000e+01 6.16704284e+00 3.93000000e+01 -2.68223757e+00
 3.96000000e+01 0.00000000e+00 3.96000000e+01 6.32952957e+00 3.96000000e+01 -3.53828632e+00
 3.99000000e+01 0.00000000e+00 3.99000000e+01 6.45572927e+00 3.99000000e+01 -3.67044983e+00
 4.02000000e+01 0.00000000e+00 4.02000000e+01 6.80424038e+00 4.02000000e+01 -4.42653977e+00
 4.05000000e+01 0.00000000e+00 4.05000000e+01 5.80777704e+00 4.05000000e+01 -4.32517002e+00
 4.08000000e+01 0.00000000e+00 4.08000000e+01 6.08114009e+00 4.08000000e+01 -4.26787446e+00
 4.11000000e+01 0.00000000e+00 4.11000000e+01 6.21161360e+00 4.11000000e+01 -4.34980175e+00
 4.14000000e+01 0.00000000e+00 4.14000000e+01 6.34765776e+00 4.14000000e+01 -4.25371099e+00
 4.17000000e+01 0.00000000e+00 4.17000000e+01 6.36898932e+00 4.17000000e+01 -3.49060896e+00
 4.20000000e+01 0.00000000e+00 4.20000000e+01 6.89472075e+00 4.20000000e+01 -3.75084133e+00
 4.23000000e+01 0.00000000e+00 4.23000000e+01 6.07002851e+00 4.23000000e+01 -4.28162483e+00
 4.26000000e+01 0.00000000e+00 4.26000000e+01 6.75121021e+00 4.26000000e+01 -4.41796384e+00
 4.29000000e+01 0.00000000e+00 4.29000000e+01 6.25609686e+00 4.29000000e+01 -4.00587739e+00
 4.32000000e+01 0.00000000e+00 4.32000000e+01 6.14852142e+00 4.32000000e+01 -3.91772730e+00
 4.35000000e+01 0.00000000e+00 4.35000000e+01 6.64424726e+00 4.35000000e+01 -4.10004910e+00
 4.38000000e+01 0.00000000e+00 4.38000000e+01 6.63438311e+00 4.38000000e+01 -4.70783175e+00
 4.41000000e+01 0.00000000e+00 4.41000000e+01 6.14127613e+00 4.41000000e+01 -3.89440194e+00
 4.44000000e+01 0.00000000e+00 4.44000000e+01 6.75192963e+00 4.44000000e+01 -3.80433425e+00
 4.47000000e+01 0.00000000e+00 4.47000000e+01 6.70929674e+00 4.47000000e+01 -3.80775888e+00
 4.50000000e+01 0.00000000e+00 4.50000000e+01 5.63069216e+00 4.50000000e+01 -3.92624447e+00
 4.53000000e+01 0.00000000e+00 4.53000000e+01 6.69626312e+00 4.53000000e+01 -4.33360053e+00
 4.56000000e+01 0.00000000e+00 4.56000000e+01 6.09096766e+00 4.56000000e+01 -4.31310522e+00
 4.59000000e+01 0.00000000e+00 4.59000000e+01 6.14970348e+00 4.59000000e+01 -3.87306293e+00
 4.62000000e+01 0.00000000e+00 4.62000000e+01 5.91774992e+00 4.62000000e+01 -3.96210407e+00
 4.65000000e+01 0.00000000e+00 4.65000000e+01 6.48927336e+00 4.65000000e+01 -4.71256053e+00
 4.68000000e+01 0.00000000e+00 4.68000000e+01 5.95804207e+00 4.68000000e+01 -3.70122973e+00
 4.71000000e+01 0.00000000e+00 4.71000000e+01 6.86374399e+00 4.71000000e+01 -4.42529403e+00
 4.74000000e+01 0.00000000e+00 4.74000000e+01 6.23843911e+00 4.74000000e+01 -3.99231670e+00
 4.77000000e+01 0.00000000e+00 4.77000000e+01 6.42957923e+00 4.77000000e+01 -4.00954895e+00
 4.80000000e+01 0.00000000e+00 4.80000000e+01 5.93172651e+00 4.80000000e+01 -3.67546832e+00
 4.83000000e+01 0.00000000e+00 4.83000000e+01 6.51129690e+00 4.83000000e+01 -3.97842853e+00
 4.86000000e+01 0.00000000e+00 4.86000000e+01 6.32881907e+00 4.86000000e+01 -3.72391175e+00
 4.89000000e+01 0.00000000e+00 4.89000000e+01 6.30003778e+00 4.89000000e+01 -3.70656880e+00
 4.92000000e+01 0.00000000e+00 4.92000000e+01 6.23439315e+00 4.92000000e+01 -3.85753382e+00
 4.95000000e+01 0.00000000e+00 4.95000000e+01 6.50914793e+00 4.95000000e+01 -3.89356594e+00
 4.98000000e+01 0.00000000e+00 4.98000000e+01 5.72732458e+00 4.98000000e+01 -3.60022795e+00
 5.01000000e+01 0.00000000e+00 5.01000000e+01 3.66231129e+00 5.01000000e+01 -4.39862645e+00
 5.04000000e+01 0.00000000e+00 5.04000000e+01 3.13244252e+00 5.04000000e+01 -3.82873663e+00
 5.07000000e+01 0.00000000e+00 5.07000000e+01 3.67164221e+00 5.07000000e+01 -3.88889324e+00
 5.10000000e+01 0.00000000e+00 5.10000000e+01 2.93893505e+00 5.10000000e+01 -4.21277378e+00
 5.13000000e+01 0.00000000e+00 5.13000000e+01 3.43006563e+00 5.13000000e+01 -4.31363639e+00
 5.16000000e+01 0.00000000e+00 5.16000000e+01 3.81820632e+00 5.16000000e+01 -4.26666765e+00
 5.19000000e+01 0.00000000e+00 5.19000000e+01 3.17159082e+00 5.19000000e+01 -4.02712664e+00
 5.22000000e+01 0.00000000e+00 5.22000000e+01 3.88420228e+00 5.22000000e+01 -4.01494800e+00
 5.25000000e+01 0.00000000e+00 5.25000000e+01 2.98512192e+00 5.25000000e+01 -4.61322681e+00
 5.28000000e+01 0.00000000e+00 5.28000000e+01 3.60194750e+00 5.28000000e+01 -4.01753949e+00
 5.31000000e+01 0.00000000e+00 5.31000000e+01 3.83424868e+00 5.31000000e+01 -4.34390796e+00
 5.34000000e+01 0.00000000e+00 5.34000000e+01 3.74008518e+00 5.34000000e+01 -4.48234598e+00
 5.37000000e+01 0.00000000e+00 5.37000000e+01 3.50318362e+00 5.37000000e+01 -3.56458295e+00
 5.40000000e+01 0.00000000e+00 5.40000000e+01 3.50258716e+00 5.40000000e+01 -3.46905104e+00
 5.43000000e+01 0.00000000e+00 5.43000000e+01 3.61850583e+00 5.43000000e+01 -3.57217172e+00
 5.46000000e+01 0.00000000e+00 5.46000000e+01 2.92846559e+00 5.46000000e+01 -3.23023555e+00
 5.49000000e+01 0.00000000e+00 5.49000000e+01 3.68534794e+00 5.49000000e+01 -3.70102717e+00
 5.52000000e+01 0.00000000e+00 5.52000000e+01 7.60038319e+00 5.52000000e+01 -7.05655405e+00
 5.55000000e+01 0.00000000e+00 5.55000000e+01 7.90610149e+00 5.55000000e+01 -7.13928881e+00
 5.58000000e+01 0.00000000e+00 5.58000000e+01 7.61868449e+00 5.58000000e+01 -7.89934586e+00
 5.61000000e+01 0.00000000e+00 5.61000000e+01 7.34972264e+00 5.61000000e+01 -7.00675118e+00
 5.64000000e+01 0.00000000e+00 5.64000000e+01 8.00221395e+00 5.64000000e+01 -7.50838657e+00
 5.67000000e+01 0.00000000e+00 5.67000000e+01 7.56440651e+00 5.67000000e+01 -7.37419241e+00
 5.70000000e+01 0.00000000e+00 5.70000000e+01 8.03562525e+00 5.70000000e+01 -7.64869885e+00
 5.73000000e+01 0.00000000e+00 5.73000000e+01 7.16344197e+00 5.73000000e+01 -7.18519756e+00
 5.76000000e+01 0.00000000e+00 5.76000000e+01 7.38653776e+00 5.76000000e+01 -7.60707120e+00
 5.79000000e+01 0.00000000e+00 5.79000000e+01 7.94095994e+00 5.79000000e+01 -7.53346477e+00
 5.82000000e+01 0.00000000e+00 5.82000000e+01 7.46895670e+00 5.82000000e+01 -7.41336559e+00
 5.85000000e+01 0.00000000e+00 5.85000000e+01 7.15505630e+00 5.85000000e+01 -6.99719657e+00
 5.88000000e+01 0.00000000e+00 5.88000000e+01 7.40702036e+00 5.88000000e+01 -7.43400735e+00
 5.91000000e+01 0.00000000e+00 5.91000000e+01 7.12831800e+00 5.91000000e+01 -7.22155915e+00
 5.94000000e+01 0.00000000e+00 5.94000000e+01 7.45888739e+00 5.94000000e+01 -7.54921806e+00
 5.97000000e+01 0.00000000e+00 5.97000000e+01 7.88357832e+00 5.97000000e+01 -7.17941643e+00
