 0.00000000e+00 0.00000000e+00 0.00000000e+00 7.65540356e+00 0.00000000e+00 -4.03066992e+00
 3.00000000e-01 0.00000000e+00 3.00000000e-01 7.58265399e+00 3.00000000e-01 -4.62479275e+00
 6.00000000e-01 0.00000000e+00 6.00000000e-01 7.54002322e+00 6.00000000e-01 -3.64261300e+00
 9.00000000e-01 0.00000000e+00 9.00000000e-01 7.78608046e+00 9.00000000e-01 -3.79783375e+00
 1.20000000e+00 0.00000000e+00 1.20000000e+00 7.99288620e+00 1.20000000e+00 -4.61354271e+00
 1.50000000e+00 0.00000000e+00 1.50000000e+00 7.99699959e+00 1.50000000e+00 -4.19745824e+00
 1.80000000e+00 0.00000000e+00 1.80000000e+00 7.93365846e+00 1.80000000e+00 -3.96173144e+00
 2.10000000e+00 0.00000000e+00 2.10000000e+00 7.43118118e+00 2.10000000e+00 -3.43118112e+00
 2.40000000e+00 0.00000000e+00 2.40000000e+00 7.05216761e+00 2.40000000e+00 -4.03180156e+00
 2.70000000e+00 0.00000000e+00 2.70000000e+00 7.78120647e+00 2.70000000e+00 -4.38207856e+00
 3.00000000e+00 0.00000000e+00 3.00000000e+00 7.13928574e+00 3.00000000e+00 -3.44081883e+00
 3.30000000e+00 0.00000000e+00 3.30000000e+00 7.92761841e+00 3.30000000e+00 -4.07550955e+00
 3.60000000e+00 0.00000000e+00 3.60000000e+00 7.14699087e+00 3.60000000e+00 -4.23567068e+00
 3.90000000e+00 0.00000000e+00 3.90000000e+00 7.54524339e+00 3.90000000e+00 -3.95066483e+00
 4.20000000e+00 0.00000000e+00 4.20000000e+00 8.14426891e+00 4.20000000e+00 -3.81899723e+00
 4.50000000e+00 0.00000000e+00 4.50000000e+00 7.99749791e+00 4.50000000e+00 -3.73172967e+00
 4.80000000e+00 0.00000000e+00 4.80000000e+00 6.89006538e+00 4.80000000e+00 -3.94001673e+00
 5.10000000e+00 0.00000000e+00 5.10000000e+00 7.75020558e+00 5.10000000e+00 -3.14084413e+00
 5.40000000e+00 0.00000000e+00 5.40000000e+00 7.53993592e+00 5.40000000e+00 -3.61295708e+00
 5.70000000e+00 0.00000000e+00 5.70000000e+00 7.66976465e+00 5.70000000e+00 -3.67557545e+00
 6.00000000e+00 0.00000000e+00 6.00000000e+00 7.13891410e+00 6.00000000e+00 -3.24642975e+00
 6.30000000e+00 0.00000000e+00 6.30000000e+00 7.45208205e+00 6.30000000e+00 -3.72228720e+00
 6.60000000e+00 0.00000000e+00 6.60000000e+00 7.83835298e+00 6.60000000e+00 -3.81281183e+00
 6.90000000e+00 0.00000000e+00 6.90000000e+00 7.58777924e+00 6.90000000e+00 -4.04129142e+00
 7.20000000e+00 0.00000000e+00 7.20000000e+00 7.81300478e+00 7.20000000e+00 -3.64232253e+00
 7.50000000e+00 0.00000000e+00 7.50000000e+00 8.20246596e+00 7.50000000e+00 -3.96402299e+00
 7.80000000e+00 0.00000000e+00 7.80000000e+00 7.84420539e+00 7.80000000e+00 -3.93374195e+00
 8.10000000e+00 0.00000000e+00 8.10000000e+00 7.75924195e+00 8.10000000e+00 -4.13048071e+00
 8.40000000e+00 0.00000000e+00 8.40000000e+00 7.83713318e+00 8.40000000e+00 -3.75327187e+00
 8.70000000e+00 0.00000000e+00 8.70000000e+00 7.40182436e+00 8.70000000e+00 -3.61155388e+00
 9.00000000e+00 0.00000000e+00 9.00000000e+00 8.16391082e+00 9.00000000e+00 -3.60967774e+00
 9.30000000e+00 0.00000000e+00 9.30000000e+00 7.56097635e+00 9.30000000e+00 -3.86820464e+00
 9.60000000e+00 0.00000000e+00 9.60000000e+00 7.24162818e+00 9.60000000e+00 -3.74775553e+00
 9.90000000e+00 0.00000000e+00 9.90000000e+00 7.62243830e+00 9.90000000e+00 -3.73667951e+00
 1.02000000e+01 0.00000000e+00 1.02000000e+01 7.83065170e+00 1.02000000e+01 -3.92155850e+00
 1.05000000e+01 0.00000000e+00 1.05000000e+01 7.86570313e+00 1.05000000e+01 -3.62646225e+00
 1.08000000e+01 0.00000000e+00 1.08000000e+01 7.66662987e+00 1.08000000e+01 -4.33571324e+00
 1.11000000e+01 0.00000000e+00 1.11000000e+01 6.93881087e+00 1.11000000e+01 -4.35845297e+00
 1.14000000e+01 0.00000000e+00 1.14000000e+01 7.79999986e+00 1.14000000e+01 -3.34205660e+00
 1.17000000e+01 0.00000000e+00 1.17000000e+01 7.62827115e+00 1.17000000e+01 -4.22122731e+00
 1.20000000e+01 0.00000000e+00 1.20000000e+01 8.13240558e+00 1.20000000e+01 -4.11861415e+00
 1.23000000e+01 0.00000000e+00 1.23000000e+01 8.18815384e+00 1.23000000e+01 -4.24099707e+00
 1.26000000e+01 0.00000000e+00 1.26000000e+01 7.75151382e+00 1.26000000e+01 -4.01019617e+00
 1.29000000e+01 0.00000000e+00 1.29000000e+01 7.72557546e+00 1.29000000e+01 -3.47788914e+00
 1.32000000e+01 0.00000000e+00 1.32000000e+01 7.55583560e+00 1.32000000e+01 -4.26532807e+00
 1.35000000e+01 0.00000000e+00 1.35000000e+01 8.47326037e+00 1.35000000e+01 -3.63203122e+00
 1.38000000e+01 0.00000000e+00 1.38000000e+01 7.79843399e+00 1.38000000e+01 -4.63706010e+00
 1.41000000e+01 0.00000000e+00 1.41000000e+01 7.45173611e+00 1.41000000e+01 -3.90683587e+00
 1.44000000e+01 0.00000000e+00 1.44000000e+01 7.33408437e+00 1.44000000e+01 -3.70709871e+00
 1.47000000e+01 0.00000000e+00 1.47000000e+01 7.80745212e+00 1.47000000e+01 -3.87627763e+00
 1.50000000e+01 0.00000000e+00 1.50000000e+01 7.90021232e+00 1.50000000e+01 -3.87658357e+00
 1.53000000e+01 0.00000000e+00 1.53000000e+01 1.97646919e+00 1.53000000e+01 -4.94206098e+00
 1.56000000e+01 0.00000000e+00 1.56000000e+01 2.35733639e+00 1.56000000e+01 -5.10796921e+00
 1.59000000e+01 0.00000000e+00 1.59000000e+01 1.84573345e+00 1.59000000e+01 -4.33811640e+00
 1.62000000e+01 0.00000000e+00 1.62000000e+01 1.87762585e+00 1.62000000e+01 -4.70460786e+00
 1.65000000e+01 0.00000000e+00 1.65000000e+01 2.33099842e+00 1.65000000e+01 -4.14464794e+00
 1.68000000e+01 0.00000000e+00 1.68000000e+01 2.02298133e+00 1.68000000e+01 -4.22581191e+00
 1.71000000e+01 0.00000000e+00 1.71000000e+01 2.08150885e+00 1.71000000e+01 -4.12799266e+00
 1.74000000e+01 0.00000000e+00 1.74000000e+01 2.32448408e+00 1.74000000e+01 -5.04389162e+00
 1.77000000e+01 0.00000000e+00 1.77000000e+01 1.97496570e+00 1.77000000e+01 -4.70739019e+00
 1.80000000e+01 0.00000000e+00 1.80000000e+01 2.04195047e+00 1.80000000e+01 -4.22953957e+00
 1.83000000e+01 0.00000000e+00 1.83000000e+01 1.34155979e+00 1.83000000e+01 -4.65752808e+00
 1.86000000e+01 0.00000000e+00 1.86000000e+01 2.23221010e+00 1.86000000e+01 -4.24621571e+00
 1.89000000e+01 0.00000000e+00 1.89000000e+01 2.74701490e+00 1.89000000e+01 -4.36023761e+00
 1.92000000e+01 0.00000000e+00 1.92000000e+01 2.46854960e+00 1.92000000e+01 -4.32926792e+00
 1.95000000e+01 0.00000000e+00 1.95000000e+01 2.45834662e+00 1.95000000e+01 -5.75862264e+00
 1.98000000e+01 0.00000000e+00 1.98000000e+01 1.75259209e+00 1.98000000e+01 -4.27305458e+00
 2.01000000e+01 0.00000000e+00 2.01000000e+01 1.68535711e+00 2.01000000e+01 -4.25036167e+00
 2.04000000e+01 0.00000000e+00 2.04000000e+01 2.59992129e+00 2.04000000e+01 -4.97977605e+00
 2.07000000e+01 0.00000000e+00 2.07000000e+01 2.57725007e+00 2.07000000e+01 -4.58060867e+00
 2.10000000e+01 0.00000000e+00 2.10000000e+01 2.26945655e+00 2.10000000e+01 -4.03448539e+00
 2.13000000e+01 0.00000000e+00 2.13000000e+01 1.92744039e+00 2.13000000e+01 -4.88007148e+00
 2.16000000e+01 0.00000000e+00 2.16000000e+01 2.69533081e+00 2.16000000e+01 -4.82622935e+00
 2.19000000e+01 0.00000000e+00 2.19000000e+01 1.90589508e+00 2.19000000e+01 -4.27518488e+00
 2.22000000e+01 0.00000000e+00 2.22000000e+01 1.95180970e+00 2.22000000e+01 -4.84000152e+00
 2.25000000e+01 0.00000000e+00 2.25000000e+01 2.53023927e+00 2.25000000e+01 -5.06904199e+00
 2.28000000e+01 0.00000000e+00 2.28000000e+01 1.98851387e+00 2.28000000e+01 -4.99103808e+00
 2.31000000e+01 0.00000000e+00 2.31000000e+01 2.38540609e+00 2.31000000e+01 -3.99681676e+00
 2.34000000e+01 0.00000000e+00 2.34000000e+01 1.99112952e+00 2.34000000e+01 -4.84549274e+00
 2.37000000e+01 0.00000000e+00 2.37000000e+01 1.90164954e+00 2.37000000e+01 -4.80631408e+00
 2.40000000e+01 0.00000000e+00 2.40000000e+01 2.32526041e+00 2.40000000e+01 -4.80026192e+00
 2.43000000e+01 0.00000000e+00 2.43000000e+01 2.06945212e+00 2.43000000e+01 -4.62184095e+00
 2.46000000e+01 0.00000000e+00 2.46000000e+01 1.93418699e+00 2.46000000e+01 -4.32124493e+00
 2.49000000e+01 0.00000000e+00 2.49000000e+01 2.44866900e+00 2.49000000e+01 -4.55466886e+00
 2.52000000e+01 0.00000000e+00 2.52000000e+01 2.10442291e+00 2.52000000e+01 -5.76803412e+00
 2.55000000e+01 0.00000000e+00 2.55000000e+01 2.80920958e+00 2.55000000e+01 -5.13277685e+00
 2.58000000e+01 0.00000000e+00 2.58000000e+01 1.88079726e+00 2.58000000e+01 -5.43418424e+00
 2.61000000e+01 0.00000000e+00 2.61000000e+01 3.16022664e+00 2.61000000e+01 -5.48509282e+00
 2.64000000e+01 0.00000000e+00 2.64000000e+01 3.04258195e+00 2.64000000e+01 -5.11860931e+00
 2.67000000e+01 0.00000000e+00 2.67000000e+01 2.48909954e+00 2.67000000e+01 -5.40278259e+00
 2.70000000e+01 0.00000000e+00 2.70000000e+01 2.23147719e+00 2.70000000e+01 -5.00208385e+00
 2.73000000e+01 0.00000000e+00 2.73000000e+01 2.28016074e+00 2.73000000e+01 -4.82639852e+00
 2.76000000e+01 0.00000000e+00 2.76000000e+01 2.65814123e+00 2.76000000e+01 -5.06614288e+00
 2.79000000e+01 0.00000000e+00 2.79000000e+01 2.83864475e+00 2.79000000e+01 -5.05810043e+00
 2.82000000e+01 0.00000000e+00 2.82000000e+01 2.07427011e+00 2.82000000e+01 -4.95068807e+00
 2.85000000e+01 0.00000000e+00 2.85000000e+01 2.76911581e+00 2.85000000e+01 -5.37370794e+00
 2.88000000e+01 0.00000000e+00 2.88000000e+01 3.21626539e+00 2.88000000e+01 -4.88722272e+00
 2.91000000e+01 0.00000000e+00 2.91000000e+01 2.45107576e+00 2.91000000e+01 -4.75389708e+00
 2.94000000e+01 0.00000000e+00 2.94000000e+01 2.42026854e+00 2.94000000e+01 -5.32171381e+00
 2.97000000e+01 0.00000000e+00 2.97000000e+01 2.94506664e+00 2.97000000e+01 -5.07237873e+00
 3.00000000e+01 0.00000000e+00 3.00000000e+01 2.95438788e+00 3.00000000e+01 -5.66472137e+00
 3.03000000e+01 0.00000000e+00 3.03000000e+01 2.19627746e+00 3.03000000e+01 -5.30818327e+00
 3.06000000e+01 0.00000000e+00 3.06000000e+01 2.05816390e+00 3.06000000e+01 -4.84347310e+00
 3.09000000e+01 0.00000000e+00 3.09000000e+01 2.43032788e+00 3.09000000e+01 -5.62657016e+00
 3.12000000e+01 0.00000000e+00 3.12000000e+01 2.49694628e+00 3.12000000e+01 -5.74207937e+00
 3.15000000e+01 0.00000000e+00 3.15000000e+01 2.41940851e+00 3.15000000e+01 -5.67329685e+00
 3.18000000e+01 0.00000000e+00 3.18000000e+01 1.99132343e+00 3.18000000e+01 -4.55785856e+00
 3.21000000e+01 0.00000000e+00 3.21000000e+01 2.28217868e+00 3.21000000e+01 -4.60215025e+00
 3.24000000e+01 0.00000000e+00 3.24000000e+01 3.16320608e+00 3.24000000e+01 -5.78536307e+00
 3.27000000e+01 0.00000000e+00 3.27000000e+01 2.00645892e+00 3.27000000e+01 -4.59985502e+00
 3.30000000e+01 0.00000000e+00 3.30000000e+01 1.98220746e+00 3.30000000e+01 -5.31785526e+00
 3.33000000e+01 0.00000000e+00 3.33000000e+01 2.71891029e+00 3.33000000e+01 -5.15425760e+00
 3.36000000e+01 0.00000000e+00 3.36000000e+01 2.53575420e+00 3.36000000e+01 -4.71435548e+00
 3.39000000e+01 0.00000000e+00 3.39000000e+01 3.07657719e+00 3.39000000e+01 -5.07948447e+00
 3.42000000e+01 0.00000000e+00 3.42000000e+01 2.12748600e+00 3.42000000e+01 -5.39165479e+00
 3.45000000e+01 0.00000000e+00 3.45000000e+01 2.56142944e+00 3.45000000e+01 -5.05609497e+00
 3.48000000e+01 0.00000000e+00 3.48000000e+01 2.95569163e+00 3.48000000e+01 -5.18942893e+00
 3.51000000e+01 0.00000000e+00 3.51000000e+01 5.21928020e+00 3.51000000e+01 -3.27640233e+00
 3.54000000e+01 0.00000000e+00 3.54000000e+01 4.71718414e+00 3.54000000e+01 -2.79909146e+00
 3.57000000e+01 0.00000000e+00 3.57000000e+01 4.76769383e+00 3.57000000e+01 -2.85612455e+00
 3.60000000e+01 0.00000000e+00 3.60000000e+01 4.90401493e+00 3.60000000e+01 -3.70003496e+00
 3.63000000e+01 0.00000000e+00 3.63000000e+01 4.15934773e+00 3.63000000e+01 -3.37140800e+00
 3.66000000e+01 0.00000000e+00 3.66000000e+01 4.77813388e+00 3.66000000e+01 -3.72333127e+00
 3.69000000e+01 0.00000000e+00 3.69000000e+01 4.86187662e+00 3.69000000e+01 -3.23205488e+00
 3.72000000e+01 0.00000000e+00 3.72000000e+01 5.03690739e+00 3.72000000e+01 -3.05937231e+00
 3.75000000e+01 0.00000000e+00 3.75000000e+01 4.90693145e+00 3.75000000e+01 -3.73272007e+00
 3.78000000e+01 0.00000000e+00 3.78000000e+01 4.91300599e+00 3.78000000e+01 -2.86580216e+00
 3.81000000e+01 0.00000000e+00 3.81000000e+01 4.77979815e+00 3.81000000e+01 -3.69360683e+00
 3.84000000e+01 0.00000000e+00 3.84000000e+01 4.50577685e+00 3.84000000e+01 -3.19030241e+00
 3.87000000e+01 0.00000000e+00 3.87000000e+01 4.61022981e+00 3.87000000e+01 -3.21273088e+00
 3.90000000e+01 0.00000000e+00 3.90000000e+01 4.88179392e+00 3.90000000e+01 -3.28653057e+00
 3.93000000e+01 0.00000000e+00 3.93000000e+01 4.81294744e+00 3.93000000e+01 -3.29397380e+00
 3.96000000e+01 0.00000000e+00 3.96000000e+01 5.14014035e+00 3.96000000e+01 -2.61642681e+00
 3.99000000e+01 0.00000000e+00 3.99000000e+01 4.46074452e+00 3.99000000e+01 -3.24856686e+00
 4.02000000e+01 0.00000000e+00 4.02000000e+01 5.96808648e+00 4.02000000e+01 -2.91545408e+00
 4.05000000e+01 0.00000000e+00 4.05000000e+01 5.38836834e+00 4.05000000e+01 -3.39514696e+00
 4.08000000e+01 0.00000000e+00 4.08000000e+01 5.62154486e+00 4.08000000e+01 -3.03065518e+00
 4.11000000e+01 0.00000000e+00 4.11000000e+01 5.64225949e+00 4.11000000e+01 -3.57821327e+00
 4.14000000e+01 0.00000000e+00 4.14000000e+01 5.47903005e+00 4.14000000e+01 -2.73883521e+00
 4.17000000e+01 0.00000000e+00 4.17000000e+01 5.54198322e+00 4.17000000e+01 -2.39894276e+00
 4.20000000e+01 0.00000000e+00 4.20000000e+01 5.68591064e+00 4.20000000e+01 -2.91675017e+00
 4.23000000e+01 0.00000000e+00 4.23000000e+01 5.09699164e+00 4.23000000e+01 -2.71382657e+00
 4.26000000e+01 0.00000000e+00 4.26000000e+01 5.53780492e+00 4.26000000e+01 -3.31685804e+00
 4.29000000e+01 0.00000000e+00 4.29000000e+01 5.59604419e+00 4.29000000e+01 -3.23780551e+00
 4.32000000e+01 0.00000000e+00 4.32000000e+01 5.51182956e+00 4.32000000e+01 -2.75829500e+00
 4.35000000e+01 0.00000000e+00 4.35000000e+01 5.88442538e+00 4.35000000e+01 -3.40777373e+00
 4.38000000e+01 0.00000000e+00 4.38000000e+01 5.60272957e+00 4.38000000e+01 -2.94816213e+00
 4.41000000e+01 0.00000000e+00 4.41000000e+01 5.60050653e+00 4.41000000e+01 -2.69246737e+00
 4.44000000e+01 0.00000000e+00 4.44000000e+01 5.43464076e+00 4.44000000e+01 -2.63544576e+00
 4.47000000e+01 0.00000000e+00 4.47000000e+01 5.05087458e+00 4.47000000e+01 -2.87294737e+00
 4.50000000e+01 0.00000000e+00 4.50000000e+01 5.19936355e+00 4.50000000e+01 -2.52733760e+00
 4.53000000e+01 0.00000000e+00 4.53000000e+01 5.16840609e+00 4.53000000e+01 -2.74842977e+00
 4.56000000e+01 0.00000000e+00 4.56000000e+01 4.72561412e+00 4.56000000e+01 -2.89300508e+00
 4.59000000e+01 0.00000000e+00 4.59000000e+01 5.58970056e+00 4.59000000e+01 -2.48611170e+00
 4.62000000e+01 0.00000000e+00 4.62000000e+01 5.42070006e+00 4.62000000e+01 -2.53901563e+00
 4.65000000e+01 0.00000000e+00 4.65000000e+01 5.71961576e+00 4.65000000e+01 -3.12709297e+00
 4.68000000e+01 0.00000000e+00 4.68000000e+01 5.38029486e+00 4.68000000e+01 -3.41369586e+00
 4.71000000e+01 0.00000000e+00 4.71000000e+01 5.27799044e+00 4.71000000e+01 -2.51346575e+00
 4.74000000e+01 0.00000000e+00 4.74000000e+01 5.44180967e+00 4.74000000e+01 -2.54557891e+00
 4.77000000e+01 0.00000000e+00 4.77000000e+01 5.23389338e+00 4.77000000e+01 -2.72383804e+00
 4.80000000e+01 0.00000000e+00 4.80000000e+01 5.07944746e+00 4.80000000e+01 -3.52728159e+00
 4.83000000e+01 0.00000000e+00 4.83000000e+01 5.25053467e+00 4.83000000e+01 -2.60137363e+00
 4.86000000e+01 0.00000000e+00 4.86000000e+01 5.30849640e+00 4.86000000e+01 -2.50418794e+00
 4.89000000e+01 0.00000000e+00 4.89000000e+01 4.92147377e+00 4.89000000e+01 -2.80511573e+00
 4.92000000e+01 0.00000000e+00 4.92000000e+01 4.82032146e+00 4.92000000e+01 -3.32427757e+00
 4.95000000e+01 0.00000000e+00 4.95000000e+01 5.09218734e+00 4.95000000e+01 -3.03596503e+00
 4.98000000e+01 0.00000000e+00 4.98000000e+01 5.66986594e+00 4.98000000e+01 -2.86383079e+00
 5.01000000e+01 0.00000000e+00 5.01000000e+01 3.31380030e+00 5.01000000e+01 -3.19412633e+00
 5.04000000e+01 0.00000000e+00 5.04000000e+01 2.99146192e+00 5.04000000e+01 -2.77974627e+00
 5.07000000e+01 0.00000000e+00 5.07000000e+01 2.52367925e+00 5.07000000e+01 -2.92694446e+00
 5.10000000e+01 0.00000000e+00 5.10000000e+01 2.47861214e+00 5.10000000e+01 -2.94078166e+00
 5.13000000e+01 0.00000000e+00 5.13000000e+01 2.95419895e+00 5.13000000e+01 -2.82769903e+00
 5.16000000e+01 0.00000000e+00 5.16000000e+01 2.90107310e+00 5.16000000e+01 -3.70375457e+00
 5.19000000e+01 0.00000000e+00 5.19000000e+01 2.68425214e+00 5.19000000e+01 -3.36741015e+00
 5.22000000e+01 0.00000000e+00 5.22000000e+01 2.50492737e+00 5.22000000e+01 -3.22858500e+00
 5.25000000e+01 0.00000000e+00 5.25000000e+01 3.22818950e+00 5.25000000e+01 -3.65612850e+00
 5.28000000e+01 0.00000000e+00 5.28000000e+01 2.53942153e+00 5.28000000e+01 -3.04979794e+00
 5.31000000e+01 0.00000000e+00 5.31000000e+01 2.61061711e+00 5.31000000e+01 -3.09836087e+00
 5.34000000e+01 0.00000000e+00 5.34000000e+01 3.30032467e+00 5.34000000e+01 -3.77917816e+00
 5.37000000e+01 0.00000000e+00 5.37000000e+01 2.90976967e+00 5.37000000e+01 -2.99068802e+00
 5.40000000e+01 0.00000000e+00 5.40000000e+01 2.50793926e+00 5.40000000e+01 -3.95767339e+00
 5.43000000e+01 0.00000000e+00 5.43000000e+01 2.48173353e+00 5.43000000e+01 -3.21899444e+00
 5.46000000e+01 0.00000000e+00 5.46000000e+01 3.00768527e+00 5.46000000e+01 -3.33302892e+00
 5.49000000e+01 0.00000000e+00 5.49000000e+01 2.63968448e+00 5.49000000e+01 -3.24750247e+00
 5.52000000e+01 0.00000000e+00 5.52000000e+01 7.96392368e+00 5.52000000e+01 -3.64174899e+00
 5.55000000e+01 0.00000000e+00 5.55000000e+01 7.23245291e+00 5.55000000e+01 -4.31542086e+00
 5.58000000e+01 0.00000000e+00 5.58000000e+01 7.98564647e+00 5.58000000e+01 -4.55285012e+00
 5.61000000e+01 0.00000000e+00 5.61000000e+01 8.13997385e+00 5.61000000e+01 -4.40195465e+00
 5.64000000e+01 0.00000000e+00 5.64000000e+01 7.54175418e+00 5.64000000e+01 -3.77776653e+00
 5.67000000e+01 0.00000000e+00 5.67000000e+01 8.13914951e+00 5.67000000e+01 -3.78094424e+00
 5.70000000e+01 0.00000000e+00 5.70000000e+01 7.51233902e+00 5.70000000e+01 -3.40066125e+00
 5.73000000e+01 0.00000000e+00 5.73000000e+01 8.35878195e+00 5.73000000e+01 -4.04421384e+00
 5.76000000e+01 0.00000000e+00 5.76000000e+01 7.77961642e+00 5.76000000e+01 -4.06598561e+00
 5.79000000e+01 0.00000000e+00 5.79000000e+01 7.93713353e+00 5.79000000e+01 -4.27554640e+00
 5.82000000e+01 0.00000000e+00 5.82000000e+01 7.17393631e+00 5.82000000e+01 -3.06001521e+00
 5.85000000e+01 0.00000000e+00 5.85000000e+01 7.82664630e+00 5.85000000e+01 -4.23595207e+00
 5.88000000e+01 0.00000000e+00 5.88000000e+01 7.18332036e+00 5.88000000e+01 -3.76368970e+00
 5.91000000e+01 0.00000000e+00 5.91000000e+01 7.88395246e+00 5.91000000e+01 -3.49742542e+00
 5.94000000e+01 0.00000000e+00 5.94000000e+01 7.45535447e+00 5.94000000e+01 -3.96297312e+00
 5.97000000e+01 0.00000000e+00 5.97000000e+01 7.35425486e+00 5.97000000e+01 -4.00714444e+00
