 0.00000000e+00 0.00000000e+00 0.00000000e+00 5.45494145e+00 0.00000000e+00 -5.41762000e+00
 3.00000000e-01 0.00000000e+00 3.00000000e-01 5.31364667e+00 3.00000000e-01 -6.83206591e+00
 6.00000000e-01 0.00000000e+00 6.00000000e-01 5.59761339e+00 6.00000000e-01 -5.72955500e+00
 9.00000000e-01 0.00000000e+00 9.00000000e-01 5.20313631e+00 9.00000000e-01 -5.77236862e+00
 1.20000000e+00 0.00000000e+00 1.20000000e+00 5.47091796e+00 1.20000000e+00 -5.58348063e+00
 1.50000000e+00 0.00000000e+00 1.50000000e+00 5.48392034e+00 1.50000000e+00 -6.03448840e+00
 1.80000000e+00 0.00000000e+00 1.80000000e+00 6.01499844e+00 1.80000000e+00 -6.24706437e+00
 2.10000000e+00 0.00000000e+00 2.10000000e+00 5.81877495e+00 2.10000000e+00 -5.56619539e+00
 2.40000000e+00 0.00000000e+00 2.40000000e+00 5.71235273e+00 2.40000000e+00 -6.55039728e+00
 2.70000000e+00 0.00000000e+00 2.70000000e+00 5.71131211e+00 2.70000000e+00 -6.53672667e+00
 3.00000000e+00 0.00000000e+00 3.00000000e+00 5.75648374e+00 3.00000000e+00 -6.08677362e+00
 3.30000000e+00 0.00000000e+00 3.30000000e+00 5.63895848e+00 3.30000000e+00 -5.60214126e+00
 3.60000000e+00 0.00000000e+00 3.60000000e+00 5.06671542e+00 3.60000000e+00 -6.23823302e+00
 3.90000000e+00 0.00000000e+00 3.90000000e+00 5.22737067e+00 3.90000000e+00 -5.74644313e+00
 4.20000000e+00 0.00000000e+00 4.20000000e+00 5.38929863e+00 4.20000000e+00 -5.52883826e+00
 4.50000000e+00 0.00000000e+00 4.50000000e+00 5.20498951e+00 4.50000000e+00 -5.97173040e+00
 4.80000000e+00 0.00000000e+00 4.80000000e+00 5.23676566e+00 4.80000000e+00 -6.08819721e+00
 5.10000000e+00 0.00000000e+00 5.10000000e+00 4.97605575e+00 5.10000000e+00 -6.35600122e+00
 5.40000000e+00 0.00000000e+00 5.40000000e+00 5.00968094e+00 5.40000000e+00 -5.54131091e+00
 5.70000000e+00 0.00000000e+00 5.70000000e+00 5.29751627e+00 5.70000000e+00 -5.65320790e+00
 6.00000000e+00 0.00000000e+00 6.00000000e+00 4.96943603e+00 6.00000000e+00 -5.84422654e+00
 6.30000000e+00 0.00000000e+00 6.30000000e+00 5.50997946e+00 6.30000000e+00 -5.66977571e+00
 6.60000000e+00 0.00000000e+00 6.60000000e+00 5.15631077e+00 6.60000000e+00 -5.87265138e+00
 6.90000000e+00 0.00000000e+00 6.90000000e+00 5.68653043e+00 6.90000000e+00 -5.79358565e+00
 7.20000000e+00 0.00000000e+00 7.20000000e+00 5.49154625e+00 7.20000000e+00 -5.23322389e+00
 7.50000000e+00 0.00000000e+00 7.50000000e+00 5.19459329e+00 7.50000000e+00 -6.12669681e+00
 7.80000000e+00 0.00000000e+00 7.80000000e+00 5.66724461e+00 7.80000000e+00 -5.79128486e+00
 8.10000000e+00 0.00000000e+00 8.10000000e+00 4.87222531e+00 8.10000000e+00 -5.41891815e+00
 8.40000000e+00 0.00000000e+00 8.40000000e+00 5.70498828e+00 8.40000000e+00 -5.98161960e+00
 8.70000000e+00 0.00000000e+00 8.70000000e+00 5.46411036e+00 8.70000000e+00 -5.62129988e+00
 9.00000000e+00 0.00000000e+00 9.00000000e+00 5.50956409e+00 9.00000000e+00 -5.10852392e+00
 9.30000000e+00 0.00000000e+00 9.30000000e+00 5.35627464e+00 9.30000000e+00 -5.44686701e+00
 9.60000000e+00 0.00000000e+00 9.60000000e+00 5.26073232e+00 9.60000000e+00 -5.37144670e+00
 9.90000000e+00 0.00000000e+00 9.90000000e+00 5.78541539e+00 9.90000000e+00 -6.18633536e+00
 1.02000000e+01 0.00000000e+00 1.02000000e+01 5.45687194e+00 1.02000000e+01 -5.82035330e+00
 1.05000000e+01 0.00000000e+00 1.05000000e+01 5.30026804e+00 1.05000000e+01 -6.01051938e+00
 1.08000000e+01 0.00000000e+00 1.08000000e+01 5.59585564e+00 1.08000000e+01 -5.09631206e+00
 1.11000000e+01 0.00000000e+00 1.11000000e+01 5.17501374e+00 1.11000000e+01 -5.66316214e+00
 1.14000000e+01 0.00000000e+00 1.14000000e+01 4.74364876e+00 1.14000000e+01 -6.23028835e+00
 1.17000000e+01 0.00000000e+00 1.17000000e+01 5.23813181e+00 1.17000000e+01 -6.25767307e+00
 1.20000000e+01 0.00000000e+00 1.20000000e+01 6.10888049e+00 1.20000000e+01 -5.68336445e+00
 1.23000000e+01 0.00000000e+00 1.23000000e+01 5.63056149e+00 1.23000000e+01 -6.14760967e+00
 1.26000000e+01 0.00000000e+00 1.26000000e+01 5.21332193e+00 1.26000000e+01 -5.62909364e+00
 1.29000000e+01 0.00000000e+00 1.29000000e+01 5.13114706e+00 1.29000000e+01 -6.05135075e+00
 1.32000000e+01 0.00000000e+00 1.32000000e+01 5.66660241e+00 1.32000000e+01 -6.51584696e+00
 1.35000000e+01 0.00000000e+00 1.35000000e+01 5.75410781e+00 1.35000000e+01 -5.90242014e+00
 1.38000000e+01 0.00000000e+00 1.38000000e+01 5.50021363e+00 1.38000000e+01 -6.30462451e+00
 1.41000000e+01 0.00000000e+00 1.41000000e+01 5.21058895e+00 1.41000000e+01 -5.94643875e+00
 1.44000000e+01 0.00000000e+00 1.44000000e+01 5.55160140e+00 1.44000000e+01 -6.15419313e+00
 1.47000000e+01 0.00000000e+00 1.47000000e+01 5.55440911e+00 1.47000000e+01 -6.40970377e+00
 1.50000000e+01 0.00000000e+00 1.50000000e+01 5.63861361e+00 1.50000000e+01 -6.04816109e+00
 1.53000000e+01 0.00000000e+00 1.53000000e+01 2.71436274e+00 1.53000000e+01 -5.64620605e+00
 1.56000000e+01 0.00000000e+00 1.56000000e+01 2.79686509e+00 1.56000000e+01 -5.95927006e+00
 1.59000000e+01 0.00000000e+00 1.59000000e+01 2.71997620e+00 1.59000000e+01 -5.13360474e+00
 1.62000000e+01 0.00000000e+00 1.62000000e+01 2.55714791e+00 1.62000000e+01 -6.00372357e+00
 1.65000000e+01 0.00000000e+00 1.65000000e+01 2.15927391e+00 1.65000000e+01 -5.80019099e+00
 1.68000000e+01 0.00000000e+00 1.68000000e+01 2.87923880e+00 1.68000000e+01 -5.67228316e+00
 1.71000000e+01 0.00000000e+00 1.71000000e+01 2.74698644e+00 1.71000000e+01 -5.83387313e+00
 1.74000000e+01 0.00000000e+00 1.74000000e+01 2.78735524e+00 1.74000000e+01 -5.38776285e+00
 1.77000000e+01 0.00000000e+00 1.77000000e+01 3.07251514e+00 1.77000000e+01 -5.03082639e+00
 1.80000000e+01 0.00000000e+00 1.80000000e+01 2.87374913e+00 1.80000000e+01 -5.23044682e+00
 1.83000000e+01 0.00000000e+00 1.83000000e+01 2.84617281e+00 1.83000000e+01 -5.78975973e+00
 1.86000000e+01 0.00000000e+00 1.86000000e+01 2.17258544e+00 1.86000000e+01 -4.89372951e+00
 1.89000000e+01 0.00000000e+00 1.89000000e+01 2.85685429e+00 1.89000000e+01 -5.95234994e+00
 1.92000000e+01 0.00000000e+00 1.92000000e+01 2.47029158e+00 1.92000000e+01 -5.27156601e+00
 1.95000000e+01 0.00000000e+00 1.95000000e+01 2.87866963e+00 1.95000000e+01 -5.04106035e+00
 1.98000000e+01 0.00000000e+00 1.98000000e+01 2.78076849e+00 1.98000000e+01 -5.76863082e+00
 2.01000000e+01 0.00000000e+00 2.01000000e+01 2.93973677e+00 2.01000000e+01 -4.98094011e+00
 2.04000000e+01 0.00000000e+00 2.04000000e+01 2.60434348e+00 2.04000000e+01 -5.65163780e+00
 2.07000000e+01 0.00000000e+00 2.07000000e+01 2.38768288e+00 2.07000000e+01 -5.57990360e+00
 2.10000000e+01 0.00000000e+00 2.10000000e+01 2.78657881e+00 2.10000000e+01 -4.99989669e+00
 2.13000000e+01 0.00000000e+00 2.13000000e+01 2.37599682e+00 2.13000000e+01 -5.01747136e+00
 2.16000000e+01 0.00000000e+00 2.16000000e+01 2.77377267e+00 2.16000000e+01 -5.37891380e+00
 2.19000000e+01 0.00000000e+00 2.19000000e+01 2.75331889e+00 2.19000000e+01 -5.36207734e+00
 2.22000000e+01 0.00000000e+00 2.22000000e+01 2.91638434e+00 2.22000000e+01 -5.61471049e+00
 2.25000000e+01 0.00000000e+00 2.25000000e+01 2.57137122e+00 2.25000000e+01 -5.44974072e+00
 2.28000000e+01 0.00000000e+00 2.28000000e+01 2.48372082e+00 2.28000000e+01 -5.77671669e+00
 2.31000000e+01 0.00000000e+00 2.31000000e+01 2.73835686e+00 2.31000000e+01 -5.20892813e+00
 2.34000000e+01 0.00000000e+00 2.34000000e+01 2.14804937e+00 2.34000000e+01 -5.76802626e+00
 2.37000000e+01 0.00000000e+00 2.37000000e+01 2.36804104e+00 2.37000000e+01 -5.31339896e+00
 2.40000000e+01 0.00000000e+00 2.40000000e+01 2.99751359e+00 2.40000000e+01 -5.57730023e+00
 2.43000000e+01 0.00000000e+00 2.43000000e+01 2.97828425e+00 2.43000000e+01 -5.33482779e+00
 2.46000000e+01 0.00000000e+00 2.46000000e+01 2.28620382e+00 2.46000000e+01 -5.62681568e+00
 2.49000000e+01 0.00000000e+00 2.49000000e+01 2.50276790e+00 2.49000000e+01 -5.54333535e+00
 2.52000000e+01 0.00000000e+00 2.52000000e+01 1.23237416e+00 2.52000000e+01 -4.93122086e+00
 2.55000000e+01 0.00000000e+00 2.55000000e+01 8.45854607e-01 2.55000000e+01 -4.71855938e+00
 2.58000000e+01 0.00000000e+00 2.58000000e+01 1.41322516e+00 2.58000000e+01 -4.51912580e+00
 2.61000000e+01 0.00000000e+00 2.61000000e+01 1.99333770e+00 2.61000000e+01 -4.27348374e+00
 2.64000000e+01 0.00000000e+00 2.64000000e+01 9.58811386e-01 2.64000000e+01 -4.05977703e+00
 2.67000000e+01 0.00000000e+00 2.67000000e+01 1.16131066e+00 2.67000000e+01 -4.41632976e+00
 2.70000000e+01 0.00000000e+00 2.70000000e+01 1.30177371e+00 2.70000000e+01 -5.40265414e+00
 2.73000000e+01 0.00000000e+00 2.73000000e+01 1.47928284e+00 2.73000000e+01 -4.74571091e+00
 2.76000000e+01 0.00000000e+00 2.76000000e+01 1.83813440e+00 2.76000000e+01 -4.74790069e+00
 2.79000000e+01 0.00000000e+00 2.79000000e+01 1.19837032e+00 2.79000000e+01 -4.98801492e+00
 2.82000000e+01 0.00000000e+00 2.82000000e+01 9.07844431e-01 2.82000000e+01 -4.98263861e+00
 2.85000000e+01 0.00000000e+00 2.85000000e+01 1.11288486e+00 2.85000000e+01 -3.97843602e+00
 2.88000000e+01 0.00000000e+00 2.88000000e+01 8.43858759e-01 2.88000000e+01 -4.31020687e+00
 2.91000000e+01 0.00000000e+00 2.91000000e+01 1.37969900e+00 2.91000000e+01 -4.75646769e+00
 2.94000000e+01 0.00000000e+00 2.94000000e+01 5.96664361e-01 2.94000000e+01 -4.81281609e+00
 2.97000000e+01 0.00000000e+00 2.97000000e+01 7.78658476e-01 2.97000000e+01 -4.27155645e+00
 3.00000000e+01 0.00000000e+00 3.00000000e+01 1.51022926e+00 3.00000000e+01 -4.55825594e+00
 3.03000000e+01 0.00000000e+00 3.03000000e+01 9.53612277e-01 3.03000000e+01 -4.94314130e+00
 3.06000000e+01 0.00000000e+00 3.06000000e+01 1.01596940e+00 3.06000000e+01 -4.70699884e+00
 3.09000000e+01 0.00000000e+00 3.09000000e+01 9.14259341e-01 3.09000000e+01 -4.41475218e+00
 3.12000000e+01 0.00000000e+00 3.12000000e+01 6.62994779e-01 3.12000000e+01 -4.82644631e+00
 3.15000000e+01 0.00000000e+00 3.15000000e+01 1.15077878e+00 3.15000000e+01 -4.44021916e+00
 3.18000000e+01 0.00000000e+00 3.18000000e+01 6.29675816e-01 3.18000000e+01 -4.93478731e+00
 3.21000000e+01 0.00000000e+00 3.21000000e+01 1.47143054e+00 3.21000000e+01 -4.85965416e+00
 3.24000000e+01 0.00000000e+00 3.24000000e+01 1.31095564e+00 3.24000000e+01 -4.60101848e+00
 3.27000000e+01 0.00000000e+00 3.27000000e+01 1.34492718e+00 3.27000000e+01 -4.92998753e+00
 3.30000000e+01 0.00000000e+00 3.30000000e+01 6.64213735e-01 3.30000000e+01 -5.09618951e+00
 3.33000000e+01 0.00000000e+00 3.33000000e+01 8.89101537e-01 3.33000000e+01 -4.23159959e+00
 3.36000000e+01 0.00000000e+00 3.36000000e+01 4.33712616e-01 3.36000000e+01 -3.87186808e+00
 3.39000000e+01 0.00000000e+00 3.39000000e+01 1.28235628e+00 3.39000000e+01 -4.37033381e+00
 3.42000000e+01 0.00000000e+00 3.42000000e+01 8.09628916e-01 3.42000000e+01 -4.93689773e+00
 3.45000000e+01 0.00000000e+00 3.45000000e+01 1.28188763e+00 3.45000000e+01 -4.06432548e+00
 3.48000000e+01 0.00000000e+00 3.48000000e+01 6.28936559e-01 3.48000000e+01 -4.29831408e+00
 3.51000000e+01 0.00000000e+00 3.51000000e+01 5.08723957e+00 3.51000000e+01 -1.75485882e+00
 3.54000000e+01 0.00000000e+00 3.54000000e+01 4.60317613e+00 3.54000000e+01 -1.77491388e+00
 3.57000000e+01 0.00000000e+00 3.57000000e+01 5.07591754e+00 3.57000000e+01 -1.46763179e+00
 3.60000000e+01 0.00000000e+00 3.60000000e+01 5.38167879e+00 3.60000000e+01 -1.54101775e+00
 3.63000000e+01 0.00000000e+00 3.63000000e+01 4.97927574e+00 3.63000000e+01 -1.88052804e+00
 3.66000000e+01 0.00000000e+00 3.66000000e+01 4.93176249e+00 3.66000000e+01 -1.19984646e+00
 3.69000000e+01 0.00000000e+00 3.69000000e+01 5.25693062e+00 3.69000000e+01 -1.84825101e+00
 3.72000000e+01 0.00000000e+00 3.72000000e+01 4.99336124e+00 3.72000000e+01 -1.25713825e+00
 3.75000000e+01 0.00000000e+00 3.75000000e+01 5.20712429e+00 3.75000000e+01 -1.46270921e+00
 3.78000000e+01 0.00000000e+00 3.78000000e+01 4.83646548e+00 3.78000000e+01 -1.47240220e+00
 3.81000000e+01 0.00000000e+00 3.81000000e+01 4.39836434e+00 3.81000000e+01 -1.38430659e+00
 3.84000000e+01 0.00000000e+00 3.84000000e+01 4.91128054e+00 3.84000000e+01 -1.44769870e+00
 3.87000000e+01 0.00000000e+00 3.87000000e+01 5.20241706e+00 3.87000000e+01 -1.63895074e+00
 3.90000000e+01 0.00000000e+00 3.90000000e+01 4.49261072e+00 3.90000000e+01 -1.59374331e+00
 3.93000000e+01 0.00000000e+00 3.93000000e+01 5.36850137e+00 3.93000000e+01 -1.53341140e+00
 3.96000000e+01 0.00000000e+00 3.96000000e+01 4.86072197e+00 3.96000000e+01 -1.52088668e+00
 3.99000000e+01 0.00000000e+00 3.99000000e+01 5.04777062e+00 3.99000000e+01 -7.90726922e-01
 4.02000000e+01 0.00000000e+00 4.02000000e+01 4.41337877e+00 4.02000000e+01 -2.27806804e+00
 4.05000000e+01 0.00000000e+00 4.05000000e+01 4.20840850e+00 4.05000000e+01 -1.69392556e+00
 4.08000000e+01 0.00000000e+00 4.08000000e+01 4.48035389e+00 4.08000000e+01 -2.03320124e+00
 4.11000000e+01 0.00000000e+00 4.11000000e+01 4.54598319e+00 4.11000000e+01 -1.84028642e+00
 4.14000000e+01 0.00000000e+00 4.14000000e+01 4.79707517e+00 4.14000000e+01 -2.24470193e+00
 4.17000000e+01 0.00000000e+00 4.17000000e+01 4.66663755e+00 4.17000000e+01 -1.40502355e+00
 4.20000000e+01 0.00000000e+00 4.20000000e+01 4.49789495e+00 4.20000000e+01 -2.20509470e+00
 4.23000000e+01 0.00000000e+00 4.23000000e+01 4.45287612e+00 4.23000000e+01 -1.38434352e+00
 4.26000000e+01 0.00000000e+00 4.26000000e+01 4.91138434e+00 4.26000000e+01 -1.89748005e+00
 4.29000000e+01 0.00000000e+00 4.29000000e+01 4.35430748e+00 4.29000000e+01 -1.92944323e+00
 4.32000000e+01 0.00000000e+00 4.32000000e+01 4.71019236e+00 4.32000000e+01 -1.82588079e+00
 4.35000000e+01 0.00000000e+00 4.35000000e+01 4.31040154e+00 4.35000000e+01 -2.38377943e+00
 4.38000000e+01 0.00000000e+00 4.38000000e+01 4.52106370e+00 4.38000000e+01 -2.07461656e+00
 4.41000000e+01 0.00000000e+00 4.41000000e+01 4.65334292e+00 4.41000000e+01 -2.11006567e+00
 4.44000000e+01 0.00000000e+00 4.44000000e+01 4.63806635e+00 4.44000000e+01 -1.54036074e+00
 4.47000000e+01 0.00000000e+00 4.47000000e+01 4.56608909e+00 4.47000000e+01 -1.85534386e+00
 4.50000000e+01 0.00000000e+00 4.50000000e+01 3.93196770e+00 4.50000000e+01 -1.86454477e+00
 4.53000000e+01 0.00000000e+00 4.53000000e+01 4.83890830e+00 4.53000000e+01 -1.76206029e+00
 4.56000000e+01 0.00000000e+00 4.56000000e+01 4.25740922e+00 4.56000000e+01 -2.35790395e+00
 4.59000000e+01 0.00000000e+00 4.59000000e+01 4.06368384e+00 4.59000000e+01 -2.14690058e+00
 4.62000000e+01 0.00000000e+00 4.62000000e+01 4.91648671e+00 4.62000000e+01 -2.00934865e+00
 4.65000000e+01 0.00000000e+00 4.65000000e+01 4.53222434e+00 4.65000000e+01 -1.94259160e+00
 4.68000000e+01 0.00000000e+00 4.68000000e+01 4.85389101e+00 4.68000000e+01 -1.82655411e+00
 4.71000000e+01 0.00000000e+00 4.71000000e+01 4.31845643e+00 4.71000000e+01 -2.02552439e+00
 4.74000000e+01 0.00000000e+00 4.74000000e+01 4.82193336e+00 4.74000000e+01 -2.38919524e+00
 4.77000000e+01 0.00000000e+00 4.77000000e+01 4.40205570e+00 4.77000000e+01 -1.61940522e+00
 4.80000000e+01 0.00000000e+00 4.80000000e+01 4.53178914e+00 4.80000000e+01 -1.50907982e+00
 4.83000000e+01 0.00000000e+00 4.83000000e+01 5.55641401e+00 4.83000000e+01 -1.95791994e+00
 4.86000000e+01 0.00000000e+00 4.86000000e+01 4.64746095e+00 4.86000000e+01 -1.65626565e+00
 4.89000000e+01 0.00000000e+00 4.89000000e+01 4.31740866e+00 4.89000000e+01 -2.36667991e+00
 4.92000000e+01 0.00000000e+00 4.92000000e+01 4.36087955e+00 4.92000000e+01 -1.78224146e+00
 4.95000000e+01 0.00000000e+00 4.95000000e+01 4.20153799e+00 4.95000000e+01 -2.06281542e+00
 4.98000000e+01 0.00000000e+00 4.98000000e+01 4.61476033e+00 4.98000000e+01 -2.25305955e+00
 5.01000000e+01 0.00000000e+00 5.01000000e+01 2.83200932e+00 5.01000000e+01 -4.10504174e+00
 5.04000000e+01 0.00000000e+00 5.04000000e+01 3.20967487e+00 5.04000000e+01 -4.09011070e+00
 5.07000000e+01 0.00000000e+00 5.07000000e+01 3.26665569e+00 5.07000000e+01 -4.05206077e+00
 5.10000000e+01 0.00000000e+00 5.10000000e+01 2.68670794e+00 5.10000000e+01 -3.93367823e+00
 5.13000000e+01 0.00000000e+00 5.13000000e+01 2.78409613e+00 5.13000000e+01 -4.10965957e+00
 5.16000000e+01 0.00000000e+00 5.16000000e+01 3.33183358e+00 5.16000000e+01 -3.98814387e+00
 5.19000000e+01 0.00000000e+00 5.19000000e+01 3.00143294e+00 5.19000000e+01 -4.87407037e+00
 5.22000000e+01 0.00000000e+00 5.22000000e+01 2.47936615e+00 5.22000000e+01 -4.27460332e+00
 5.25000000e+01 0.00000000e+00 5.25000000e+01 3.01118060e+00 5.25000000e+01 -3.40857667e+00
 5.28000000e+01 0.00000000e+00 5.28000000e+01 2.88514258e+00 5.28000000e+01 -3.91100191e+00
 5.31000000e+01 0.00000000e+00 5.31000000e+01 2.99862921e+00 5.31000000e+01 -4.16431099e+00
 5.34000000e+01 0.00000000e+00 5.34000000e+01 2.42075151e+00 5.34000000e+01 -4.08409641e+00
 5.37000000e+01 0.00000000e+00 5.37000000e+01 2.73387142e+00 5.37000000e+01 -3.42686699e+00
 5.40000000e+01 0.00000000e+00 5.40000000e+01 2.58951605e+00 5.40000000e+01 -4.48568992e+00
 5.43000000e+01 0.00000000e+00 5.43000000e+01 3.05134935e+00 5.43000000e+01 -4.11628380e+00
 5.46000000e+01 0.00000000e+00 5.46000000e+01 2.56161475e+00 5.46000000e+01 -4.19296839e+00
 5.49000000e+01 0.00000000e+00 5.49000000e+01 2.77109729e+00 5.49000000e+01 -4.07409176e+00
 5.52000000e+01 0.00000000e+00 5.52000000e+01 5.70813954e+00 5.52000000e+01 -5.50628406e+00
 5.55000000e+01 0.00000000e+00 5.55000000e+01 4.85347677e+00 5.55000000e+01 -6.34682294e+00
 5.58000000e+01 0.00000000e+00 5.58000000e+01 5.70999018e+00 5.58000000e+01 -5.98083118e+00
 5.61000000e+01 0.00000000e+00 5.61000000e+01 5.17575513e+00 5.61000000e+01 -5.39020131e+00
 5.64000000e+01 0.00000000e+00 5.64000000e+01 5.15365414e+00 5.64000000e+01 -6.11928175e+00
 5.67000000e+01 0.00000000e+00 5.67000000e+01 6.03883120e+00 5.67000000e+01 -5.53117549e+00
 5.70000000e+01 0.00000000e+00 5.70000000e+01 5.11817483e+00 5.70000000e+01 -5.84780625e+00
 5.73000000e+01 0.00000000e+00 5.73000000e+01 5.06477970e+00 5.73000000e+01 -5.72892816e+00
 5.76000000e+01 0.00000000e+00 5.76000000e+01 5.01348866e+00 5.76000000e+01 -6.18332386e+00
 5.79000000e+01 0.00000000e+00 5.79000000e+01 5.02679380e+00 5.79000000e+01 -5.42788259e+00
 5.82000000e+01 0.00000000e+00 5.82000000e+01 5.10562383e+00 5.82000000e+01 -5.52074282e+00
 5.85000000e+01 0.00000000e+00 5.85000000e+01 5.57369994e+00 5.85000000e+01 -6.11039843e+00
 5.88000000e+01 0.00000000e+00 5.88000000e+01 5.25250905e+00 5.88000000e+01 -5.79476942e+00
 5.91000000e+01 0.00000000e+00 5.91000000e+01 5.25488266e+00 5.91000000e+01 -5.72550048e+00
 5.94000000e+01 0.00000000e+00 5.94000000e+01 4.76829956e+00 5.94000000e+01 -5.83608434e+00
 5.97000000e+01 0.00000000e+00 5.97000000e+01 5.08978099e+00 5.97000000e+01 -5.62139131e+00
