 0.00000000e+00 0.00000000e+00 0.00000000e+00 7.84885543e+00 0.00000000e+00 -5.13021685e+00
 3.00000000e-01 0.00000000e+00 3.00000000e-01 7.91749941e+00 3.00000000e-01 -5.38637978e+00
 6.00000000e-01 0.00000000e+00 6.00000000e-01 8.18072139e+00 6.00000000e-01 -4.67073606e+00
 9.00000000e-01 0.00000000e+00 9.00000000e-01 8.01855364e+00 9.00000000e-01 -5.62044769e+00
 1.20000000e+00 0.00000000e+00 1.20000000e+00 7.91221063e+00 1.20000000e+00 -5.08821359e+00
 1.50000000e+00 0.00000000e+00 1.50000000e+00 8.39576030e+00 1.50000000e+00 -5.75779919e+00
 1.80000000e+00 0.00000000e+00 1.80000000e+00 8.27067636e+00 1.80000000e+00 -5.53112998e+00
 2.10000000e+00 0.00000000e+00 2.10000000e+00 8.35419306e+00 2.10000000e+00 -5.38415681e+00
 2.40000000e+00 0.00000000e+00 2.40000000e+00 7.58447794e+00 2.40000000e+00 -5.16549216e+00
 2.70000000e+00 0.00000000e+00 2.70000000e+00 8.06970451e+00 2.70000000e+00 -5.88773630e+00
 3.00000000e+00 0.00000000e+00 3.00000000e+00 8.18652562e+00 3.00000000e+00 -5.13025815e+00
 3.30000000e+00 0.00000000e+00 3.30000000e+00 8.17356307e+00 3.30000000e+00 -4.66601116e+00
 3.60000000e+00 0.00000000e+00 3.60000000e+00 7.74725303e+00 3.60000000e+00 -5.63737409e+00
 3.90000000e+00 0.00000000e+00 3.90000000e+00 8.83858913e+00 3.90000000e+00 -5.50841998e+00
 4.20000000e+00 0.00000000e+00 4.20000000e+00 8.45456039e+00 4.20000000e+00 -5.13961916e+00
 4.50000000e+00 0.00000000e+00 4.50000000e+00 8.34048418e+00 4.50000000e+00 -5.06383714e+00
 4.80000000e+00 0.00000000e+00 4.80000000e+00 8.78055599e+00 4.80000000e+00 -4.84625160e+00
 5.10000000e+00 0.00000000e+00 5.10000000e+00 7.92745312e+00 5.10000000e+00 -5.30381766e+00
 5.40000000e+00 0.00000000e+00 5.40000000e+00 8.03218183e+00 5.40000000e+00 -4.87065191e+00
 5.70000000e+00 0.00000000e+00 5.70000000e+00 7.96338623e+00 5.70000000e+00 -5.52649951e+00
 6.00000000e+00 0.00000000e+00 6.00000000e+00 7.90398393e+00 6.00000000e+00 -4.44834767e+00
 6.30000000e+00 0.00000000e+00 6.30000000e+00 8.06970215e+00 6.30000000e+00 -4.87456739e+00
 6.60000000e+00 0.00000000e+00 6.60000000e+00 8.56564512e+00 6.60000000e+00 -5.12672518e+00
 6.90000000e+00 0.00000000e+00 6.90000000e+00 8.18779975e+00 6.90000000e+00 -4.91030853e+00
 7.20000000e+00 0.00000000e+00 7.20000000e+00 8.27904551e+00 7.20000000e+00 -5.49888882e+00
 7.50000000e+00 0.00000000e+00 7.50000000e+00 8.28463150e+00 7.50000000e+00 -4.89330027e+00
 7.80000000e+00 0.00000000e+00 7.80000000e+00 8.34772754e+00 7.80000000e+00 -4.85233535e+00
 8.10000000e+00 0.00000000e+00 8.10000000e+00 8.06389183e+00 8.10000000e+00 -5.22327655e+00
 8.40000000e+00 0.00000000e+00 8.40000000e+00 8.37230456e+00 8.40000000e+00 -5.48362642e+00
 8.70000000e+00 0.00000000e+00 8.70000000e+00 7.60020477e+00 8.70000000e+00 -4.95965217e+00
 9.00000000e+00 0.00000000e+00 9.00000000e+00 8.58375870e+00 9.00000000e+00 -5.05086916e+00
 9.30000000e+00 0.00000000e+00 9.30000000e+00 7.82094417e+00 9.30000000e+00 -5.59721338e+00
 9.60000000e+00 0.00000000e+00 9.60000000e+00 7.81361194e+00 9.60000000e+00 -5.27629718e+00
 9.90000000e+00 0.00000000e+00 9.90000000e+00 7.58561925e+00 9.90000000e+00 -5.95411865e+00
 1.02000000e+01 0.00000000e+00 1.02000000e+01 7.89954541e+00 1.02000000e+01 -4.75103962e+00
 1.05000000e+01 0.00000000e+00 1.05000000e+01 8.49450737e+00 1.05000000e+01 -4.92747441e+00
 1.08000000e+01 0.00000000e+00 1.08000000e+01 8.43458998e+00 1.08000000e+01 -5.59127948e+00
 1.11000000e+01 0.00000000e+00 1.11000000e+01 8.07140369e+00 1.11000000e+01 -5.46193220e+00
 1.14000000e+01 0.00000000e+00 1.14000000e+01 7.96359672e+00 1.14000000e+01 -5.02307114e+00
 1.17000000e+01 0.00000000e+00 1.17000000e+01 8.09195614e+00 1.17000000e+01 -5.14168462e+00
 1.20000000e+01 0.00000000e+00 1.20000000e+01 8.09640402e+00 1.20000000e+01 -5.83854078e+00
 1.23000000e+01 0.00000000e+00 1.23000000e+01 8.19623501e+00 1.23000000e+01 -4.99000934e+00
 1.26000000e+01 0.00000000e+00 1.26000000e+01 8.08453844e+00 1.26000000e+01 -5.04061724e+00
 1.29000000e+01 0.00000000e+00 1.29000000e+01 8.01437537e+00 1.29000000e+01 -4.36825425e+00
 1.32000000e+01 0.00000000e+00 1.32000000e+01 8.33617018e+00 1.32000000e+01 -4.61688693e+00
 1.35000000e+01 0.00000000e+00 1.35000000e+01 8.15112140e+00 1.35000000e+01 -5.54794214e+00
 1.38000000e+01 0.00000000e+00 1.38000000e+01 8.09442255e+00 1.38000000e+01 -5.18864503e+00
 1.41000000e+01 0.00000000e+00 1.41000000e+01 8.34674437e+00 1.41000000e+01 -5.19211675e+00
 1.44000000e+01 0.00000000e+00 1.44000000e+01 8.08991909e+00 1.44000000e+01 -5.12014249e+00
 1.47000000e+01 0.00000000e+00 1.47000000e+01 8.35514502e+00 1.47000000e+01 -5.19081613e+00
 1.50000000e+01 0.00000000e+00 1.50000000e+01 7.62918892e+00 1.50000000e+01 -5.22393953e+00
 1.53000000e+01 0.00000000e+00 1.53000000e+01 2.39086736e+00 1.53000000e+01 -4.04815727e+00
 1.56000000e+01 0.00000000e+00 1.56000000e+01 2.06626488e+00 1.56000000e+01 -3.94315984e+00
 1.59000000e+01 0.00000000e+00 1.59000000e+01 2.09078774e+00 1.59000000e+01 -3.98367434e+00
 1.62000000e+01 0.00000000e+00 1.62000000e+01 2.19467065e+00 1.62000000e+01 -4.80303952e+00
 1.65000000e+01 0.00000000e+00 1.65000000e+01 1.69424418e+00 1.65000000e+01 -4.06391533e+00
 1.68000000e+01 0.00000000e+00 1.68000000e+01 2.07069796e+00 1.68000000e+01 -4.90893873e+00
 1.71000000e+01 0.00000000e+00 1.71000000e+01 2.78542012e+00 1.71000000e+01 -3.87471928e+00
 1.74000000e+01 0.00000000e+00 1.74000000e+01 1.45244864e+00 1.74000000e+01 -4.14524991e+00
 1.77000000e+01 0.00000000e+00 1.77000000e+01 1.68526613e+00 1.77000000e+01 -4.00500484e+00
 1.80000000e+01 0.00000000e+00 1.80000000e+01 2.43916511e+00 1.80000000e+01 -4.34100329e+00
 1.83000000e+01 0.00000000e+00 1.83000000e+01 1.70065226e+00 1.83000000e+01 -4.44866861e+00
 1.86000000e+01 0.00000000e+00 1.86000000e+01 2.07515687e+00 1.86000000e+01 -4.03924619e+00
 1.89000000e+01 0.00000000e+00 1.89000000e+01 2.00415277e+00 1.89000000e+01 -4.57090085e+00
 1.92000000e+01 0.00000000e+00 1.92000000e+01 2.45161767e+00 1.92000000e+01 -3.58236019e+00
 1.95000000e+01 0.00000000e+00 1.95000000e+01 1.86956509e+00 1.95000000e+01 -3.76622133e+00
 1.98000000e+01 0.00000000e+00 1.98000000e+01 2.00427166e+00 1.98000000e+01 -4.13246122e+00
 2.01000000e+01 0.00000000e+00 2.01000000e+01 1.77743593e+00 2.01000000e+01 -3.91816974e+00
 2.04000000e+01 0.00000000e+00 2.04000000e+01 1.78618179e+00 2.04000000e+01 -4.15595700e+00
 2.07000000e+01 0.00000000e+00 2.07000000e+01 2.13539999e+00 2.07000000e+01 -4.43188702e+00
 2.10000000e+01 0.00000000e+00 2.10000000e+01 2.26265823e+00 2.10000000e+01 -4.30772142e+00
 2.13000000e+01 0.00000000e+00 2.13000000e+01 2.25970707e+00 2.13000000e+01 -4.21140017e+00
 2.16000000e+01 0.00000000e+00 2.16000000e+01 1.86902568e+00 2.16000000e+01 -3.93982823e+00
 2.19000000e+01 0.00000000e+00 2.19000000e+01 2.00600307e+00 2.19000000e+01 -4.17187989e+00
 2.22000000e+01 0.00000000e+00 2.22000000e+01 1.76654164e+00 2.22000000e+01 -3.94893510e+00
 2.25000000e+01 0.00000000e+00 2.25000000e+01 1.95798364e+00 2.25000000e+01 -4.37813229e+00
 2.28000000e+01 0.00000000e+00 2.28000000e+01 2.12035147e+00 2.28000000e+01 -4.09402044e+00
 2.31000000e+01 0.00000000e+00 2.31000000e+01 2.11723313e+00 2.31000000e+01 -4.05047051e+00
 2.34000000e+01 0.00000000e+00 2.34000000e+01 2.79298141e+00 2.34000000e+01 -4.01234132e+00
 2.37000000e+01 0.00000000e+00 2.37000000e+01 2.46900013e+00 2.37000000e+01 -4.90077950e+00
 2.40000000e+01 0.00000000e+00 2.40000000e+01 1.71770581e+00 2.40000000e+01 -4.53056945e+00
 2.43000000e+01 0.00000000e+00 2.43000000e+01 2.15571163e+00 2.43000000e+01 -4.73633268e+00
 2.46000000e+01 0.00000000e+00 2.46000000e+01 2.40541910e+00 2.46000000e+01 -3.99784138e+00
 2.49000000e+01 0.00000000e+00 2.49000000e+01 2.50396533e+00 2.49000000e+01 -5.20921743e+00
 2.52000000e+01 0.00000000e+00 2.52000000e+01 6.17735442e-02 2.52000000e+01 -5.76853114e+00
 2.55000000e+01 0.00000000e+00 2.55000000e+01 1.26437641e-01 2.55000000e+01 -6.37649094e+00
 2.58000000e+01 0.00000000e+00 2.58000000e+01 3.12882354e-01 2.58000000e+01 -5.99414879e+00
 2.61000000e+01 0.00000000e+00 2.61000000e+01 4.40565929e-01 2.61000000e+01 -6.32051678e+00
 2.64000000e+01 0.00000000e+00 2.64000000e+01 4.48492348e-01 2.64000000e+01 -6.08126957e+00
 2.67000000e+01 0.00000000e+00 2.67000000e+01 3.77577492e-01 2.67000000e+01 -6.30482659e+00
 2.70000000e+01 0.00000000e+00 2.70000000e+01 2.82628010e-01 2.70000000e+01 -6.43962783e+00
 2.73000000e+01 0.00000000e+00 2.73000000e+01 6.17743337e-01 2.73000000e+01 -6.27686848e+00
 2.76000000e+01 0.00000000e+00 2.76000000e+01 3.78876862e-01 2.76000000e+01 -5.53794830e+00
 2.79000000e+01 0.00000000e+00 2.79000000e+01 6.24909573e-01 2.79000000e+01 -6.53063491e+00
 2.82000000e+01 0.00000000e+00 2.82000000e+01 5.13688080e-01 2.82000000e+01 -5.67423786e+00
 2.85000000e+01 0.00000000e+00 2.85000000e+01 -2.24640274e-02 2.85000000e+01 -6.16488160e+00
 2.88000000e+01 0.00000000e+00 2.88000000e+01 4.53407045e-01 2.88000000e+01 -6.02745223e+00
 2.91000000e+01 0.00000000e+00 2.91000000e+01 3.45107049e-01 2.91000000e+01 -6.91982316e+00
 2.94000000e+01 0.00000000e+00 2.94000000e+01 3.55041083e-01 2.94000000e+01 -6.42820575e+00
 2.97000000e+01 0.00000000e+00 2.97000000e+01 8.35753225e-01 2.97000000e+01 -6.53966523e+00
 3.00000000e+01 0.00000000e+00 3.00000000e+01 2.63705070e-01 3.00000000e+01 -6.41920429e+00
 3.03000000e+01 0.00000000e+00 3.03000000e+01 8.56768030e-01 3.03000000e+01 -6.11400817e+00
 3.06000000e+01 0.00000000e+00 3.06000000e+01 3.76034216e-01 3.06000000e+01 -6.38266592e+00
 3.09000000e+01 0.00000000e+00 3.09000000e+01 1.17444008e-01 3.09000000e+01 -6.09124792e+00
 3.12000000e+01 0.00000000e+00 3.12000000e+01 8.01702831e-01 3.12000000e+01 -6.46358465e+00
 3.15000000e+01 0.00000000e+00 3.15000000e+01 3.78669885e-01 3.15000000e+01 -5.66265455e+00
 3.18000000e+01 0.00000000e+00 3.18000000e+01 -4.46595297e-02 3.18000000e+01 -6.33089412e+00
 3.21000000e+01 0.00000000e+00 3.21000000e+01 2.69180095e-01 3.21000000e+01 -5.70905802e+00
 3.24000000e+01 0.00000000e+00 3.24000000e+01 7.45751157e-01 3.24000000e+01 -5.74194830e+00
 3.27000000e+01 0.00000000e+00 3.27000000e+01 1.20229509e-01 3.27000000e+01 -5.82759963e+00
 3.30000000e+01 0.00000000e+00 3.30000000e+01 4.58882504e-01 3.30000000e+01 -6.27622356e+00
 3.33000000e+01 0.00000000e+00 3.33000000e+01 9.43255143e-01 3.33000000e+01 -6.23668057e+00
 3.36000000e+01 0.00000000e+00 3.36000000e+01 1.05895398e+00 3.36000000e+01 -6.19231533e+00
 3.39000000e+01 0.00000000e+00 3.39000000e+01 5.41899693e-01 3.39000000e+01 -6.24101030e+00
 3.42000000e+01 0.00000000e+00 3.42000000e+01 5.01524193e-01 3.42000000e+01 -6.24631340e+00
 3.45000000e+01 0.00000000e+00 3.45000000e+01 1.90490018e-01 3.45000000e+01 -5.82539418e+00
 3.48000000e+01 0.00000000e+00 3.48000000e+01 5.91031195e-01 3.48000000e+01 -6.11324574e+00
 3.51000000e+01 0.00000000e+00 3.51000000e+01 1.77900839e+00 3.51000000e+01 -2.45020143e+00
 3.54000000e+01 0.00000000e+00 3.54000000e+01 2.13922115e+00 3.54000000e+01 -2.28925931e+00
 3.57000000e+01 0.00000000e+00 3.57000000e+01 2.66078630e+00 3.57000000e+01 -2.13884213e+00
 3.60000000e+01 0.00000000e+00 3.60000000e+01 2.37781639e+00 3.60000000e+01 -2.41784921e+00
 3.63000000e+01 0.00000000e+00 3.63000000e+01 2.44749503e+00 3.63000000e+01 -2.24560097e+00
 3.66000000e+01 0.00000000e+00 3.66000000e+01 2.95781007e+00 3.66000000e+01 -2.82302280e+00
 3.69000000e+01 0.00000000e+00 3.69000000e+01 2.34449779e+00 3.69000000e+01 -2.67352101e+00
 3.72000000e+01 0.00000000e+00 3.72000000e+01 2.98959968e+00 3.72000000e+01 -2.27441962e+00
 3.75000000e+01 0.00000000e+00 3.75000000e+01 2.78786043e+00 3.75000000e+01 -1.76244307e+00
 3.78000000e+01 0.00000000e+00 3.78000000e+01 2.17331438e+00 3.78000000e+01 -2.09307583e+00
 3.81000000e+01 0.00000000e+00 3.81000000e+01 2.46589219e+00 3.81000000e+01 -2.10746965e+00
 3.84000000e+01 0.00000000e+00 3.84000000e+01 2.49144073e+00 3.84000000e+01 -1.77630348e+00
 3.87000000e+01 0.00000000e+00 3.87000000e+01 3.37819683e+00 3.87000000e+01 -1.99055949e+00
 3.90000000e+01 0.00000000e+00 3.90000000e+01 2.45126105e+00 3.90000000e+01 -1.87179531e+00
 3.93000000e+01 0.00000000e+00 3.93000000e+01 2.16577203e+00 3.93000000e+01 -2.67591047e+00
 3.96000000e+01 0.00000000e+00 3.96000000e+01 2.23639061e+00 3.96000000e+01 -2.36133274e+00
 3.99000000e+01 0.00000000e+00 3.99000000e+01 2.59059480e+00 3.99000000e+01 -1.95431574e+00
 4.02000000e+01 0.00000000e+00 4.02000000e+01 4.24996912e+00 4.02000000e+01 -1.52681498e+00
 4.05000000e+01 0.00000000e+00 4.05000000e+01 4.17067075e+00 4.05000000e+01 -1.66666271e+00
 4.08000000e+01 0.00000000e+00 4.08000000e+01 4.08451876e+00 4.08000000e+01 -2.46996429e+00
 4.11000000e+01 0.00000000e+00 4.11000000e+01 3.93755805e+00 4.11000000e+01 -1.53389549e+00
 4.14000000e+01 0.00000000e+00 4.14000000e+01 4.36694496e+00 4.14000000e+01 -1.50533836e+00
 4.17000000e+01 0.00000000e+00 4.17000000e+01 4.05306528e+00 4.17000000e+01 -1.31587447e+00
 4.20000000e+01 0.00000000e+00 4.20000000e+01 4.28304092e+00 4.20000000e+01 -1.13011734e+00
 4.23000000e+01 0.00000000e+00 4.23000000e+01 4.67723971e+00 4.23000000e+01 -1.57919982e+00
 4.26000000e+01 0.00000000e+00 4.26000000e+01 4.49081114e+00 4.26000000e+01 -1.87140183e+00
 4.29000000e+01 0.00000000e+00 4.29000000e+01 4.51008677e+00 4.29000000e+01 -1.60282574e+00
 4.32000000e+01 0.00000000e+00 4.32000000e+01 4.05012821e+00 4.32000000e+01 -2.30557868e+00
 4.35000000e+01 0.00000000e+00 4.35000000e+01 4.17098326e+00 4.35000000e+01 -1.79176156e+00
 4.38000000e+01 0.00000000e+00 4.38000000e+01 4.44031118e+00 4.38000000e+01 -1.13115593e+00
 4.41000000e+01 0.00000000e+00 4.41000000e+01 4.17859561e+00 4.41000000e+01 -1.14013991e+00
 4.44000000e+01 0.00000000e+00 4.44000000e+01 3.58241138e+00 4.44000000e+01 -1.47264001e+00
 4.47000000e+01 0.00000000e+00 4.47000000e+01 4.40373951e+00 4.47000000e+01 -1.96809944e+00
 4.50000000e+01 0.00000000e+00 4.50000000e+01 3.71611421e+00 4.50000000e+01 -1.74708401e+00
 4.53000000e+01 0.00000000e+00 4.53000000e+01 4.96061448e+00 4.53000000e+01 -1.14258563e+00
 4.56000000e+01 0.00000000e+00 4.56000000e+01 3.99131451e+00 4.56000000e+01 -1.75869180e+00
 4.59000000e+01 0.00000000e+00 4.59000000e+01 4.61122527e+00 4.59000000e+01 -1.48313494e+00
 4.62000000e+01 0.00000000e+00 4.62000000e+01 4.19298505e+00 4.62000000e+01 -1.60820013e+00
 4.65000000e+01 0.00000000e+00 4.65000000e+01 4.15167852e+00 4.65000000e+01 -1.91976603e+00
 4.68000000e+01 0.00000000e+00 4.68000000e+01 4.68287149e+00 4.68000000e+01 -1.30899607e+00
 4.71000000e+01 0.00000000e+00 4.71000000e+01 4.39089674e+00 4.71000000e+01 -1.32640064e+00
 4.74000000e+01 0.00000000e+00 4.74000000e+01 5.07475184e+00 4.74000000e+01 -1.56429304e+00
 4.77000000e+01 0.00000000e+00 4.77000000e+01 4.49430514e+00 4.77000000e+01 -2.05603139e+00
 4.80000000e+01 0.00000000e+00 4.80000000e+01 4.29310049e+00 4.80000000e+01 -2.07788694e+00
 4.83000000e+01 0.00000000e+00 4.83000000e+01 3.83996883e+00 4.83000000e+01 -2.21665560e+00
 4.86000000e+01 0.00000000e+00 4.86000000e+01 4.09595214e+00 4.86000000e+01 -1.53163506e+00
 4.89000000e+01 0.00000000e+00 4.89000000e+01 4.29149802e+00 4.89000000e+01 -8.66896640e-01
 4.92000000e+01 0.00000000e+00 4.92000000e+01 3.72365790e+00 4.92000000e+01 -1.21781626e+00
 4.95000000e+01 0.00000000e+00 4.95000000e+01 4.44937426e+00 4.95000000e+01 -1.52832971e+00
 4.98000000e+01 0.00000000e+00 4.98000000e+01 4.32788010e+00 4.98000000e+01 -2.13181732e+00
 5.01000000e+01 0.00000000e+00 5.01000000e+01 1.74268740e+00 5.01000000e+01 -2.52460831e+00
 5.04000000e+01 0.00000000e+00 5.04000000e+01 1.71556352e+00 5.04000000e+01 -2.41812249e+00
 5.07000000e+01 0.00000000e+00 5.07000000e+01 2.05646648e+00 5.07000000e+01 -2.91628370e+00
 5.10000000e+01 0.00000000e+00 5.10000000e+01 1.57229632e+00 5.10000000e+01 -2.85625004e+00
 5.13000000e+01 0.00000000e+00 5.13000000e+01 1.38013433e+00 5.13000000e+01 -2.60304224e+00
 5.16000000e+01 0.00000000e+00 5.16000000e+01 1.68215065e+00 5.16000000e+01 -2.64985549e+00
 5.19000000e+01 0.00000000e+00 5.19000000e+01 2.03007733e+00 5.19000000e+01 -2.75411586e+00
 5.22000000e+01 0.00000000e+00 5.22000000e+01 1.30556990e+00 5.22000000e+01 -2.58446811e+00
 5.25000000e+01 0.00000000e+00 5.25000000e+01 2.28538067e+00 5.25000000e+01 -2.62460206e+00
 5.28000000e+01 0.00000000e+00 5.28000000e+01 2.05325418e+00 5.28000000e+01 -2.35179045e+00
 5.31000000e+01 0.00000000e+00 5.31000000e+01 1.10802540e+00 5.31000000e+01 -2.13064600e+00
 5.34000000e+01 0.00000000e+00 5.34000000e+01 2.03121818e+00 5.34000000e+01 -2.41790091e+00
 5.37000000e+01 0.00000000e+00 5.37000000e+01 1.72138443e+00 5.37000000e+01 -2.66790124e+00
 5.40000000e+01 0.00000000e+00 5.40000000e+01 2.07777204e+00 5.40000000e+01 -2.15741343e+00
 5.43000000e+01 0.00000000e+00 5.43000000e+01 1.39398098e+00 5.43000000e+01 -2.30592488e+00
 5.46000000e+01 0.00000000e+00 5.46000000e+01 1.59493083e+00 5.46000000e+01 -2.40312836e+00
 5.49000000e+01 0.00000000e+00 5.49000000e+01 1.46129048e+00 5.49000000e+01 -2.55164769e+00
 5.52000000e+01 0.00000000e+00 5.52000000e+01 8.61710873e+00 5.52000000e+01 -4.92367423e+00
 5.55000000e+01 0.00000000e+00 5.55000000e+01 7.68150613e+00 5.55000000e+01 -5.53497106e+00
 5.58000000e+01 0.00000000e+00 5.58000000e+01 8.02704907e+00 5.58000000e+01 -5.43077623e+00
 5.61000000e+01 0.00000000e+00 5.61000000e+01 8.45156849e+00 5.61000000e+01 -5.48870312e+00
 5.64000000e+01 0.00000000e+00 5.64000000e+01 8.43370687e+00 5.64000000e+01 -5.67213836e+00
 5.67000000e+01 0.00000000e+00 5.67000000e+01 7.91810924e+00 5.67000000e+01 -5.23826855e+00
 5.70000000e+01 0.00000000e+00 5.70000000e+01 8.06169192e+00 5.70000000e+01 -5.41734485e+00
 5.73000000e+01 0.00000000e+00 5.73000000e+01 7.63845379e+00 5.73000000e+01 -5.26604140e+00
 5.76000000e+01 0.00000000e+00 5.76000000e+01 8.60926719e+00 5.76000000e+01 -4.99333651e+00
 5.79000000e+01 0.00000000e+00 5.79000000e+01 8.22042614e+00 5.79000000e+01 -5.52270674e+00
 5.82000000e+01 0.00000000e+00 5.82000000e+01 7.73104220e+00 5.82000000e+01 -4.82947967e+00
 5.85000000e+01 0.00000000e+00 5.85000000e+01 8.05919476e+00 5.85000000e+01 -5.31856976e+00
 5.88000000e+01 0.00000000e+00 5.88000000e+01 7.86966307e+00 5.88000000e+01 -5.41884587e+00
 5.91000000e+01 0.00000000e+00 5.91000000e+01 7.77520562e+00 5.91000000e+01 -5.26664073e+00
 5.94000000e+01 0.00000000e+00 5.94000000e+01 7.82435796e+00 5.94000000e+01 -5.48454029e+00
 5.97000000e+01 0.00000000e+00 5.97000000e+01 8.22222288e+00 5.97000000e+01 -5.55508856e+00
