 0.00000000e+00 0.00000000e+00 0.00000000e+00 7.88425256e+00 0.00000000e+00 -5.26542793e+00
 3.00000000e-01 0.00000000e+00 3.00000000e-01 7.83495957e+00 3.00000000e-01 -4.46714605e+00
 6.00000000e-01 0.00000000e+00 6.00000000e-01 8.44333023e+00 6.00000000e-01 -4.92062770e+00
 9.00000000e-01 0.00000000e+00 9.00000000e-01 7.73529694e+00 9.00000000e-01 -4.73000003e+00
 1.20000000e+00 0.00000000e+00 1.20000000e+00 8.35918358e+00 1.20000000e+00 -3.89261470e+00
 1.50000000e+00 0.00000000e+00 1.50000000e+00 8.26316779e+00 1.50000000e+00 -4.67695227e+00
 1.80000000e+00 0.00000000e+00 1.80000000e+00 8.37438317e+00 1.80000000e+00 -4.64237174e+00
 2.10000000e+00 0.00000000e+00 2.10000000e+00 7.79974626e+00 2.10000000e+00 -4.01760594e+00
 2.40000000e+00 0.00000000e+00 2.40000000e+00 8.75582642e+00 2.40000000e+00 -4.41687743e+00
 2.70000000e+00 0.00000000e+00 2.70000000e+00 8.58251117e+00 2.70000000e+00 -4.41162617e+00
 3.00000000e+00 0.00000000e+00 3.00000000e+00 7.50926117e+00 3.00000000e+00 -4.49648213e+00
 3.30000000e+00 0.00000000e+00 3.30000000e+00 7.89649417e+00 3.30000000e+00 -4.20299550e+00
 3.60000000e+00 0.00000000e+00 3.60000000e+00 8.63413269e+00 3.60000000e+00 -4.56847788e+00
 3.90000000e+00 0.00000000e+00 3.90000000e+00 8.25246757e+00 3.90000000e+00 -4.55976799e+00
 4.20000000e+00 0.00000000e+00 4.20000000e+00 8.34169587e+00 4.20000000e+00 -4.84490686e+00
 4.50000000e+00 0.00000000e+00 4.50000000e+00 8.44717162e+00 4.50000000e+00 -3.76800017e+00
 4.80000000e+00 0.00000000e+00 4.80000000e+00 8.33259854e+00 4.80000000e+00 -4.18648690e+00
 5.10000000e+00 0.00000000e+00 5.10000000e+00 8.46068301e+00 5.10000000e+00 -3.85154873e+00
 5.40000000e+00 0.00000000e+00 5.40000000e+00 8.74806348e+00 5.40000000e+00 -5.08426904e+00
 5.70000000e+00 0.00000000e+00 5.70000000e+00 8.30651399e+00 5.70000000e+00 -4.61105599e+00
 6.00000000e+00 0.00000000e+00 6.00000000e+00 7.85536411e+00 6.00000000e+00 -4.33221713e+00
 6.30000000e+00 0.00000000e+00 6.30000000e+00 8.60067661e+00 6.30000000e+00 -3.97697522e+00
 6.60000000e+00 0.00000000e+00 6.60000000e+00 8.34221943e+00 6.60000000e+00 -4.04352112e+00
 6.90000000e+00 0.00000000e+00 6.90000000e+00 7.77290163e+00 6.90000000e+00 -4.21859055e+00
 7.20000000e+00 0.00000000e+00 7.20000000e+00 7.92337613e+00 7.20000000e+00 -3.76107023e+00
 7.50000000e+00 0.00000000e+00 7.50000000e+00 8.50346570e+00 7.50000000e+00 -4.53987236e+00
 7.80000000e+00 0.00000000e+00 7.80000000e+00 8.45974541e+00 7.80000000e+00 -4.31591811e+00
 8.10000000e+00 0.00000000e+00 8.10000000e+00 8.13705413e+00 8.10000000e+00 -4.75522077e+00
 8.40000000e+00 0.00000000e+00 8.40000000e+00 7.54859034e+00 8.40000000e+00 -4.14271127e+00
 8.70000000e+00 0.00000000e+00 8.70000000e+00 8.07732112e+00 8.70000000e+00 -4.13594825e+00
 9.00000000e+00 0.00000000e+00 9.00000000e+00 7.93197904e+00 9.00000000e+00 -4.46908863e+00
 9.30000000e+00 0.00000000e+00 9.30000000e+00 8.45705972e+00 9.30000000e+00 -4.26443670e+00
 9.60000000e+00 0.00000000e+00 9.60000000e+00 8.53985364e+00 9.60000000e+00 -4.37785975e+00
 9.90000000e+00 0.00000000e+00 9.90000000e+00 8.53258375e+00 9.90000000e+00 -4.23037546e+00
 1.02000000e+01 0.00000000e+00 1.02000000e+01 8.23906816e+00 1.02000000e+01 -4.18671146e+00
 1.05000000e+01 0.00000000e+00 1.05000000e+01 7.47272188e+00 1.05000000e+01 -4.11943695e+00
 1.08000000e+01 0.00000000e+00 1.08000000e+01 8.06509435e+00 1.08000000e+01 -3.70533881e+00
 1.11000000e+01 0.00000000e+00 1.11000000e+01 7.71470737e+00 1.11000000e+01 -4.10452027e+00
 1.14000000e+01 0.00000000e+00 1.14000000e+01 8.50081563e+00 1.14000000e+01 -4.52881184e+00
 1.17000000e+01 0.00000000e+00 1.17000000e+01 8.42878157e+00 1.17000000e+01 -4.66015224e+00
 1.20000000e+01 0.00000000e+00 1.20000000e+01 8.50121485e+00 1.20000000e+01 -4.81588057e+00
 1.23000000e+01 0.00000000e+00 1.23000000e+01 8.40577534e+00 1.23000000e+01 -4.17183649e+00
 1.26000000e+01 0.00000000e+00 1.26000000e+01 8.09203265e+00 1.26000000e+01 -4.52841998e+00
 1.29000000e+01 0.00000000e+00 1.29000000e+01 8.10968856e+00 1.29000000e+01 -4.05659340e+00
 1.32000000e+01 0.00000000e+00 1.32000000e+01 8.21648480e+00 1.32000000e+01 -4.08281340e+00
 1.35000000e+01 0.00000000e+00 1.35000000e+01 8.15813047e+00 1.35000000e+01 -4.15013649e+00
 1.38000000e+01 0.00000000e+00 1.38000000e+01 7.99989632e+00 1.38000000e+01 -3.77732445e+00
 1.41000000e+01 0.00000000e+00 1.41000000e+01 8.41953518e+00 1.41000000e+01 -4.35221515e+00
 1.44000000e+01 0.00000000e+00 1.44000000e+01 7.74056033e+00 1.44000000e+01 -4.27841540e+00
 1.47000000e+01 0.00000000e+00 1.47000000e+01 7.69845895e+00 1.47000000e+01 -4.34515669e+00
 1.50000000e+01 0.00000000e+00 1.50000000e+01 8.38258072e+00 1.50000000e+01 -5.02274718e+00
 1.53000000e+01 0.00000000e+00 1.53000000e+01 2.17308616e+00 1.53000000e+01 -4.13940065e+00
 1.56000000e+01 0.00000000e+00 1.56000000e+01 2.25628168e+00 1.56000000e+01 -3.33918251e+00
 1.59000000e+01 0.00000000e+00 1.59000000e+01 2.12014520e+00 1.59000000e+01 -3.32063956e+00
 1.62000000e+01 0.00000000e+00 1.62000000e+01 1.64080585e+00 1.62000000e+01 -3.26936422e+00
 1.65000000e+01 0.00000000e+00 1.65000000e+01 2.16284152e+00 1.65000000e+01 -4.35948949e+00
 1.68000000e+01 0.00000000e+00 1.68000000e+01 2.13988478e+00 1.68000000e+01 -3.62637187e+00
 1.71000000e+01 0.00000000e+00 1.71000000e+01 2.56501248e+00 1.71000000e+01 -3.47568904e+00
 1.74000000e+01 0.00000000e+00 1.74000000e+01 1.89813056e+00 1.74000000e+01 -3.13496213e+00
 1.77000000e+01 0.00000000e+00 1.77000000e+01 2.89840308e+00 1.77000000e+01 -3.62405789e+00
 1.80000000e+01 0.00000000e+00 1.80000000e+01 1.84603373e+00 1.80000000e+01 -3.90323245e+00
 1.83000000e+01 0.00000000e+00 1.83000000e+01 3.07645751e+00 1.83000000e+01 -3.56657599e+00
 1.86000000e+01 0.00000000e+00 1.86000000e+01 1.60173322e+00 1.86000000e+01 -3.79050952e+00
 1.89000000e+01 0.00000000e+00 1.89000000e+01 1.63944741e+00 1.89000000e+01 -3.63479166e+00
 1.92000000e+01 0.00000000e+00 1.92000000e+01 1.85022350e+00 1.92000000e+01 -3.77642666e+00
 1.95000000e+01 0.00000000e+00 1.95000000e+01 2.66276768e+00 1.95000000e+01 -3.77502305e+00
 1.98000000e+01 0.00000000e+00 1.98000000e+01 1.87891905e+00 1.98000000e+01 -3.85721935e+00
 2.01000000e+01 0.00000000e+00 2.01000000e+01 2.22446868e+00 2.01000000e+01 -3.93820762e+00
 2.04000000e+01 0.00000000e+00 2.04000000e+01 1.87749205e+00 2.04000000e+01 -3.64112636e+00
 2.07000000e+01 0.00000000e+00 2.07000000e+01 2.07391899e+00 2.07000000e+01 -3.99126251e+00
 2.10000000e+01 0.00000000e+00 2.10000000e+01 1.79041621e+00 2.10000000e+01 -3.61881708e+00
 2.13000000e+01 0.00000000e+00 2.13000000e+01 1.95141146e+00 2.13000000e+01 -3.52678940e+00
 2.16000000e+01 0.00000000e+00 2.16000000e+01 2.61014926e+00 2.16000000e+01 -3.23959205e+00
 2.19000000e+01 0.00000000e+00 2.19000000e+01 2.04921572e+00 2.19000000e+01 -4.08002375e+00
 2.22000000e+01 0.00000000e+00 2.22000000e+01 2.02561759e+00 2.22000000e+01 -3.74864670e+00
 2.25000000e+01 0.00000000e+00 2.25000000e+01 1.93267328e+00 2.25000000e+01 -3.85399851e+00
 2.28000000e+01 0.00000000e+00 2.28000000e+01 1.98655842e+00 2.28000000e+01 -4.15781513e+00
 2.31000000e+01 0.00000000e+00 2.31000000e+01 2.27553151e+00 2.31000000e+01 -3.89464331e+00
 2.34000000e+01 0.00000000e+00 2.34000000e+01 2.00389957e+00 2.34000000e+01 -3.45403143e+00
 2.37000000e+01 0.00000000e+00 2.37000000e+01 2.04876181e+00 2.37000000e+01 -3.91392982e+00
 2.40000000e+01 0.00000000e+00 2.40000000e+01 2.82323938e+00 2.40000000e+01 -3.76175977e+00
 2.43000000e+01 0.00000000e+00 2.43000000e+01 2.11037156e+00 2.43000000e+01 -4.33889365e+00
 2.46000000e+01 0.00000000e+00 2.46000000e+01 1.81198344e+00 2.46000000e+01 -3.47395459e+00
 2.49000000e+01 0.00000000e+00 2.49000000e+01 1.77657475e+00 2.49000000e+01 -3.74463476e+00
 2.52000000e+01 0.00000000e+00 2.52000000e+01 1.72861304e+00 2.52000000e+01 -4.71037820e+00
 2.55000000e+01 0.00000000e+00 2.55000000e+01 2.03462968e+00 2.55000000e+01 -5.01015592e+00
 2.58000000e+01 0.00000000e+00 2.58000000e+01 1.95765727e+00 2.58000000e+01 -4.75969419e+00
 2.61000000e+01 0.00000000e+00 2.61000000e+01 9.87402080e-01 2.61000000e+01 -4.38444039e+00
 2.64000000e+01 0.00000000e+00 2.64000000e+01 1.88023931e+00 2.64000000e+01 -4.82003194e+00
 2.67000000e+01 0.00000000e+00 2.67000000e+01 1.39598984e+00 2.67000000e+01 -4.68300143e+00
 2.70000000e+01 0.00000000e+00 2.70000000e+01 1.68341120e+00 2.70000000e+01 -4.33818968e+00
 2.73000000e+01 0.00000000e+00 2.73000000e+01 1.44082899e+00 2.73000000e+01 -4.97279774e+00
 2.76000000e+01 0.00000000e+00 2.76000000e+01 1.27968222e+00 2.76000000e+01 -4.84884126e+00
 2.79000000e+01 0.00000000e+00 2.79000000e+01 1.80809978e+00 2.79000000e+01 -4.26457902e+00
 2.82000000e+01 0.00000000e+00 2.82000000e+01 1.52615446e+00 2.82000000e+01 -4.69331248e+00
 2.85000000e+01 0.00000000e+00 2.85000000e+01 1.47874537e+00 2.85000000e+01 -4.67978873e+00
 2.88000000e+01 0.00000000e+00 2.88000000e+01 1.63678353e+00 2.88000000e+01 -4.89469629e+00
 2.91000000e+01 0.00000000e+00 2.91000000e+01 1.58647269e+00 2.91000000e+01 -4.91637778e+00
 2.94000000e+01 0.00000000e+00 2.94000000e+01 1.64211159e+00 2.94000000e+01 -4.21761088e+00
 2.97000000e+01 0.00000000e+00 2.97000000e+01 1.61790861e+00 2.97000000e+01 -4.65273129e+00
 3.00000000e+01 0.00000000e+00 3.00000000e+01 1.01066818e+00 3.00000000e+01 -4.43391605e+00
 3.03000000e+01 0.00000000e+00 3.03000000e+01 1.54436298e+00 3.03000000e+01 -4.56810023e+00
 3.06000000e+01 0.00000000e+00 3.06000000e+01 1.76149252e+00 3.06000000e+01 -4.73372457e+00
 3.09000000e+01 0.00000000e+00 3.09000000e+01 1.21081167e+00 3.09000000e+01 -4.63454760e+00
 3.12000000e+01 0.00000000e+00 3.12000000e+01 2.13203584e+00 3.12000000e+01 -4.27374629e+00
 3.15000000e+01 0.00000000e+00 3.15000000e+01 1.76531455e+00 3.15000000e+01 -5.04452449e+00
 3.18000000e+01 0.00000000e+00 3.18000000e+01 1.48269312e+00 3.18000000e+01 -4.65756047e+00
 3.21000000e+01 0.00000000e+00 3.21000000e+01 1.55467621e+00 3.21000000e+01 -4.69928686e+00
 3.24000000e+01 0.00000000e+00 3.24000000e+01 1.86472853e+00 3.24000000e+01 -4.84977598e+00
 3.27000000e+01 0.00000000e+00 3.27000000e+01 1.40048146e+00 3.27000000e+01 -4.80293097e+00
 3.30000000e+01 0.00000000e+00 3.30000000e+01 1.44561400e+00 3.30000000e+01 -4.79136136e+00
 3.33000000e+01 0.00000000e+00 3.33000000e+01 1.94040165e+00 3.33000000e+01 -4.70887145e+00
 3.36000000e+01 0.00000000e+00 3.36000000e+01 1.37343367e+00 3.36000000e+01 -4.09921317e+00
 3.39000000e+01 0.00000000e+00 3.39000000e+01 1.08321826e+00 3.39000000e+01 -4.73613532e+00
 3.42000000e+01 0.00000000e+00 3.42000000e+01 2.20908353e+00 3.42000000e+01 -4.56194147e+00
 3.45000000e+01 0.00000000e+00 3.45000000e+01 1.83380946e+00 3.45000000e+01 -3.96356362e+00
 3.48000000e+01 0.00000000e+00 3.48000000e+01 1.67952045e+00 3.48000000e+01 -5.09470359e+00
 3.51000000e+01 0.00000000e+00 3.51000000e+01 5.45398182e+00 3.51000000e+01 -2.39260125e+00
 3.54000000e+01 0.00000000e+00 3.54000000e+01 4.62292761e+00 3.54000000e+01 -1.87616288e+00
 3.57000000e+01 0.00000000e+00 3.57000000e+01 5.01698963e+00 3.57000000e+01 -1.92927097e+00
 3.60000000e+01 0.00000000e+00 3.60000000e+01 4.78899747e+00 3.60000000e+01 -1.98324129e+00
 3.63000000e+01 0.00000000e+00 3.63000000e+01 5.58204206e+00 3.63000000e+01 -1.67699791e+00
 3.66000000e+01 0.00000000e+00 3.66000000e+01 4.99588491e+00 3.66000000e+01 -1.97738021e+00
 3.69000000e+01 0.00000000e+00 3.69000000e+01 4.55670945e+00 3.69000000e+01 -1.94035237e+00
 3.72000000e+01 0.00000000e+00 3.72000000e+01 4.95016717e+00 3.72000000e+01 -1.35678933e+00
 3.75000000e+01 0.00000000e+00 3.75000000e+01 4.99447537e+00 3.75000000e+01 -1.99185638e+00
 3.78000000e+01 0.00000000e+00 3.78000000e+01 4.87758992e+00 3.78000000e+01 -1.86558025e+00
 3.81000000e+01 0.00000000e+00 3.81000000e+01 4.80426863e+00 3.81000000e+01 -1.13832167e+00
 3.84000000e+01 0.00000000e+00 3.84000000e+01 5.14408649e+00 3.84000000e+01 -2.01125150e+00
 3.87000000e+01 0.00000000e+00 3.87000000e+01 5.16131046e+00 3.87000000e+01 -1.63071237e+00
 3.90000000e+01 0.00000000e+00 3.90000000e+01 5.13652189e+00 3.90000000e+01 -2.20763331e+00
 3.93000000e+01 0.00000000e+00 3.93000000e+01 5.18066705e+00 3.93000000e+01 -1.92001574e+00
 3.96000000e+01 0.00000000e+00 3.96000000e+01 4.88226388e+00 3.96000000e+01 -2.02987770e+00
 3.99000000e+01 0.00000000e+00 3.99000000e+01 4.72431495e+00 3.99000000e+01 -1.62184465e+00
 4.02000000e+01 0.00000000e+00 4.02000000e+01 5.44091005e+00 4.02000000e+01 -3.82302301e+00
 4.05000000e+01 0.00000000e+00 4.05000000e+01 5.63101449e+00 4.05000000e+01 -4.06223365e+00
 4.08000000e+01 0.00000000e+00 4.08000000e+01 5.01206051e+00 4.08000000e+01 -4.09062201e+00
 4.11000000e+01 0.00000000e+00 4.11000000e+01 5.69609254e+00 4.11000000e+01 -3.93027997e+00
 4.14000000e+01 0.00000000e+00 4.14000000e+01 5.38151119e+00 4.14000000e+01 -4.84595950e+00
 4.17000000e+01 0.00000000e+00 4.17000000e+01 6.15375423e+00 4.17000000e+01 -4.04045762e+00
 4.20000000e+01 0.00000000e+00 4.20000000e+01 5.61817779e+00 4.20000000e+01 -4.63543582e+00
 4.23000000e+01 0.00000000e+00 4.23000000e+01 5.12851473e+00 4.23000000e+01 -4.51936289e+00
 4.26000000e+01 0.00000000e+00 4.26000000e+01 5.37719155e+00 4.26000000e+01 -4.53996123e+00
 4.29000000e+01 0.00000000e+00 4.29000000e+01 5.51943914e+00 4.29000000e+01 -3.90576151e+00
 4.32000000e+01 0.00000000e+00 4.32000000e+01 5.82847378e+00 4.32000000e+01 -3.45831916e+00
 4.35000000e+01 0.00000000e+00 4.35000000e+01 5.43354161e+00 4.35000000e+01 -3.66254917e+00
 4.38000000e+01 0.00000000e+00 4.38000000e+01 5.67851147e+00 4.38000000e+01 -4.27176116e+00
 4.41000000e+01 0.00000000e+00 4.41000000e+01 4.97135733e+00 4.41000000e+01 -3.82310242e+00
 4.44000000e+01 0.00000000e+00 4.44000000e+01 4.61682081e+00 4.44000000e+01 -4.20352604e+00
 4.47000000e+01 0.00000000e+00 4.47000000e+01 5.99074446e+00 4.47000000e+01 -4.19004695e+00
 4.50000000e+01 0.00000000e+00 4.50000000e+01 6.10904097e+00 4.50000000e+01 -3.73195279e+00
 4.53000000e+01 0.00000000e+00 4.53000000e+01 5.56071376e+00 4.53000000e+01 -4.06786062e+00
 4.56000000e+01 0.00000000e+00 4.56000000e+01 5.93432384e+00 4.56000000e+01 -3.58990211e+00
 4.59000000e+01 0.00000000e+00 4.59000000e+01 5.90247630e+00 4.59000000e+01 -4.53995037e+00
 4.62000000e+01 0.00000000e+00 4.62000000e+01 5.35803581e+00 4.62000000e+01 -4.27584663e+00
 4.65000000e+01 0.00000000e+00 4.65000000e+01 5.81306687e+00 4.65000000e+01 -3.69211515e+00
 4.68000000e+01 0.00000000e+00 4.68000000e+01 5.09424085e+00 4.68000000e+01 -4.14113547e+00
 4.71000000e+01 0.00000000e+00 4.71000000e+01 5.82947130e+00 4.71000000e+01 -4.32463874e+00
 4.74000000e+01 0.00000000e+00 4.74000000e+01 5.23761069e+00 4.74000000e+01 -3.86436063e+00
 4.77000000e+01 0.00000000e+00 4.77000000e+01 5.46365271e+00 4.77000000e+01 -3.60349419e+00
 4.80000000e+01 0.00000000e+00 4.80000000e+01 5.47546125e+00 4.80000000e+01 -4.38036049e+00
 4.83000000e+01 0.00000000e+00 4.83000000e+01 5.24271091e+00 4.83000000e+01 -3.86499205e+00
 4.86000000e+01 0.00000000e+00 4.86000000e+01 5.91762391e+00 4.86000000e+01 -4.36453987e+00
 4.89000000e+01 0.00000000e+00 4.89000000e+01 4.90371497e+00 4.89000000e+01 -4.07767812e+00
 4.92000000e+01 0.00000000e+00 4.92000000e+01 5.33768662e+00 4.92000000e+01 -4.04924297e+00
 4.95000000e+01 0.00000000e+00 4.95000000e+01 5.79336990e+00 4.95000000e+01 -4.61946494e+00
 4.98000000e+01 0.00000000e+00 4.98000000e+01 5.58987885e+00 4.98000000e+01 -4.48977699e+00
 5.01000000e+01 0.00000000e+00 5.01000000e+01 2.69399437e+00 5.01000000e+01 -4.19919572e+00
 5.04000000e+01 0.00000000e+00 5.04000000e+01 2.86982302e+00 5.04000000e+01 -4.08034087e+00
 5.07000000e+01 0.00000000e+00 5.07000000e+01 3.43469701e+00 5.07000000e+01 -3.82199655e+00
 5.10000000e+01 0.00000000e+00 5.10000000e+01 3.01135798e+00 5.10000000e+01 -3.93879747e+00
 5.13000000e+01 0.00000000e+00 5.13000000e+01 2.70371141e+00 5.13000000e+01 -4.05339896e+00
 5.16000000e+01 0.00000000e+00 5.16000000e+01 3.08274553e+00 5.16000000e+01 -3.98106887e+00
 5.19000000e+01 0.00000000e+00 5.19000000e+01 3.07057269e+00 5.19000000e+01 -3.53001227e+00
 5.22000000e+01 0.00000000e+00 5.22000000e+01 2.65339838e+00 5.22000000e+01 -4.25880664e+00
 5.25000000e+01 0.00000000e+00 5.25000000e+01 2.83635100e+00 5.25000000e+01 -4.45683812e+00
 5.28000000e+01 0.00000000e+00 5.28000000e+01 2.45934247e+00 5.28000000e+01 -3.92378221e+00
 5.31000000e+01 0.00000000e+00 5.31000000e+01 3.06314093e+00 5.31000000e+01 -4.10092409e+00
 5.34000000e+01 0.00000000e+00 5.34000000e+01 3.03198337e+00 5.34000000e+01 -4.06862543e+00
 5.37000000e+01 0.00000000e+00 5.37000000e+01 2.65515836e+00 5.37000000e+01 -3.81405303e+00
 5.40000000e+01 0.00000000e+00 5.40000000e+01 3.47725113e+00 5.40000000e+01 -4.52139120e+00
 5.43000000e+01 0.00000000e+00 5.43000000e+01 3.04534771e+00 5.43000000e+01 -4.09364750e+00
 5.46000000e+01 0.00000000e+00 5.46000000e+01 2.71895862e+00 5.46000000e+01 -3.75906235e+00
 5.49000000e+01 0.00000000e+00 5.49000000e+01 2.84802167e+00 5.49000000e+01 -3.95183266e+00
 5.52000000e+01 0.00000000e+00 5.52000000e+01 7.97641371e+00 5.52000000e+01 -3.97410177e+00
 5.55000000e+01 0.00000000e+00 5.55000000e+01 7.81249053e+00 5.55000000e+01 -3.66027989e+00
 5.58000000e+01 0.00000000e+00 5.58000000e+01 7.88229392e+00 5.58000000e+01 -3.80477717e+00
 5.61000000e+01 0.00000000e+00 5.61000000e+01 8.18515700e+00 5.61000000e+01 -4.51460263e+00
 5.64000000e+01 0.00000000e+00 5.64000000e+01 8.21661394e+00 5.64000000e+01 -4.43299989e+00
 5.67000000e+01 0.00000000e+00 5.67000000e+01 8.63091295e+00 5.67000000e+01 -4.22557551e+00
 5.70000000e+01 0.00000000e+00 5.70000000e+01 8.62170701e+00 5.70000000e+01 -4.05945325e+00
 5.73000000e+01 0.00000000e+00 5.73000000e+01 8.26981351e+00 5.73000000e+01 -4.28116867e+00
 5.76000000e+01 0.00000000e+00 5.76000000e+01 7.91424192e+00 5.76000000e+01 -4.18394180e+00
 5.79000000e+01 0.00000000e+00 5.79000000e+01 8.16530637e+00 5.79000000e+01 -4.12257039e+00
 5.82000000e+01 0.00000000e+00 5.82000000e+01 7.85211158e+00 5.82000000e+01 -4.59449552e+00
 5.85000000e+01 0.00000000e+00 5.85000000e+01 7.72230024e+00 5.85000000e+01 -4.46988666e+00
 5.88000000e+01 0.00000000e+00 5.88000000e+01 8.21918620e+00 5.88000000e+01 -4.74087942e+00
 5.91000000e+01 0.00000000e+00 5.91000000e+01 7.96893779e+00 5.91000000e+01 -4.41544932e+00
 5.94000000e+01 0.00000000e+00 5.94000000e+01 8.68348441e+00 5.94000000e+01 -4.55110882e+00
 5.97000000e+01 0.00000000e+00 5.97000000e+01 8.17519115e+00 5.97000000e+01 -4.38671813e+00
