 0.00000000e+00 0.00000000e+00 0.00000000e+00 7.22979396e+00 0.00000000e+00 -7.23530787e+00
 3.00000000e-01 0.00000000e+00 3.00000000e-01 7.52380344e+00 3.00000000e-01 -7.45694369e+00
 6.00000000e-01 0.00000000e+00 6.00000000e-01 7.04695375e+00 6.00000000e-01 -7.22991579e+00
 9.00000000e-01 0.00000000e+00 9.00000000e-01 7.39857939e+00 9.00000000e-01 -7.64951571e+00
 1.20000000e+00 0.00000000e+00 1.20000000e+00 7.84499209e+00 1.20000000e+00 -7.65528929e+00
 1.50000000e+00 0.00000000e+00 1.50000000e+00 7.29243311e+00 1.50000000e+00 -7.54182301e+00
 1.80000000e+00 0.00000000e+00 1.80000000e+00 8.06505801e+00 1.80000000e+00 -7.28325189e+00
 2.10000000e+00 0.00000000e+00 2.10000000e+00 7.58245275e+00 2.10000000e+00 -6.96303138e+00
 2.40000000e+00 0.00000000e+00 2.40000000e+00 7.64318002e+00 2.40000000e+00 -7.09784726e+00
 2.70000000e+00 0.00000000e+00 2.70000000e+00 7.50808473e+00 2.70000000e+00 -6.73047901e+00
 3.00000000e+00 0.00000000e+00 3.00000000e+00 7.08624398e+00 3.00000000e+00 -6.74416753e+00
 3.30000000e+00 0.00000000e+00 3.30000000e+00 7.94902426e+00 3.30000000e+00 -7.32184918e+00
 3.60000000e+00 0.00000000e+00 3.60000000e+00 7.17741163e+00 3.60000000e+00 -6.93831181e+00
 3.90000000e+00 0.00000000e+00 3.90000000e+00 8.04368310e+00 3.90000000e+00 -7.06534093e+00
 4.20000000e+00 0.00000000e+00 4.20000000e+00 7.55904433e+00 4.20000000e+00 -7.01399429e+00
 4.50000000e+00 0.00000000e+00 4.50000000e+00 7.70535045e+00 4.50000000e+00 -7.21146614e+00
 4.80000000e+00 0.00000000e+00 4.80000000e+00 7.34774382e+00 4.80000000e+00 -7.29372504e+00
 5.10000000e+00 0.00000000e+00 5.10000000e+00 7.65556613e+00 5.10000000e+00 -7.54367199e+00
 5.40000000e+00 0.00000000e+00 5.40000000e+00 7.77297734e+00 5.40000000e+00 -6.95970267e+00
 5.70000000e+00 0.00000000e+00 5.70000000e+00 7.32010531e+00 5.70000000e+00 -6.79894781e+00
 6.00000000e+00 0.00000000e+00 6.00000000e+00 7.44611082e+00 6.00000000e+00 -7.49646537e+00
 6.30000000e+00 0.00000000e+00 6.30000000e+00 7.41685821e+00 6.30000000e+00 -7.04392518e+00
 6.60000000e+00 0.00000000e+00 6.60000000e+00 7.42636109e+00 6.60000000e+00 -7.48667466e+00
 6.90000000e+00 0.00000000e+00 6.90000000e+00 7.78575231e+00 6.90000000e+00 -8.12715068e+00
 7.20000000e+00 0.00000000e+00 7.20000000e+00 7.61824949e+00 7.20000000e+00 -6.88493991e+00
 7.50000000e+00 0.00000000e+00 7.50000000e+00 7.26801458e+00 7.50000000e+00 -7.60376490e+00
 7.80000000e+00 0.00000000e+00 7.80000000e+00 7.09378135e+00 7.80000000e+00 -7.29350617e+00
 8.10000000e+00 0.00000000e+00 8.10000000e+00 7.80428819e+00 8.10000000e+00 -8.01990122e+00
 8.40000000e+00 0.00000000e+00 8.40000000e+00 7.59598290e+00 8.40000000e+00 -7.16505499e+00
 8.70000000e+00 0.00000000e+00 8.70000000e+00 7.16102844e+00 8.70000000e+00 -6.95143040e+00
 9.00000000e+00 0.00000000e+00 9.00000000e+00 7.55691866e+00 9.00000000e+00 -7.74460333e+00
 9.30000000e+00 0.00000000e+00 9.30000000e+00 7.91426549e+00 9.30000000e+00 -7.20201477e+00
 9.60000000e+00 0.00000000e+00 9.60000000e+00 7.92552111e+00 9.60000000e+00 -6.98704812e+00
 9.90000000e+00 0.00000000e+00 9.90000000e+00 6.56574036e+00 9.90000000e+00 -7.13392346e+00
 1.02000000e+01 0.00000000e+00 1.02000000e+01 7.59554014e+00 1.02000000e+01 -7.09908387e+00
 1.05000000e+01 0.00000000e+00 1.05000000e+01 7.06215582e+00 1.05000000e+01 -7.41099982e+00
 1.08000000e+01 0.00000000e+00 1.08000000e+01 6.66823126e+00 1.08000000e+01 -7.60978357e+00
 1.11000000e+01 0.00000000e+00 1.11000000e+01 7.48421886e+00 1.11000000e+01 -7.05656785e+00
 1.14000000e+01 0.00000000e+00 1.14000000e+01 7.37538565e+00 1.14000000e+01 -6.85689257e+00
 1.17000000e+01 0.00000000e+00 1.17000000e+01 7.28471077e+00 1.17000000e+01 -7.59439597e+00
 1.20000000e+01 0.00000000e+00 1.20000000e+01 7.73005609e+00 1.20000000e+01 -7.36341005e+00
 1.23000000e+01 0.00000000e+00 1.23000000e+01 7.70578270e+00 1.23000000e+01 -6.74456320e+00
 1.26000000e+01 0.00000000e+00 1.26000000e+01 7.36067445e+00 1.26000000e+01 -7.31978317e+00
 1.29000000e+01 0.00000000e+00 1.29000000e+01 7.37727782e+00 1.29000000e+01 -6.27701495e+00
 1.32000000e+01 0.00000000e+00 1.32000000e+01 7.72632416e+00 1.32000000e+01 -6.93890030e+00
 1.35000000e+01 0.00000000e+00 1.35000000e+01 7.39576098e+00 1.35000000e+01 -7.71730591e+00
 1.38000000e+01 0.00000000e+00 1.38000000e+01 7.37012626e+00 1.38000000e+01 -6.62331053e+00
 1.41000000e+01 0.00000000e+00 1.41000000e+01 7.81038206e+00 1.41000000e+01 -6.46954387e+00
 1.44000000e+01 0.00000000e+00 1.44000000e+01 7.38349474e+00 1.44000000e+01 -6.56373687e+00
 1.47000000e+01 0.00000000e+00 1.47000000e+01 7.48529312e+00 1.47000000e+01 -7.39851005e+00
 1.50000000e+01 0.00000000e+00 1.50000000e+01 7.39529043e+00 1.50000000e+01 -6.93321260e+00
 1.53000000e+01 0.00000000e+00 1.53000000e+01 2.19564386e+00 1.53000000e+01 -5.79486242e+00
 1.56000000e+01 0.00000000e+00 1.56000000e+01 1.91609833e+00 1.56000000e+01 -6.37283310e+00
 1.59000000e+01 0.00000000e+00 1.59000000e+01 2.07104444e+00 1.59000000e+01 -6.19823456e+00
 1.62000000e+01 0.00000000e+00 1.62000000e+01 2.05728428e+00 1.62000000e+01 -5.91449690e+00
 1.65000000e+01 0.00000000e+00 1.65000000e+01 1.79287432e+00 1.65000000e+01 -5.60878972e+00
 1.68000000e+01 0.00000000e+00 1.68000000e+01 2.28222100e+00 1.68000000e+01 -5.61525066e+00
 1.71000000e+01 0.00000000e+00 1.71000000e+01 2.27797650e+00 1.71000000e+01 -5.63921711e+00
 1.74000000e+01 0.00000000e+00 1.74000000e+01 1.73129650e+00 1.74000000e+01 -5.51628653e+00
 1.77000000e+01 0.00000000e+00 1.77000000e+01 1.71805292e+00 1.77000000e+01 -4.89326055e+00
 1.80000000e+01 0.00000000e+00 1.80000000e+01 1.94628456e+00 1.80000000e+01 -5.98346415e+00
 1.83000000e+01 0.00000000e+00 1.83000000e+01 2.07080942e+00 1.83000000e+01 -5.55787066e+00
 1.86000000e+01 0.00000000e+00 1.86000000e+01 1.99957158e+00 1.86000000e+01 -5.53404760e+00
 1.89000000e+01 0.00000000e+00 1.89000000e+01 2.08674668e+00 1.89000000e+01 -5.62116215e+00
 1.92000000e+01 0.00000000e+00 1.92000000e+01 2.23349140e+00 1.92000000e+01 -5.64428454e+00
 1.95000000e+01 0.00000000e+00 1.95000000e+01 2.46485353e+00 1.95000000e+01 -5.52780430e+00
 1.98000000e+01 0.00000000e+00 1.98000000e+01 2.25954508e+00 1.98000000e+01 -5.70940856e+00
 2.01000000e+01 0.00000000e+00 2.01000000e+01 2.41081185e+00 2.01000000e+01 -5.84656567e+00
 2.04000000e+01 0.00000000e+00 2.04000000e+01 2.41020635e+00 2.04000000e+01 -5.61568740e+00
 2.07000000e+01 0.00000000e+00 2.07000000e+01 2.38534215e+00 2.07000000e+01 -5.57798490e+00
 2.10000000e+01 0.00000000e+00 2.10000000e+01 2.18535802e+00 2.10000000e+01 -5.43627675e+00
 2.13000000e+01 0.00000000e+00 2.13000000e+01 1.32626450e+00 2.13000000e+01 -5.04009413e+00
 2.16000000e+01 0.00000000e+00 2.16000000e+01 1.91462968e+00 2.16000000e+01 -5.85431351e+00
 2.19000000e+01 0.00000000e+00 2.19000000e+01 1.54551959e+00 2.19000000e+01 -5.60009300e+00
 2.22000000e+01 0.00000000e+00 2.22000000e+01 2.02109198e+00 2.22000000e+01 -5.28945804e+00
 2.25000000e+01 0.00000000e+00 2.25000000e+01 2.32501252e+00 2.25000000e+01 -5.82486840e+00
 2.28000000e+01 0.00000000e+00 2.28000000e+01 2.50486654e+00 2.28000000e+01 -5.93783107e+00
 2.31000000e+01 0.00000000e+00 2.31000000e+01 1.75710693e+00 2.31000000e+01 -6.29005188e+00
 2.34000000e+01 0.00000000e+00 2.34000000e+01 1.81880779e+00 2.34000000e+01 -6.21459978e+00
 2.37000000e+01 0.00000000e+00 2.37000000e+01 2.15849024e+00 2.37000000e+01 -6.46901594e+00
 2.40000000e+01 0.00000000e+00 2.40000000e+01 2.15214834e+00 2.40000000e+01 -5.58567903e+00
 2.43000000e+01 0.00000000e+00 2.43000000e+01 2.62443595e+00 2.43000000e+01 -5.86078999e+00
 2.46000000e+01 0.00000000e+00 2.46000000e+01 1.78158721e+00 2.46000000e+01 -5.27276820e+00
 2.49000000e+01 0.00000000e+00 2.49000000e+01 1.96691429e+00 2.49000000e+01 -5.50109486e+00
 2.52000000e+01 0.00000000e+00 2.52000000e+01 3.25437722e+00 2.52000000e+01 -5.16024458e+00
 2.55000000e+01 0.00000000e+00 2.55000000e+01 2.88929707e+00 2.55000000e+01 -4.79945180e+00
 2.58000000e+01 0.00000000e+00 2.58000000e+01 3.20155441e+00 2.58000000e+01 -4.92830724e+00
 2.61000000e+01 0.00000000e+00 2.61000000e+01 3.47129724e+00 2.61000000e+01 -4.55480592e+00
 2.64000000e+01 0.00000000e+00 2.64000000e+01 3.24854526e+00 2.64000000e+01 -4.39921561e+00
 2.67000000e+01 0.00000000e+00 2.67000000e+01 3.53428152e+00 2.67000000e+01 -4.54227584e+00
 2.70000000e+01 0.00000000e+00 2.70000000e+01 2.96418116e+00 2.70000000e+01 -4.76527448e+00
 2.73000000e+01 0.00000000e+00 2.73000000e+01 3.44150333e+00 2.73000000e+01 -4.77232546e+00
 2.76000000e+01 0.00000000e+00 2.76000000e+01 2.86180462e+00 2.76000000e+01 -5.07186132e+00
 2.79000000e+01 0.00000000e+00 2.79000000e+01 3.05985728e+00 2.79000000e+01 -4.60390235e+00
 2.82000000e+01 0.00000000e+00 2.82000000e+01 3.63113457e+00 2.82000000e+01 -5.28114337e+00
 2.85000000e+01 0.00000000e+00 2.85000000e+01 3.61177779e+00 2.85000000e+01 -5.16654045e+00
 2.88000000e+01 0.00000000e+00 2.88000000e+01 3.66831720e+00 2.88000000e+01 -4.64709982e+00
 2.91000000e+01 0.00000000e+00 2.91000000e+01 3.51236655e+00 2.91000000e+01 -4.98626256e+00
 2.94000000e+01 0.00000000e+00 2.94000000e+01 3.67871180e+00 2.94000000e+01 -4.40045053e+00
 2.97000000e+01 0.00000000e+00 2.97000000e+01 3.68775422e+00 2.97000000e+01 -5.03202698e+00
 3.00000000e+01 0.00000000e+00 3.00000000e+01 3.14794340e+00 3.00000000e+01 -4.95794503e+00
 3.03000000e+01 0.00000000e+00 3.03000000e+01 3.46292898e+00 3.03000000e+01 -4.86053779e+00
 3.06000000e+01 0.00000000e+00 3.06000000e+01 3.21630494e+00 3.06000000e+01 -4.84892229e+00
 3.09000000e+01 0.00000000e+00 3.09000000e+01 3.28310784e+00 3.09000000e+01 -4.86585691e+00
 3.12000000e+01 0.00000000e+00 3.12000000e+01 3.35053499e+00 3.12000000e+01 -4.58099108e+00
 3.15000000e+01 0.00000000e+00 3.15000000e+01 2.93567368e+00 3.15000000e+01 -4.75897651e+00
 3.18000000e+01 0.00000000e+00 3.18000000e+01 2.73900746e+00 3.18000000e+01 -4.43346238e+00
 3.21000000e+01 0.00000000e+00 3.21000000e+01 2.90133817e+00 3.21000000e+01 -5.39450309e+00
 3.24000000e+01 0.00000000e+00 3.24000000e+01 3.31356168e+00 3.24000000e+01 -5.02910732e+00
 3.27000000e+01 0.00000000e+00 3.27000000e+01 3.39590688e+00 3.27000000e+01 -4.82453436e+00
 3.30000000e+01 0.00000000e+00 3.30000000e+01 3.51811582e+00 3.30000000e+01 -5.45659152e+00
 3.33000000e+01 0.00000000e+00 3.33000000e+01 2.85788266e+00 3.33000000e+01 -4.52076598e+00
 3.36000000e+01 0.00000000e+00 3.36000000e+01 3.36179145e+00 3.36000000e+01 -5.19605591e+00
 3.39000000e+01 0.00000000e+00 3.39000000e+01 3.33190719e+00 3.39000000e+01 -4.33555206e+00
 3.42000000e+01 0.00000000e+00 3.42000000e+01 3.08643916e+00 3.42000000e+01 -4.03351258e+00
 3.45000000e+01 0.00000000e+00 3.45000000e+01 2.70541827e+00 3.45000000e+01 -4.84729542e+00
 3.48000000e+01 0.00000000e+00 3.48000000e+01 3.28191896e+00 3.48000000e+01 -4.94032026e+00
 3.51000000e+01 0.00000000e+00 3.51000000e+01 4.40277169e+00 3.51000000e+01 -7.21541760e-01
 3.54000000e+01 0.00000000e+00 3.54000000e+01 4.33644434e+00 3.54000000e+01 -7.52016611e-01
 3.57000000e+01 0.00000000e+00 3.57000000e+01 5.11868513e+00 3.57000000e+01 6.89131101e-02
 3.60000000e+01 0.00000000e+00 3.60000000e+01 5.16525940e+00 3.60000000e+01 -4.84532158e-01
 3.63000000e+01 0.00000000e+00 3.63000000e+01 5.58029154e+00 3.63000000e+01 -1.07077349e+00
 3.66000000e+01 0.00000000e+00 3.66000000e+01 5.24115425e+00 3.66000000e+01 -4.67362398e-01
 3.69000000e+01 0.00000000e+00 3.69000000e+01 5.00157640e+00 3.69000000e+01 -1.28026173e+00
 3.72000000e+01 0.00000000e+00 3.72000000e+01 5.46366422e+00 3.72000000e+01 -4.36532471e-01
 3.75000000e+01 0.00000000e+00 3.75000000e+01 4.94175698e+00 3.75000000e+01 -1.38278486e+00
 3.78000000e+01 0.00000000e+00 3.78000000e+01 5.24904833e+00 3.78000000e+01 -3.54805004e-01
 3.81000000e+01 0.00000000e+00 3.81000000e+01 4.94052328e+00 3.81000000e+01 -7.25527344e-01
 3.84000000e+01 0.00000000e+00 3.84000000e+01 5.05714606e+00 3.84000000e+01 -3.63542462e-01
 3.87000000e+01 0.00000000e+00 3.87000000e+01 5.19549777e+00 3.87000000e+01 -4.96368157e-01
 3.90000000e+01 0.00000000e+00 3.90000000e+01 4.90748551e+00 3.90000000e+01 -9.95495745e-02
 3.93000000e+01 0.00000000e+00 3.93000000e+01 4.73954357e+00 3.93000000e+01 -4.65665037e-01
 3.96000000e+01 0.00000000e+00 3.96000000e+01 5.04575377e+00 3.96000000e+01 -2.09065805e-01
 3.99000000e+01 0.00000000e+00 3.99000000e+01 4.39763552e+00 3.99000000e+01 -5.82784775e-01
 4.02000000e+01 0.00000000e+00 4.02000000e+01 4.27934325e+00 4.02000000e+01 -1.50853441e+00
 4.05000000e+01 0.00000000e+00 4.05000000e+01 4.75427227e+00 4.05000000e+01 -1.31573598e+00
 4.08000000e+01 0.00000000e+00 4.08000000e+01 3.97581356e+00 4.08000000e+01 -1.47464827e+00
 4.11000000e+01 0.00000000e+00 4.11000000e+01 4.39736673e+00 4.11000000e+01 -1.09896198e+00
 4.14000000e+01 0.00000000e+00 4.14000000e+01 4.37576734e+00 4.14000000e+01 -1.95874540e+00
 4.17000000e+01 0.00000000e+00 4.17000000e+01 4.38553132e+00 4.17000000e+01 -1.23035431e+00
 4.20000000e+01 0.00000000e+00 4.20000000e+01 4.04370071e+00 4.20000000e+01 -1.50945876e+00
 4.23000000e+01 0.00000000e+00 4.23000000e+01 3.43079864e+00 4.23000000e+01 -1.42369474e+00
 4.26000000e+01 0.00000000e+00 4.26000000e+01 4.33106635e+00 4.26000000e+01 -2.02738101e+00
 4.29000000e+01 0.00000000e+00 4.29000000e+01 4.33355642e+00 4.29000000e+01 -1.73369094e+00
 4.32000000e+01 0.00000000e+00 4.32000000e+01 4.35846204e+00 4.32000000e+01 -2.04630622e+00
 4.35000000e+01 0.00000000e+00 4.35000000e+01 3.84466981e+00 4.35000000e+01 -1.48791263e+00
 4.38000000e+01 0.00000000e+00 4.38000000e+01 4.02741468e+00 4.38000000e+01 -1.29323008e+00
 4.41000000e+01 0.00000000e+00 4.41000000e+01 4.08303792e+00 4.41000000e+01 -1.04022716e+00
 4.44000000e+01 0.00000000e+00 4.44000000e+01 3.64847331e+00 4.44000000e+01 -1.47560789e+00
 4.47000000e+01 0.00000000e+00 4.47000000e+01 4.03832852e+00 4.47000000e+01 -1.66515847e+00
 4.50000000e+01 0.00000000e+00 4.50000000e+01 3.69689713e+00 4.50000000e+01 -1.47729062e+00
 4.53000000e+01 0.00000000e+00 4.53000000e+01 3.53098933e+00 4.53000000e+01 -1.21674121e+00
 4.56000000e+01 0.00000000e+00 4.56000000e+01 4.15255886e+00 4.56000000e+01 -9.28201418e-01
 4.59000000e+01 0.00000000e+00 4.59000000e+01 3.74185145e+00 4.59000000e+01 -1.25292035e+00
 4.62000000e+01 0.00000000e+00 4.62000000e+01 4.23758562e+00 4.62000000e+01 -1.44492760e+00
 4.65000000e+01 0.00000000e+00 4.65000000e+01 3.99635218e+00 4.65000000e+01 -1.64448052e+00
 4.68000000e+01 0.00000000e+00 4.68000000e+01 4.00394253e+00 4.68000000e+01 -1.40819249e+00
 4.71000000e+01 0.00000000e+00 4.71000000e+01 4.65653709e+00 4.71000000e+01 -1.78722268e+00
 4.74000000e+01 0.00000000e+00 4.74000000e+01 3.56733446e+00 4.74000000e+01 -1.25656388e+00
 4.77000000e+01 0.00000000e+00 4.77000000e+01 3.43259362e+00 4.77000000e+01 -1.47491026e+00
 4.80000000e+01 0.00000000e+00 4.80000000e+01 4.28588235e+00 4.80000000e+01 -1.35225097e+00
 4.83000000e+01 0.00000000e+00 4.83000000e+01 3.85756730e+00 4.83000000e+01 -1.73240181e+00
 4.86000000e+01 0.00000000e+00 4.86000000e+01 4.14036854e+00 4.86000000e+01 -2.14228405e+00
 4.89000000e+01 0.00000000e+00 4.89000000e+01 4.46097962e+00 4.89000000e+01 -1.71012214e+00
 4.92000000e+01 0.00000000e+00 4.92000000e+01 3.67347382e+00 4.92000000e+01 -1.38839307e+00
 4.95000000e+01 0.00000000e+00 4.95000000e+01 4.06087827e+00 4.95000000e+01 -1.66910888e+00
 4.98000000e+01 0.00000000e+00 4.98000000e+01 4.47489523e+00 4.98000000e+01 -1.88699040e+00
 5.01000000e+01 0.00000000e+00 5.01000000e+01 3.81724977e+00 5.01000000e+01 -5.38225065e+00
 5.04000000e+01 0.00000000e+00 5.04000000e+01 3.55575590e+00 5.04000000e+01 -5.97293505e+00
 5.07000000e+01 0.00000000e+00 5.07000000e+01 3.98349270e+00 5.07000000e+01 -5.88340215e+00
 5.10000000e+01 0.00000000e+00 5.10000000e+01 3.32510808e+00 5.10000000e+01 -6.35363645e+00
 5.13000000e+01 0.00000000e+00 5.13000000e+01 4.13038445e+00 5.13000000e+01 -6.27087224e+00
 5.16000000e+01 0.00000000e+00 5.16000000e+01 3.89824111e+00 5.16000000e+01 -6.15772586e+00
 5.19000000e+01 0.00000000e+00 5.19000000e+01 4.09318611e+00 5.19000000e+01 -6.15484722e+00
 5.22000000e+01 0.00000000e+00 5.22000000e+01 3.39214955e+00 5.22000000e+01 -6.02185138e+00
 5.25000000e+01 0.00000000e+00 5.25000000e+01 3.43197763e+00 5.25000000e+01 -6.24372874e+00
 5.28000000e+01 0.00000000e+00 5.28000000e+01 4.01657297e+00 5.28000000e+01 -6.16772088e+00
 5.31000000e+01 0.00000000e+00 5.31000000e+01 4.02985257e+00 5.31000000e+01 -6.19484347e+00
 5.34000000e+01 0.00000000e+00 5.34000000e+01 3.59067642e+00 5.34000000e+01 -6.18870427e+00
 5.37000000e+01 0.00000000e+00 5.37000000e+01 3.85037820e+00 5.37000000e+01 -5.98197119e+00
 5.40000000e+01 0.00000000e+00 5.40000000e+01 4.48261750e+00 5.40000000e+01 -5.99981470e+00
 5.43000000e+01 0.00000000e+00 5.43000000e+01 4.13943927e+00 5.43000000e+01 -6.18467659e+00
 5.46000000e+01 0.00000000e+00 5.46000000e+01 4.16213772e+00 5.46000000e+01 -5.53809014e+00
 5.49000000e+01 0.00000000e+00 5.49000000e+01 3.47985022e+00 5.49000000e+01 -6.18559710e+00
 5.52000000e+01 0.00000000e+00 5.52000000e+01 6.81893372e+00 5.52000000e+01 -7.40968665e+00
 5.55000000e+01 0.00000000e+00 5.55000000e+01 7.34788946e+00 5.55000000e+01 -7.15408722e+00
 5.58000000e+01 0.00000000e+00 5.58000000e+01 8.35114825e+00 5.58000000e+01 -7.66332598e+00
 5.61000000e+01 0.00000000e+00 5.61000000e+01 7.31127602e+00 5.61000000e+01 -7.22467678e+00
 5.64000000e+01 0.00000000e+00 5.64000000e+01 7.55371537e+00 5.64000000e+01 -7.35598944e+00
 5.67000000e+01 0.00000000e+00 5.67000000e+01 7.50182802e+00 5.67000000e+01 -6.75241832e+00
 5.70000000e+01 0.00000000e+00 5.70000000e+01 7.94075204e+00 5.70000000e+01 -7.19389669e+00
 5.73000000e+01 0.00000000e+00 5.73000000e+01 7.58131853e+00 5.73000000e+01 -7.80479952e+00
 5.76000000e+01 0.00000000e+00 5.76000000e+01 7.75644263e+00 5.76000000e+01 -7.22250355e+00
 5.79000000e+01 0.00000000e+00 5.79000000e+01 7.57836009e+00 5.79000000e+01 -7.18659789e+00
 5.82000000e+01 0.00000000e+00 5.82000000e+01 7.43627054e+00 5.82000000e+01 -7.54607091e+00
 5.85000000e+01 0.00000000e+00 5.85000000e+01 7.37760179e+00 5.85000000e+01 -7.40768705e+00
 5.88000000e+01 0.00000000e+00 5.88000000e+01 7.48689890e+00 5.88000000e+01 -7.14187664e+00
 5.91000000e+01 0.00000000e+00 5.91000000e+01 6.93544093e+00 5.91000000e+01 -6.75479564e+00
 5.94000000e+01 0.00000000e+00 5.94000000e+01 7.26518819e+00 5.94000000e+01 -7.15783745e+00
 5.97000000e+01 0.00000000e+00 5.97000000e+01 8.14428101e+00 5.97000000e+01 -7.69266614e+00
