 0.00000000e+00 0.00000000e+00 0.00000000e+00 8.24327553e+00 0.00000000e+00 -3.03235038e+00
 3.00000000e-01 0.00000000e+00 3.00000000e-01 8.51628670e+00 3.00000000e-01 -3.03954144e+00
 6.00000000e-01 0.00000000e+00 6.00000000e-01 7.89237169e+00 6.00000000e-01 -2.83693366e+00
 9.00000000e-01 0.00000000e+00 9.00000000e-01 7.91315219e+00 9.00000000e-01 -3.32171050e+00
 1.20000000e+00 0.00000000e+00 1.20000000e+00 8.10941619e+00 1.20000000e+00 -3.29885158e+00
 1.50000000e+00 0.00000000e+00 1.50000000e+00 8.17764589e+00 1.50000000e+00 -2.99026665e+00
 1.80000000e+00 0.00000000e+00 1.80000000e+00 7.68660829e+00 1.80000000e+00 -3.21512295e+00
 2.10000000e+00 0.00000000e+00 2.10000000e+00 7.57939157e+00 2.10000000e+00 -2.90148880e+00
 2.40000000e+00 0.00000000e+00 2.40000000e+00 8.57055514e+00 2.40000000e+00 -3.41382257e+00
 2.70000000e+00 0.00000000e+00 2.70000000e+00 7.87946942e+00 2.70000000e+00 -3.07637459e+00
 3.00000000e+00 0.00000000e+00 3.00000000e+00 7.90121924e+00 3.00000000e+00 -3.16697441e+00
 3.30000000e+00 0.00000000e+00 3.30000000e+00 8.22803645e+00 3.30000000e+00 -2.41461787e+00
 3.60000000e+00 0.00000000e+00 3.60000000e+00 7.91590850e+00 3.60000000e+00 -2.35075726e+00
 3.90000000e+00 0.00000000e+00 3.90000000e+00 7.61951679e+00 3.90000000e+00 -2.95844206e+00
 4.20000000e+00 0.00000000e+00 4.20000000e+00 7.67143325e+00 4.20000000e+00 -3.06460570e+00
 4.50000000e+00 0.00000000e+00 4.50000000e+00 7.97077789e+00 4.50000000e+00 -2.84573667e+00
 4.80000000e+00 0.00000000e+00 4.80000000e+00 7.94546317e+00 4.80000000e+00 -2.56152684e+00
 5.10000000e+00 0.00000000e+00 5.10000000e+00 7.90130645e+00 5.10000000e+00 -2.47351611e+00
 5.40000000e+00 0.00000000e+00 5.40000000e+00 8.02222132e+00 5.40000000e+00 -2.12757854e+00
 5.70000000e+00 0.00000000e+00 5.70000000e+00 7.37919863e+00 5.70000000e+00 -2.86079309e+00
 6.00000000e+00 0.00000000e+00 6.00000000e+00 8.14212244e+00 6.00000000e+00 -2.91674476e+00
 6.30000000e+00 0.00000000e+00 6.30000000e+00 8.60585122e+00 6.30000000e+00 -2.55774045e+00
 6.60000000e+00 0.00000000e+00 6.60000000e+00 8.31519009e+00 6.60000000e+00 -2.71366508e+00
 6.90000000e+00 0.00000000e+00 6.90000000e+00 7.78979310e+00 6.90000000e+00 -2.65536930e+00
 7.20000000e+00 0.00000000e+00 7.20000000e+00 8.31964673e+00 7.20000000e+00 -2.63805709e+00
 7.50000000e+00 0.00000000e+00 7.50000000e+00 8.51382286e+00 7.50000000e+00 -2.81673651e+00
 7.80000000e+00 0.00000000e+00 7.80000000e+00 7.66243997e+00 7.80000000e+00 -3.20229185e+00
 8.10000000e+00 0.00000000e+00 8.10000000e+00 8.44289670e+00 8.10000000e+00 -3.48847012e+00
 8.40000000e+00 0.00000000e+00 8.40000000e+00 7.73704519e+00 8.40000000e+00 -2.96460284e+00
 8.70000000e+00 0.00000000e+00 8.70000000e+00 8.38573941e+00 8.70000000e+00 -3.39390066e+00
 9.00000000e+00 0.00000000e+00 9.00000000e+00 7.71741277e+00 9.00000000e+00 -2.46813998e+00
 9.30000000e+00 0.00000000e+00 9.30000000e+00 8.52925404e+00 9.30000000e+00 -3.10497876e+00
 9.60000000e+00 0.00000000e+00 9.60000000e+00 8.27673039e+00 9.60000000e+00 -2.68362360e+00
 9.90000000e+00 0.00000000e+00 9.90000000e+00 7.58677408e+00 9.90000000e+00 -2.76850509e+00
 1.02000000e+01 0.00000000e+00 1.02000000e+01 8.20788622e+00 1.02000000e+01 -2.77648442e+00
 1.05000000e+01 0.00000000e+00 1.05000000e+01 8.23523701e+00 1.05000000e+01 -2.86544649e+00
 1.08000000e+01 0.00000000e+00 1.08000000e+01 8.07151667e+00 1.08000000e+01 -2.53073189e+00
 1.11000000e+01 0.00000000e+00 1.11000000e+01 8.09440601e+00 1.11000000e+01 -3.76414329e+00
 1.14000000e+01 0.00000000e+00 1.14000000e+01 7.77624350e+00 1.14000000e+01 -2.94356081e+00
 1.17000000e+01 0.00000000e+00 1.17000000e+01 8.32842647e+00 1.17000000e+01 -3.25948247e+00
 1.20000000e+01 0.00000000e+00 1.20000000e+01 8.92756796e+00 1.20000000e+01 -2.55515419e+00
 1.23000000e+01 0.00000000e+00 1.23000000e+01 8.04463421e+00 1.23000000e+01 -3.01524119e+00
 1.26000000e+01 0.00000000e+00 1.26000000e+01 8.09756324e+00 1.26000000e+01 -2.89650404e+00
 1.29000000e+01 0.00000000e+00 1.29000000e+01 7.73472494e+00 1.29000000e+01 -2.76613752e+00
 1.32000000e+01 0.00000000e+00 1.32000000e+01 8.39109122e+00 1.32000000e+01 -3.07403206e+00
 1.35000000e+01 0.00000000e+00 1.35000000e+01 8.31881445e+00 1.35000000e+01 -3.15744649e+00
 1.38000000e+01 0.00000000e+00 1.38000000e+01 7.79258727e+00 1.38000000e+01 -3.08981516e+00
 1.41000000e+01 0.00000000e+00 1.41000000e+01 7.97718920e+00 1.41000000e+01 -3.69250973e+00
 1.44000000e+01 0.00000000e+00 1.44000000e+01 7.73817491e+00 1.44000000e+01 -3.06763649e+00
 1.47000000e+01 0.00000000e+00 1.47000000e+01 8.14676101e+00 1.47000000e+01 -3.44130882e+00
 1.50000000e+01 0.00000000e+00 1.50000000e+01 7.65068030e+00 1.50000000e+01 -3.05864793e+00
 1.53000000e+01 0.00000000e+00 1.53000000e+01 1.77449961e+00 1.53000000e+01 -4.75945141e+00
 1.56000000e+01 0.00000000e+00 1.56000000e+01 2.51569578e+00 1.56000000e+01 -4.75449168e+00
 1.59000000e+01 0.00000000e+00 1.59000000e+01 2.07399275e+00 1.59000000e+01 -5.10178615e+00
 1.62000000e+01 0.00000000e+00 1.62000000e+01 2.09782260e+00 1.62000000e+01 -4.34161808e+00
 1.65000000e+01 0.00000000e+00 1.65000000e+01 2.56121920e+00 1.65000000e+01 -5.18566419e+00
 1.68000000e+01 0.00000000e+00 1.68000000e+01 2.04670207e+00 1.68000000e+01 -5.43817039e+00
 1.71000000e+01 0.00000000e+00 1.71000000e+01 1.81419667e+00 1.71000000e+01 -4.44126576e+00
 1.74000000e+01 0.00000000e+00 1.74000000e+01 2.37692061e+00 1.74000000e+01 -5.03653983e+00
 1.77000000e+01 0.00000000e+00 1.77000000e+01 2.22577205e+00 1.77000000e+01 -5.26778961e+00
 1.80000000e+01 0.00000000e+00 1.80000000e+01 2.01220384e+00 1.80000000e+01 -4.60092324e+00
 1.83000000e+01 0.00000000e+00 1.83000000e+01 2.89514421e+00 1.83000000e+01 -5.27311285e+00
 1.86000000e+01 0.00000000e+00 1.86000000e+01 2.34965630e+00 1.86000000e+01 -5.03374771e+00
 1.89000000e+01 0.00000000e+00 1.89000000e+01 1.79605637e+00 1.89000000e+01 -4.49701443e+00
 1.92000000e+01 0.00000000e+00 1.92000000e+01 2.33497524e+00 1.92000000e+01 -5.04748077e+00
 1.95000000e+01 0.00000000e+00 1.95000000e+01 2.30000694e+00 1.95000000e+01 -5.56643771e+00
 1.98000000e+01 0.00000000e+00 1.98000000e+01 1.39953223e+00 1.98000000e+01 -4.67541385e+00
 2.01000000e+01 0.00000000e+00 2.01000000e+01 2.16065409e+00 2.01000000e+01 -4.92890905e+00
 2.04000000e+01 0.00000000e+00 2.04000000e+01 2.07230292e+00 2.04000000e+01 -4.93431469e+00
 2.07000000e+01 0.00000000e+00 2.07000000e+01 2.14529596e+00 2.07000000e+01 -5.41457378e+00
 2.10000000e+01 0.00000000e+00 2.10000000e+01 1.89446253e+00 2.10000000e+01 -5.02717259e+00
 2.13000000e+01 0.00000000e+00 2.13000000e+01 1.60552014e+00 2.13000000e+01 -5.00100550e+00
 2.16000000e+01 0.00000000e+00 2.16000000e+01 2.48692937e+00 2.16000000e+01 -5.26089070e+00
 2.19000000e+01 0.00000000e+00 2.19000000e+01 2.05766213e+00 2.19000000e+01 -4.44882720e+00
 2.22000000e+01 0.00000000e+00 2.22000000e+01 2.13027279e+00 2.22000000e+01 -4.64480907e+00
 2.25000000e+01 0.00000000e+00 2.25000000e+01 2.95716025e+00 2.25000000e+01 -4.75126677e+00
 2.28000000e+01 0.00000000e+00 2.28000000e+01 1.91985177e+00 2.28000000e+01 -5.17013001e+00
 2.31000000e+01 0.00000000e+00 2.31000000e+01 2.16342523e+00 2.31000000e+01 -5.00124412e+00
 2.34000000e+01 0.00000000e+00 2.34000000e+01 1.50193192e+00 2.34000000e+01 -4.31894479e+00
 2.37000000e+01 0.00000000e+00 2.37000000e+01 2.15099976e+00 2.37000000e+01 -4.52945874e+00
 2.40000000e+01 0.00000000e+00 2.40000000e+01 1.73097929e+00 2.40000000e+01 -4.91035352e+00
 2.43000000e+01 0.00000000e+00 2.43000000e+01 2.20856751e+00 2.43000000e+01 -5.22510493e+00
 2.46000000e+01 0.00000000e+00 2.46000000e+01 1.63409699e+00 2.46000000e+01 -4.94696342e+00
 2.49000000e+01 0.00000000e+00 2.49000000e+01 2.16025243e+00 2.49000000e+01 -5.52026064e+00
 2.52000000e+01 0.00000000e+00 2.52000000e+01 2.66978543e+00 2.52000000e+01 -5.85670056e+00
 2.55000000e+01 0.00000000e+00 2.55000000e+01 2.37418777e+00 2.55000000e+01 -5.87115048e+00
 2.58000000e+01 0.00000000e+00 2.58000000e+01 2.40437816e+00 2.58000000e+01 -4.90434633e+00
 2.61000000e+01 0.00000000e+00 2.61000000e+01 1.53302464e+00 2.61000000e+01 -4.81770914e+00
 2.64000000e+01 0.00000000e+00 2.64000000e+01 2.31430248e+00 2.64000000e+01 -5.47857678e+00
 2.67000000e+01 0.00000000e+00 2.67000000e+01 2.59637689e+00 2.67000000e+01 -4.76057269e+00
 2.70000000e+01 0.00000000e+00 2.70000000e+01 1.80589273e+00 2.70000000e+01 -5.10443139e+00
 2.73000000e+01 0.00000000e+00 2.73000000e+01 2.48573779e+00 2.73000000e+01 -4.51347506e+00
 2.76000000e+01 0.00000000e+00 2.76000000e+01 2.45246538e+00 2.76000000e+01 -5.09771854e+00
 2.79000000e+01 0.00000000e+00 2.79000000e+01 2.75194854e+00 2.79000000e+01 -5.10931507e+00
 2.82000000e+01 0.00000000e+00 2.82000000e+01 2.36438472e+00 2.82000000e+01 -4.55384727e+00
 2.85000000e+01 0.00000000e+00 2.85000000e+01 2.21510368e+00 2.85000000e+01 -5.05399564e+00
 2.88000000e+01 0.00000000e+00 2.88000000e+01 2.20513607e+00 2.88000000e+01 -5.40470830e+00
 2.91000000e+01 0.00000000e+00 2.91000000e+01 1.97666501e+00 2.91000000e+01 -4.37696922e+00
 2.94000000e+01 0.00000000e+00 2.94000000e+01 2.45238513e+00 2.94000000e+01 -4.90659764e+00
 2.97000000e+01 0.00000000e+00 2.97000000e+01 2.02503839e+00 2.97000000e+01 -5.51769102e+00
 3.00000000e+01 0.00000000e+00 3.00000000e+01 2.47202978e+00 3.00000000e+01 -4.96252416e+00
 3.03000000e+01 0.00000000e+00 3.03000000e+01 2.52587288e+00 3.03000000e+01 -5.01539025e+00
 3.06000000e+01 0.00000000e+00 3.06000000e+01 2.21885641e+00 3.06000000e+01 -5.65340977e+00
 3.09000000e+01 0.00000000e+00 3.09000000e+01 2.33956363e+00 3.09000000e+01 -4.37109700e+00
 3.12000000e+01 0.00000000e+00 3.12000000e+01 2.46549448e+00 3.12000000e+01 -4.90671750e+00
 3.15000000e+01 0.00000000e+00 3.15000000e+01 3.21672604e+00 3.15000000e+01 -4.24379534e+00
 3.18000000e+01 0.00000000e+00 3.18000000e+01 2.31735027e+00 3.18000000e+01 -4.95586230e+00
 3.21000000e+01 0.00000000e+00 3.21000000e+01 2.50471670e+00 3.21000000e+01 -5.69026810e+00
 3.24000000e+01 0.00000000e+00 3.24000000e+01 1.25387831e+00 3.24000000e+01 -4.65409598e+00
 3.27000000e+01 0.00000000e+00 3.27000000e+01 2.18170757e+00 3.27000000e+01 -5.19914348e+00
 3.30000000e+01 0.00000000e+00 3.30000000e+01 2.47809172e+00 3.30000000e+01 -5.36161489e+00
 3.33000000e+01 0.00000000e+00 3.33000000e+01 2.84607041e+00 3.33000000e+01 -5.05585856e+00
 3.36000000e+01 0.00000000e+00 3.36000000e+01 2.31345416e+00 3.36000000e+01 -4.68114027e+00
 3.39000000e+01 0.00000000e+00 3.39000000e+01 1.83784427e+00 3.39000000e+01 -4.97709465e+00
 3.42000000e+01 0.00000000e+00 3.42000000e+01 1.86740357e+00 3.42000000e+01 -5.21018100e+00
 3.45000000e+01 0.00000000e+00 3.45000000e+01 1.60994955e+00 3.45000000e+01 -5.40396409e+00
 3.48000000e+01 0.00000000e+00 3.48000000e+01 2.24376451e+00 3.48000000e+01 -4.74555452e+00
 3.51000000e+01 0.00000000e+00 3.51000000e+01 5.10134115e+00 3.51000000e+01 7.88275055e-01
 3.54000000e+01 0.00000000e+00 3.54000000e+01 4.07683335e+00 3.54000000e+01 6.35856634e-01
 3.57000000e+01 0.00000000e+00 3.57000000e+01 4.82743490e+00 3.57000000e+01 4.46482904e-01
 3.60000000e+01 0.00000000e+00 3.60000000e+01 4.92978847e+00 3.60000000e+01 5.58495212e-01
 3.63000000e+01 0.00000000e+00 3.63000000e+01 4.73333570e+00 3.63000000e+01 2.94065850e-01
 3.66000000e+01 0.00000000e+00 3.66000000e+01 4.97674143e+00 3.66000000e+01 3.53798793e-01
 3.69000000e+01 0.00000000e+00 3.69000000e+01 4.78171334e+00 3.69000000e+01 6.01397983e-01
 3.72000000e+01 0.00000000e+00 3.72000000e+01 3.86925190e+00 3.72000000e+01 1.66002283e-01
 3.75000000e+01 0.00000000e+00 3.75000000e+01 4.94622699e+00 3.75000000e+01 6.49821934e-01
 3.78000000e+01 0.00000000e+00 3.78000000e+01 4.83276900e+00 3.78000000e+01 7.50586208e-01
 3.81000000e+01 0.00000000e+00 3.81000000e+01 5.02909125e+00 3.81000000e+01 6.87007809e-01
 3.84000000e+01 0.00000000e+00 3.84000000e+01 5.20799607e+00 3.84000000e+01 7.73586299e-01
 3.87000000e+01 0.00000000e+00 3.87000000e+01 4.88615328e+00 3.87000000e+01 1.21260739e-01
 3.90000000e+01 0.00000000e+00 3.90000000e+01 4.08939471e+00 3.90000000e+01 6.64563122e-01
 3.93000000e+01 0.00000000e+00 3.93000000e+01 4.65875141e+00 3.93000000e+01 4.05690212e-01
 3.96000000e+01 0.00000000e+00 3.96000000e+01 4.75712721e+00 3.96000000e+01 9.21382451e-01
 3.99000000e+01 0.00000000e+00 3.99000000e+01 4.71144014e+00 3.99000000e+01 8.60025483e-02
 4.02000000e+01 0.00000000e+00 4.02000000e+01 3.47835170e+00 4.02000000e+01 -1.91982639e+00
 4.05000000e+01 0.00000000e+00 4.05000000e+01 3.13369396e+00 4.05000000e+01 -1.35184117e+00
 4.08000000e+01 0.00000000e+00 4.08000000e+01 3.56433375e+00 4.08000000e+01 -1.52478110e+00
 4.11000000e+01 0.00000000e+00 4.11000000e+01 3.06669162e+00 4.11000000e+01 -1.42768258e+00
 4.14000000e+01 0.00000000e+00 4.14000000e+01 3.65187288e+00 4.14000000e+01 -1.14117347e+00
 4.17000000e+01 0.00000000e+00 4.17000000e+01 3.30469791e+00 4.17000000e+01 -1.69082190e+00
 4.20000000e+01 0.00000000e+00 4.20000000e+01 3.95295297e+00 4.20000000e+01 -1.54543141e+00
 4.23000000e+01 0.00000000e+00 4.23000000e+01 3.81962125e+00 4.23000000e+01 -1.62480182e+00
 4.26000000e+01 0.00000000e+00 4.26000000e+01 3.79189628e+00 4.26000000e+01 -1.77572466e+00
 4.29000000e+01 0.00000000e+00 4.29000000e+01 3.93366107e+00 4.29000000e+01 -1.53312413e+00
 4.32000000e+01 0.00000000e+00 4.32000000e+01 3.46165253e+00 4.32000000e+01 -1.09787772e+00
 4.35000000e+01 0.00000000e+00 4.35000000e+01 3.81299232e+00 4.35000000e+01 -1.47255628e+00
 4.38000000e+01 0.00000000e+00 4.38000000e+01 3.11919520e+00 4.38000000e+01 -1.73030491e+00
 4.41000000e+01 0.00000000e+00 4.41000000e+01 3.38204081e+00 4.41000000e+01 -1.79890412e+00
 4.44000000e+01 0.00000000e+00 4.44000000e+01 3.94614543e+00 4.44000000e+01 -1.62809074e+00
 4.47000000e+01 0.00000000e+00 4.47000000e+01 3.11541433e+00 4.47000000e+01 -1.26284445e+00
 4.50000000e+01 0.00000000e+00 4.50000000e+01 3.05830591e+00 4.50000000e+01 -1.95566789e+00
 4.53000000e+01 0.00000000e+00 4.53000000e+01 3.95311613e+00 4.53000000e+01 -1.91315203e+00
 4.56000000e+01 0.00000000e+00 4.56000000e+01 3.74601534e+00 4.56000000e+01 -2.14012826e+00
 4.59000000e+01 0.00000000e+00 4.59000000e+01 3.93823237e+00 4.59000000e+01 -2.15553541e+00
 4.62000000e+01 0.00000000e+00 4.62000000e+01 3.42594360e+00 4.62000000e+01 -2.48272267e+00
 4.65000000e+01 0.00000000e+00 4.65000000e+01 3.51761769e+00 4.65000000e+01 -1.69543760e+00
 4.68000000e+01 0.00000000e+00 4.68000000e+01 3.37173749e+00 4.68000000e+01 -8.77044809e-01
 4.71000000e+01 0.00000000e+00 4.71000000e+01 3.52363106e+00 4.71000000e+01 -1.78923470e+00
 4.74000000e+01 0.00000000e+00 4.74000000e+01 3.80190554e+00 4.74000000e+01 -1.56226062e+00
 4.77000000e+01 0.00000000e+00 4.77000000e+01 3.58235215e+00 4.77000000e+01 -1.88017227e+00
 4.80000000e+01 0.00000000e+00 4.80000000e+01 3.35205336e+00 4.80000000e+01 -1.73018445e+00
 4.83000000e+01 0.00000000e+00 4.83000000e+01 3.32276296e+00 4.83000000e+01 -1.78974896e+00
 4.86000000e+01 0.00000000e+00 4.86000000e+01 2.62599414e+00 4.86000000e+01 -1.13189296e+00
 4.89000000e+01 0.00000000e+00 4.89000000e+01 3.89856081e+00 4.89000000e+01 -1.06724350e+00
 4.92000000e+01 0.00000000e+00 4.92000000e+01 3.39116463e+00 4.92000000e+01 -1.91814587e+00
 4.95000000e+01 0.00000000e+00 4.95000000e+01 3.54647036e+00 4.95000000e+01 -1.54543469e+00
 4.98000000e+01 0.00000000e+00 4.98000000e+01 3.84962174e+00 4.98000000e+01 -1.14775874e+00
 5.01000000e+01 0.00000000e+00 5.01000000e+01 2.84578568e+00 5.01000000e+01 -4.50103158e+00
 5.04000000e+01 0.00000000e+00 5.04000000e+01 1.70336022e+00 5.04000000e+01 -5.45463003e+00
 5.07000000e+01 0.00000000e+00 5.07000000e+01 1.69487964e+00 5.07000000e+01 -5.61818422e+00
 5.10000000e+01 0.00000000e+00 5.10000000e+01 1.96690955e+00 5.10000000e+01 -5.84256736e+00
 5.13000000e+01 0.00000000e+00 5.13000000e+01 2.62008777e+00 5.13000000e+01 -5.43478323e+00
 5.16000000e+01 0.00000000e+00 5.16000000e+01 2.17576608e+00 5.16000000e+01 -5.91846878e+00
 5.19000000e+01 0.00000000e+00 5.19000000e+01 2.44173574e+00 5.19000000e+01 -5.59682925e+00
 5.22000000e+01 0.00000000e+00 5.22000000e+01 1.91404669e+00 5.22000000e+01 -5.73311562e+00
 5.25000000e+01 0.00000000e+00 5.25000000e+01 3.18320057e+00 5.25000000e+01 -5.46338841e+00
 5.28000000e+01 0.00000000e+00 5.28000000e+01 2.19608300e+00 5.28000000e+01 -6.43192032e+00
 5.31000000e+01 0.00000000e+00 5.31000000e+01 2.34419638e+00 5.31000000e+01 -5.08117741e+00
 5.34000000e+01 0.00000000e+00 5.34000000e+01 2.34409247e+00 5.34000000e+01 -6.08633046e+00
 5.37000000e+01 0.00000000e+00 5.37000000e+01 1.80764630e+00 5.37000000e+01 -5.11052523e+00
 5.40000000e+01 0.00000000e+00 5.40000000e+01 2.05446830e+00 5.40000000e+01 -5.91461718e+00
 5.43000000e+01 0.00000000e+00 5.43000000e+01 2.25095513e+00 5.43000000e+01 -5.71662300e+00
 5.46000000e+01 0.00000000e+00 5.46000000e+01 2.06759120e+00 5.46000000e+01 -5.59793786e+00
 5.49000000e+01 0.00000000e+00 5.49000000e+01 2.70435156e+00 5.49000000e+01 -5.67853957e+00
 5.52000000e+01 0.00000000e+00 5.52000000e+01 7.63076283e+00 5.52000000e+01 -3.13906340e+00
 5.55000000e+01 0.00000000e+00 5.55000000e+01 8.29448108e+00 5.55000000e+01 -3.32558521e+00
 5.58000000e+01 0.00000000e+00 5.58000000e+01 8.17555994e+00 5.58000000e+01 -3.07746206e+00
 5.61000000e+01 0.00000000e+00 5.61000000e+01 8.88926290e+00 5.61000000e+01 -3.21331781e+00
 5.64000000e+01 0.00000000e+00 5.64000000e+01 7.53328447e+00 5.64000000e+01 -3.09686393e+00
 5.67000000e+01 0.00000000e+00 5.67000000e+01 7.84683171e+00 5.67000000e+01 -3.48179849e+00
 5.70000000e+01 0.00000000e+00 5.70000000e+01 8.11527294e+00 5.70000000e+01 -3.04904107e+00
 5.73000000e+01 0.00000000e+00 5.73000000e+01 8.38396573e+00 5.73000000e+01 -3.21101114e+00
 5.76000000e+01 0.00000000e+00 5.76000000e+01 7.81799493e+00 5.76000000e+01 -2.86614598e+00
 5.79000000e+01 0.00000000e+00 5.79000000e+01 8.38100744e+00 5.79000000e+01 -2.97047193e+00
 5.82000000e+01 0.00000000e+00 5.82000000e+01 8.11584434e+00 5.82000000e+01 -2.78339066e+00
 5.85000000e+01 0.00000000e+00 5.85000000e+01 7.88269686e+00 5.85000000e+01 -2.37679760e+00
 5.88000000e+01 0.00000000e+00 5.88000000e+01 8.18409366e+00 5.88000000e+01 -3.51233876e+00
 5.91000000e+01 0.00000000e+00 5.91000000e+01 8.85446161e+00 5.91000000e+01 -3.03661512e+00
 5.94000000e+01 0.00000000e+00 5.94000000e+01 8.48204665e+00 5.94000000e+01 -3.24038437e+00
 5.97000000e+01 0.00000000e+00 5.97000000e+01 8.01471211e+00 5.97000000e+01 -2.98876337e+00
