 0.00000000e+00 0.00000000e+00 0.00000000e+00 6.10235082e+00 0.00000000e+00 -3.05693349e+00
 3.00000000e-01 0.00000000e+00 3.00000000e-01 5.58891065e+00 3.00000000e-01 -3.17952675e+00
 6.00000000e-01 0.00000000e+00 6.00000000e-01 6.20680007e+00 6.00000000e-01 -2.38232702e+00
 9.00000000e-01 0.00000000e+00 9.00000000e-01 5.82858787e+00 9.00000000e-01 -3.16819160e+00
 1.20000000e+00 0.00000000e+00 1.20000000e+00 5.54475309e+00 1.20000000e+00 -3.37112421e+00
 1.50000000e+00 0.00000000e+00 1.50000000e+00 5.66228039e+00 1.50000000e+00 -2.86168594e+00
 1.80000000e+00 0.00000000e+00 1.80000000e+00 6.29134154e+00 1.80000000e+00 -2.84163006e+00
 2.10000000e+00 0.00000000e+00 2.10000000e+00 5.80614347e+00 2.10000000e+00 -2.85680704e+00
 2.40000000e+00 0.00000000e+00 2.40000000e+00 5.86800920e+00 2.40000000e+00 -2.92305985e+00
 2.70000000e+00 0.00000000e+00 2.70000000e+00 6.21983750e+00 2.70000000e+00 -2.77568801e+00
 3.00000000e+00 0.00000000e+00 3.00000000e+00 6.45670091e+00 3.00000000e+00 -2.80675387e+00
 3.30000000e+00 0.00000000e+00 3.30000000e+00 6.39874851e+00 3.30000000e+00 -3.05658258e+00
 3.60000000e+00 0.00000000e+00 3.60000000e+00 6.20699123e+00 3.60000000e+00 -2.82606845e+00
 3.90000000e+00 0.00000000e+00 3.90000000e+00 6.12893183e+00 3.90000000e+00 -3.13319376e+00
 4.20000000e+00 0.00000000e+00 4.20000000e+00 5.32555834e+00 4.20000000e+00 -3.20454265e+00
 4.50000000e+00 0.00000000e+00 4.50000000e+00 5.56035741e+00 4.50000000e+00 -2.49808540e+00
 4.80000000e+00 0.00000000e+00 4.80000000e+00 6.20640060e+00 4.80000000e+00 -3.39981610e+00
 5.10000000e+00 0.00000000e+00 5.10000000e+00 6.05360050e+00 5.10000000e+00 -2.95122331e+00
 5.40000000e+00 0.00000000e+00 5.40000000e+00 5.77993421e+00 5.40000000e+00 -3.04863673e+00
 5.70000000e+00 0.00000000e+00 5.70000000e+00 6.16948077e+00 5.70000000e+00 -2.98245281e+00
 6.00000000e+00 0.00000000e+00 6.00000000e+00 5.78923766e+00 6.00000000e+00 -3.56092501e+00
 6.30000000e+00 0.00000000e+00 6.30000000e+00 5.65309128e+00 6.30000000e+00 -2.79024872e+00
 6.60000000e+00 0.00000000e+00 6.60000000e+00 6.46125614e+00 6.60000000e+00 -2.61406757e+00
 6.90000000e+00 0.00000000e+00 6.90000000e+00 6.02967031e+00 6.90000000e+00 -2.68312910e+00
 7.20000000e+00 0.00000000e+00 7.20000000e+00 5.77959905e+00 7.20000000e+00 -2.72897711e+00
 7.50000000e+00 0.00000000e+00 7.50000000e+00 6.29938710e+00 7.50000000e+00 -2.69461774e+00
 7.80000000e+00 0.00000000e+00 7.80000000e+00 6.20546680e+00 7.80000000e+00 -2.86715346e+00
 8.10000000e+00 0.00000000e+00 8.10000000e+00 6.35237610e+00 8.10000000e+00 -2.73381195e+00
 8.40000000e+00 0.00000000e+00 8.40000000e+00 6.00393607e+00 8.40000000e+00 -2.59118059e+00
 8.70000000e+00 0.00000000e+00 8.70000000e+00 5.67766899e+00 8.70000000e+00 -2.70666003e+00
 9.00000000e+00 0.00000000e+00 9.00000000e+00 5.75364076e+00 9.00000000e+00 -2.63826639e+00
 9.30000000e+00 0.00000000e+00 9.30000000e+00 5.98088666e+00 9.30000000e+00 -2.84020435e+00
 9.60000000e+00 0.00000000e+00 9.60000000e+00 6.23106169e+00 9.60000000e+00 -3.22377793e+00
 9.90000000e+00 0.00000000e+00 9.90000000e+00 5.41659913e+00 9.90000000e+00 -3.15850519e+00
 1.02000000e+01 0.00000000e+00 1.02000000e+01 5.99926328e+00 1.02000000e+01 -2.81666965e+00
 1.05000000e+01 0.00000000e+00 1.05000000e+01 5.84527825e+00 1.05000000e+01 -2.73369715e+00
 1.08000000e+01 0.00000000e+00 1.08000000e+01 6.45683065e+00 1.08000000e+01 -3.36632498e+00
 1.11000000e+01 0.00000000e+00 1.11000000e+01 6.86830053e+00 1.11000000e+01 -2.64223119e+00
 1.14000000e+01 0.00000000e+00 1.14000000e+01 6.23667003e+00 1.14000000e+01 -3.11121193e+00
 1.17000000e+01 0.00000000e+00 1.17000000e+01 5.68933811e+00 1.17000000e+01 -2.95423741e+00
 1.20000000e+01 0.00000000e+00 1.20000000e+01 5.57466274e+00 1.20000000e+01 -3.50011712e+00
 1.23000000e+01 0.00000000e+00 1.23000000e+01 5.32112778e+00 1.23000000e+01 -3.62172648e+00
 1.26000000e+01 0.00000000e+00 1.26000000e+01 5.97678643e+00 1.26000000e+01 -2.50559597e+00
 1.29000000e+01 0.00000000e+00 1.29000000e+01 6.01579933e+00 1.29000000e+01 -2.83429156e+00
 1.32000000e+01 0.00000000e+00 1.32000000e+01 5.98618515e+00 1.32000000e+01 -2.61299244e+00
 1.35000000e+01 0.00000000e+00 1.35000000e+01 5.66913327e+00 1.35000000e+01 -3.03300267e+00
 1.38000000e+01 0.00000000e+00 1.38000000e+01 5.83853100e+00 1.38000000e+01 -2.92580147e+00
 1.41000000e+01 0.00000000e+00 1.41000000e+01 5.94187634e+00 1.41000000e+01 -2.57535390e+00
 1.44000000e+01 0.00000000e+00 1.44000000e+01 6.03867240e+00 1.44000000e+01 -2.58107623e+00
 1.47000000e+01 0.00000000e+00 1.47000000e+01 5.82833638e+00 1.47000000e+01 -2.73166228e+00
 1.50000000e+01 0.00000000e+00 1.50000000e+01 5.98509599e+00 1.50000000e+01 -3.10371032e+00
 1.53000000e+01 0.00000000e+00 1.53000000e+01 1.46041865e+00 1.53000000e+01 -4.55376161e+00
 1.56000000e+01 0.00000000e+00 1.56000000e+01 1.66024446e+00 1.56000000e+01 -4.37778497e+00
 1.59000000e+01 0.00000000e+00 1.59000000e+01 1.70914419e+00 1.59000000e+01 -5.06333389e+00
 1.62000000e+01 0.00000000e+00 1.62000000e+01 1.38110052e+00 1.62000000e+01 -3.94628297e+00
 1.65000000e+01 0.00000000e+00 1.65000000e+01 1.29427143e+00 1.65000000e+01 -4.36791762e+00
 1.68000000e+01 0.00000000e+00 1.68000000e+01 1.33901096e+00 1.68000000e+01 -4.12227511e+00
 1.71000000e+01 0.00000000e+00 1.71000000e+01 1.61371729e+00 1.71000000e+01 -4.06950125e+00
 1.74000000e+01 0.00000000e+00 1.74000000e+01 1.28001030e+00 1.74000000e+01 -3.99617874e+00
 1.77000000e+01 0.00000000e+00 1.77000000e+01 1.79151524e+00 1.77000000e+01 -4.60970217e+00
 1.80000000e+01 0.00000000e+00 1.80000000e+01 1.30454554e+00 1.80000000e+01 -4.73255145e+00
 1.83000000e+01 0.00000000e+00 1.83000000e+01 1.38792447e+00 1.83000000e+01 -4.46701820e+00
 1.86000000e+01 0.00000000e+00 1.86000000e+01 1.66057843e+00 1.86000000e+01 -4.31402650e+00
 1.89000000e+01 0.00000000e+00 1.89000000e+01 1.21781117e+00 1.89000000e+01 -4.05070317e+00
 1.92000000e+01 0.00000000e+00 1.92000000e+01 1.77572185e+00 1.92000000e+01 -4.25880808e+00
 1.95000000e+01 0.00000000e+00 1.95000000e+01 1.57978400e+00 1.95000000e+01 -4.37262219e+00
 1.98000000e+01 0.00000000e+00 1.98000000e+01 1.34328859e+00 1.98000000e+01 -4.71960894e+00
 2.01000000e+01 0.00000000e+00 2.01000000e+01 1.51568373e+00 2.01000000e+01 -4.20974610e+00
 2.04000000e+01 0.00000000e+00 2.04000000e+01 1.52387642e+00 2.04000000e+01 -3.97365250e+00
 2.07000000e+01 0.00000000e+00 2.07000000e+01 1.25862106e+00 2.07000000e+01 -4.18699707e+00
 2.10000000e+01 0.00000000e+00 2.10000000e+01 1.40419499e+00 2.10000000e+01 -5.21225348e+00
 2.13000000e+01 0.00000000e+00 2.13000000e+01 1.35241299e+00 2.13000000e+01 -4.05957817e+00
 2.16000000e+01 0.00000000e+00 2.16000000e+01 1.50243110e+00 2.16000000e+01 -4.19761269e+00
 2.19000000e+01 0.00000000e+00 2.19000000e+01 9.79364033e-01 2.19000000e+01 -4.33628033e+00
 2.22000000e+01 0.00000000e+00 2.22000000e+01 1.39662914e+00 2.22000000e+01 -4.29126523e+00
 2.25000000e+01 0.00000000e+00 2.25000000e+01 1.41997869e+00 2.25000000e+01 -4.63247194e+00
 2.28000000e+01 0.00000000e+00 2.28000000e+01 1.84328188e+00 2.28000000e+01 -4.27309407e+00
 2.31000000e+01 0.00000000e+00 2.31000000e+01 1.57418467e+00 2.31000000e+01 -4.49703149e+00
 2.34000000e+01 0.00000000e+00 2.34000000e+01 1.58798412e+00 2.34000000e+01 -3.97724838e+00
 2.37000000e+01 0.00000000e+00 2.37000000e+01 1.64857738e+00 2.37000000e+01 -4.22314793e+00
 2.40000000e+01 0.00000000e+00 2.40000000e+01 1.48025119e+00 2.40000000e+01 -4.18558566e+00
 2.43000000e+01 0.00000000e+00 2.43000000e+01 2.09787823e+00 2.43000000e+01 -4.68415384e+00
 2.46000000e+01 0.00000000e+00 2.46000000e+01 1.26469835e+00 2.46000000e+01 -4.19049186e+00
 2.49000000e+01 0.00000000e+00 2.49000000e+01 1.76620395e+00 2.49000000e+01 -4.23080617e+00
 2.52000000e+01 0.00000000e+00 2.52000000e+01 1.27842881e+00 2.52000000e+01 -6.32099703e+00
 2.55000000e+01 0.00000000e+00 2.55000000e+01 1.14011095e+00 2.55000000e+01 -5.34867222e+00
 2.58000000e+01 0.00000000e+00 2.58000000e+01 1.75338378e+00 2.58000000e+01 -6.11893789e+00
 2.61000000e+01 0.00000000e+00 2.61000000e+01 1.47106152e+00 2.61000000e+01 -5.85983995e+00
 2.64000000e+01 0.00000000e+00 2.64000000e+01 2.08274076e+00 2.64000000e+01 -6.34448471e+00
 2.67000000e+01 0.00000000e+00 2.67000000e+01 1.68082090e+00 2.67000000e+01 -6.51574649e+00
 2.70000000e+01 0.00000000e+00 2.70000000e+01 1.83974703e+00 2.70000000e+01 -5.19675409e+00
 2.73000000e+01 0.00000000e+00 2.73000000e+01 1.42164650e+00 2.73000000e+01 -5.69876320e+00
 2.76000000e+01 0.00000000e+00 2.76000000e+01 1.75947895e+00 2.76000000e+01 -6.30405003e+00
 2.79000000e+01 0.00000000e+00 2.79000000e+01 1.43386341e+00 2.79000000e+01 -5.82291820e+00
 2.82000000e+01 0.00000000e+00 2.82000000e+01 1.54163613e+00 2.82000000e+01 -5.67063848e+00
 2.85000000e+01 0.00000000e+00 2.85000000e+01 1.75920527e+00 2.85000000e+01 -5.43207622e+00
 2.88000000e+01 0.00000000e+00 2.88000000e+01 1.99732473e+00 2.88000000e+01 -5.65131840e+00
 2.91000000e+01 0.00000000e+00 2.91000000e+01 1.56054164e+00 2.91000000e+01 -6.29032311e+00
 2.94000000e+01 0.00000000e+00 2.94000000e+01 2.03997111e+00 2.94000000e+01 -5.72848288e+00
 2.97000000e+01 0.00000000e+00 2.97000000e+01 1.36389643e+00 2.97000000e+01 -5.60187872e+00
 3.00000000e+01 0.00000000e+00 3.00000000e+01 1.90998141e+00 3.00000000e+01 -6.29399330e+00
 3.03000000e+01 0.00000000e+00 3.03000000e+01 1.23482231e+00 3.03000000e+01 -5.70809488e+00
 3.06000000e+01 0.00000000e+00 3.06000000e+01 1.73726201e+00 3.06000000e+01 -5.59330047e+00
 3.09000000e+01 0.00000000e+00 3.09000000e+01 1.00575337e+00 3.09000000e+01 -5.73684426e+00
 3.12000000e+01 0.00000000e+00 3.12000000e+01 1.03449257e+00 3.12000000e+01 -5.75392944e+00
 3.15000000e+01 0.00000000e+00 3.15000000e+01 1.51714818e+00 3.15000000e+01 -6.09579167e+00
 3.18000000e+01 0.00000000e+00 3.18000000e+01 1.41932666e+00 3.18000000e+01 -5.93987459e+00
 3.21000000e+01 0.00000000e+00 3.21000000e+01 1.67105028e+00 3.21000000e+01 -5.96513442e+00
 3.24000000e+01 0.00000000e+00 3.24000000e+01 2.19190334e+00 3.24000000e+01 -5.09319761e+00
 3.27000000e+01 0.00000000e+00 3.27000000e+01 1.45871785e+00 3.27000000e+01 -5.95221268e+00
 3.30000000e+01 0.00000000e+00 3.30000000e+01 1.32182429e+00 3.30000000e+01 -5.84223626e+00
 3.33000000e+01 0.00000000e+00 3.33000000e+01 1.64856852e+00 3.33000000e+01 -5.30233567e+00
 3.36000000e+01 0.00000000e+00 3.36000000e+01 1.40848334e+00 3.36000000e+01 -5.63098626e+00
 3.39000000e+01 0.00000000e+00 3.39000000e+01 1.47665172e+00 3.39000000e+01 -5.66503167e+00
 3.42000000e+01 0.00000000e+00 3.42000000e+01 1.46465259e+00 3.42000000e+01 -5.89746982e+00
 3.45000000e+01 0.00000000e+00 3.45000000e+01 1.41870399e+00 3.45000000e+01 -5.11532386e+00
 3.48000000e+01 0.00000000e+00 3.48000000e+01 1.03911110e+00 3.48000000e+01 -6.26777053e+00
 3.51000000e+01 0.00000000e+00 3.51000000e+01 4.10837811e+00 3.51000000e+01 -9.17998811e-01
 3.54000000e+01 0.00000000e+00 3.54000000e+01 3.59450995e+00 3.54000000e+01 -5.07102588e-01
 3.57000000e+01 0.00000000e+00 3.57000000e+01 3.98671060e+00 3.57000000e+01 -1.23573314e+00
 3.60000000e+01 0.00000000e+00 3.60000000e+01 4.07474173e+00 3.60000000e+01 -1.47539599e+00
 3.63000000e+01 0.00000000e+00 3.63000000e+01 3.67429213e+00 3.63000000e+01 -8.08020168e-01
 3.66000000e+01 0.00000000e+00 3.66000000e+01 3.80919672e+00 3.66000000e+01 -1.35654487e+00
 3.69000000e+01 0.00000000e+00 3.69000000e+01 3.65535030e+00 3.69000000e+01 -9.27267662e-01
 3.72000000e+01 0.00000000e+00 3.72000000e+01 3.32023823e+00 3.72000000e+01 -1.30938987e+00
 3.75000000e+01 0.00000000e+00 3.75000000e+01 3.89772059e+00 3.75000000e+01 -1.58484873e+00
 3.78000000e+01 0.00000000e+00 3.78000000e+01 4.49493483e+00 3.78000000e+01 -5.80664276e-01
 3.81000000e+01 0.00000000e+00 3.81000000e+01 3.61758496e+00 3.81000000e+01 -1.04842520e+00
 3.84000000e+01 0.00000000e+00 3.84000000e+01 3.56138731e+00 3.84000000e+01 -1.24454200e+00
 3.87000000e+01 0.00000000e+00 3.87000000e+01 3.23420764e+00 3.87000000e+01 -1.46834165e+00
 3.90000000e+01 0.00000000e+00 3.90000000e+01 3.37838475e+00 3.90000000e+01 -1.10614694e+00
 3.93000000e+01 0.00000000e+00 3.93000000e+01 3.64156122e+00 3.93000000e+01 -1.13613443e+00
 3.96000000e+01 0.00000000e+00 3.96000000e+01 3.65991376e+00 3.96000000e+01 -1.46067288e+00
 3.99000000e+01 0.00000000e+00 3.99000000e+01 3.51903976e+00 3.99000000e+01 -1.56533949e+00
 4.02000000e+01 0.00000000e+00 4.02000000e+01 6.99066981e+00 4.02000000e+01 -1.37083430e+00
 4.05000000e+01 0.00000000e+00 4.05000000e+01 7.14960373e+00 4.05000000e+01 -1.40495472e+00
 4.08000000e+01 0.00000000e+00 4.08000000e+01 7.21326812e+00 4.08000000e+01 -1.14952064e+00
 4.11000000e+01 0.00000000e+00 4.11000000e+01 6.72742295e+00 4.11000000e+01 -1.49671216e+00
 4.14000000e+01 0.00000000e+00 4.14000000e+01 7.72483348e+00 4.14000000e+01 -1.01691886e+00
 4.17000000e+01 0.00000000e+00 4.17000000e+01 7.23343031e+00 4.17000000e+01 -8.91125642e-01
 4.20000000e+01 0.00000000e+00 4.20000000e+01 7.47499441e+00 4.20000000e+01 -9.28392155e-01
 4.23000000e+01 0.00000000e+00 4.23000000e+01 7.50816544e+00 4.23000000e+01 -1.03199597e+00
 4.26000000e+01 0.00000000e+00 4.26000000e+01 7.23841341e+00 4.26000000e+01 -1.35656640e+00
 4.29000000e+01 0.00000000e+00 4.29000000e+01 7.00432824e+00 4.29000000e+01 -8.95876100e-01
 4.32000000e+01 0.00000000e+00 4.32000000e+01 7.17611526e+00 4.32000000e+01 -7.11243731e-01
 4.35000000e+01 0.00000000e+00 4.35000000e+01 6.97938326e+00 4.35000000e+01 -1.61091282e+00
 4.38000000e+01 0.00000000e+00 4.38000000e+01 7.08268504e+00 4.38000000e+01 -9.21319356e-01
 4.41000000e+01 0.00000000e+00 4.41000000e+01 7.21162290e+00 4.41000000e+01 -1.03357416e+00
 4.44000000e+01 0.00000000e+00 4.44000000e+01 7.49989152e+00 4.44000000e+01 -1.03394496e+00
 4.47000000e+01 0.00000000e+00 4.47000000e+01 7.78237901e+00 4.47000000e+01 -1.27026402e+00
 4.50000000e+01 0.00000000e+00 4.50000000e+01 7.05271056e+00 4.50000000e+01 -1.35449705e+00
 4.53000000e+01 0.00000000e+00 4.53000000e+01 7.44333725e+00 4.53000000e+01 -1.66722849e+00
 4.56000000e+01 0.00000000e+00 4.56000000e+01 7.85023477e+00 4.56000000e+01 -1.00463487e+00
 4.59000000e+01 0.00000000e+00 4.59000000e+01 7.16335943e+00 4.59000000e+01 -8.14941419e-01
 4.62000000e+01 0.00000000e+00 4.62000000e+01 7.64700972e+00 4.62000000e+01 -1.23605080e+00
 4.65000000e+01 0.00000000e+00 4.65000000e+01 7.78294097e+00 4.65000000e+01 -1.91478784e+00
 4.68000000e+01 0.00000000e+00 4.68000000e+01 6.56082658e+00 4.68000000e+01 -1.21587844e+00
 4.71000000e+01 0.00000000e+00 4.71000000e+01 7.50355624e+00 4.71000000e+01 -1.27138094e+00
 4.74000000e+01 0.00000000e+00 4.74000000e+01 7.51963250e+00 4.74000000e+01 -6.36510406e-01
 4.77000000e+01 0.00000000e+00 4.77000000e+01 7.47241307e+00 4.77000000e+01 -1.45952528e+00
 4.80000000e+01 0.00000000e+00 4.80000000e+01 7.21631875e+00 4.80000000e+01 -8.57414410e-01
 4.83000000e+01 0.00000000e+00 4.83000000e+01 7.46343516e+00 4.83000000e+01 -1.10433213e+00
 4.86000000e+01 0.00000000e+00 4.86000000e+01 7.58572311e+00 4.86000000e+01 -1.40104677e+00
 4.89000000e+01 0.00000000e+00 4.89000000e+01 7.41302899e+00 4.89000000e+01 -1.30086301e+00
 4.92000000e+01 0.00000000e+00 4.92000000e+01 6.96383489e+00 4.92000000e+01 -9.47187743e-01
 4.95000000e+01 0.00000000e+00 4.95000000e+01 7.21407614e+00 4.95000000e+01 -1.08719163e+00
 4.98000000e+01 0.00000000e+00 4.98000000e+01 7.42252247e+00 4.98000000e+01 -8.67985767e-01
 5.01000000e+01 0.00000000e+00 5.01000000e+01 3.11431032e+00 5.01000000e+01 -2.53839980e+00
 5.04000000e+01 0.00000000e+00 5.04000000e+01 3.80809763e+00 5.04000000e+01 -3.07614000e+00
 5.07000000e+01 0.00000000e+00 5.07000000e+01 3.38910592e+00 5.07000000e+01 -3.35426133e+00
 5.10000000e+01 0.00000000e+00 5.10000000e+01 3.12578991e+00 5.10000000e+01 -2.01664219e+00
 5.13000000e+01 0.00000000e+00 5.13000000e+01 3.71277176e+00 5.13000000e+01 -1.68074473e+00
 5.16000000e+01 0.00000000e+00 5.16000000e+01 3.89030854e+00 5.16000000e+01 -2.18533160e+00
 5.19000000e+01 0.00000000e+00 5.19000000e+01 3.52822543e+00 5.19000000e+01 -1.80859919e+00
 5.22000000e+01 0.00000000e+00 5.22000000e+01 3.57030149e+00 5.22000000e+01 -2.23076265e+00
 5.25000000e+01 0.00000000e+00 5.25000000e+01 3.28359145e+00 5.25000000e+01 -2.15969933e+00
 5.28000000e+01 0.00000000e+00 5.28000000e+01 3.19476556e+00 5.28000000e+01 -2.01674765e+00
 5.31000000e+01 0.00000000e+00 5.31000000e+01 2.98184525e+00 5.31000000e+01 -2.23552803e+00
 5.34000000e+01 0.00000000e+00 5.34000000e+01 2.80439889e+00 5.34000000e+01 -2.87463035e+00
 5.37000000e+01 0.00000000e+00 5.37000000e+01 3.00594250e+00 5.37000000e+01 -2.56813329e+00
 5.40000000e+01 0.00000000e+00 5.40000000e+01 2.94147925e+00 5.40000000e+01 -2.70445271e+00
 5.43000000e+01 0.00000000e+00 5.43000000e+01 2.88691220e+00 5.43000000e+01 -2.33302941e+00
 5.46000000e+01 0.00000000e+00 5.46000000e+01 3.29424327e+00 5.46000000e+01 -2.10161806e+00
 5.49000000e+01 0.00000000e+00 5.49000000e+01 3.64318661e+00 5.49000000e+01 -1.93872852e+00
 5.52000000e+01 0.00000000e+00 5.52000000e+01 5.31779691e+00 5.52000000e+01 -2.72881049e+00
 5.55000000e+01 0.00000000e+00 5.55000000e+01 6.64719452e+00 5.55000000e+01 -2.72804589e+00
 5.58000000e+01 0.00000000e+00 5.58000000e+01 6.69770993e+00 5.58000000e+01 -3.03308293e+00
 5.61000000e+01 0.00000000e+00 5.61000000e+01 5.88260538e+00 5.61000000e+01 -2.92351794e+00
 5.64000000e+01 0.00000000e+00 5.64000000e+01 5.52177227e+00 5.64000000e+01 -2.42798320e+00
 5.67000000e+01 0.00000000e+00 5.67000000e+01 5.94031349e+00 5.67000000e+01 -3.12096638e+00
 5.70000000e+01 0.00000000e+00 5.70000000e+01 5.98543803e+00 5.70000000e+01 -2.97946877e+00
 5.73000000e+01 0.00000000e+00 5.73000000e+01 6.33472047e+00 5.73000000e+01 -3.09029025e+00
 5.76000000e+01 0.00000000e+00 5.76000000e+01 5.59212643e+00 5.76000000e+01 -2.89490783e+00
 5.79000000e+01 0.00000000e+00 5.79000000e+01 5.85438032e+00 5.79000000e+01 -2.99624945e+00
 5.82000000e+01 0.00000000e+00 5.82000000e+01 5.50938405e+00 5.82000000e+01 -2.78057991e+00
 5.85000000e+01 0.00000000e+00 5.85000000e+01 5.84532374e+00 5.85000000e+01 -2.82599718e+00
 5.88000000e+01 0.00000000e+00 5.88000000e+01 6.38953426e+00 5.88000000e+01 -2.83114715e+00
 5.91000000e+01 0.00000000e+00 5.91000000e+01 5.59261628e+00 5.91000000e+01 -3.16016125e+00
 5.94000000e+01 0.00000000e+00 5.94000000e+01 5.87725750e+00 5.94000000e+01 -3.10998472e+00
 5.97000000e+01 0.00000000e+00 5.97000000e+01 5.81948192e+00 5.97000000e+01 -2.34310778e+00
