 0.00000000e+00 0.00000000e+00 0.00000000e+00 6.77648841e+00 0.00000000e+00 -4.38153949e+00
 3.00000000e-01 0.00000000e+00 3.00000000e-01 6.19897619e+00 3.00000000e-01 -3.86868554e+00
 6.00000000e-01 0.00000000e+00 6.00000000e-01 6.91884402e+00 6.00000000e-01 -3.74093255e+00
 9.00000000e-01 0.00000000e+00 9.00000000e-01 6.32173385e+00 9.00000000e-01 -4.06729696e+00
 1.20000000e+00 0.00000000e+00 1.20000000e+00 6.36538998e+00 1.20000000e+00 -4.17187574e+00
 1.50000000e+00 0.00000000e+00 1.50000000e+00 6.44561740e+00 1.50000000e+00 -3.42982995e+00
 1.80000000e+00 0.00000000e+00 1.80000000e+00 6.89269489e+00 1.80000000e+00 -4.24295720e+00
 2.10000000e+00 0.00000000e+00 2.10000000e+00 6.53063027e+00 2.10000000e+00 -4.90309567e+00
 2.40000000e+00 0.00000000e+00 2.40000000e+00 5.31162896e+00 2.40000000e+00 -4.24600540e+00
 2.70000000e+00 0.00000000e+00 2.70000000e+00 6.38576261e+00 2.70000000e+00 -4.56780460e+00
 3.00000000e+00 0.00000000e+00 3.00000000e+00 6.93226792e+00 3.00000000e+00 -4.51994382e+00
 3.30000000e+00 0.00000000e+00 3.30000000e+00 6.95375226e+00 3.30000000e+00 -4.50779854e+00
 3.60000000e+00 0.00000000e+00 3.60000000e+00 6.61558067e+00 3.60000000e+00 -3.68386463e+00
 3.90000000e+00 0.00000000e+00 3.90000000e+00 6.53771942e+00 3.90000000e+00 -4.42766880e+00
 4.20000000e+00 0.00000000e+00 4.20000000e+00 5.96130020e+00 4.20000000e+00 -4.73275043e+00
 4.50000000e+00 0.00000000e+00 4.50000000e+00 6.74054974e+00 4.50000000e+00 -3.26025659e+00
 4.80000000e+00 0.00000000e+00 4.80000000e+00 6.22891343e+00 4.80000000e+00 -3.76410721e+00
 5.10000000e+00 0.00000000e+00 5.10000000e+00 6.18238772e+00 5.10000000e+00 -4.49863022e+00
 5.40000000e+00 0.00000000e+00 5.40000000e+00 6.24360210e+00 5.40000000e+00 -4.29786764e+00
 5.70000000e+00 0.00000000e+00 5.70000000e+00 6.54124882e+00 5.70000000e+00 -4.23075534e+00
 6.00000000e+00 0.00000000e+00 6.00000000e+00 6.45208325e+00 6.00000000e+00 -4.24311521e+00
 6.30000000e+00 0.00000000e+00 6.30000000e+00 6.37601669e+00 6.30000000e+00 -4.05756859e+00
 6.60000000e+00 0.00000000e+00 6.60000000e+00 6.46055765e+00 6.60000000e+00 -4.77141671e+00
 6.90000000e+00 0.00000000e+00 6.90000000e+00 7.11743558e+00 6.90000000e+00 -4.07228705e+00
 7.20000000e+00 0.00000000e+00 7.20000000e+00 6.82056421e+00 7.20000000e+00 -4.74327691e+00
 7.50000000e+00 0.00000000e+00 7.50000000e+00 6.15939703e+00 7.50000000e+00 -4.50454532e+00
 7.80000000e+00 0.00000000e+00 7.80000000e+00 6.36191322e+00 7.80000000e+00 -3.92384369e+00
 8.10000000e+00 0.00000000e+00 8.10000000e+00 7.07338406e+00 8.10000000e+00 -4.22600394e+00
 8.40000000e+00 0.00000000e+00 8.40000000e+00 6.04008869e+00 8.40000000e+00 -4.33051466e+00
 8.70000000e+00 0.00000000e+00 8.70000000e+00 6.55498610e+00 8.70000000e+00 -4.62023744e+00
 9.00000000e+00 0.00000000e+00 9.00000000e+00 6.72420818e+00 9.00000000e+00 -4.55993032e+00
 9.30000000e+00 0.00000000e+00 9.30000000e+00 6.63193538e+00 9.30000000e+00 -4.17742993e+00
 9.60000000e+00 0.00000000e+00 9.60000000e+00 6.36602073e+00 9.60000000e+00 -3.71469815e+00
 9.90000000e+00 0.00000000e+00 9.90000000e+00 7.33546402e+00 9.90000000e+00 -3.75976360e+00
 1.02000000e+01 0.00000000e+00 1.02000000e+01 7.05265952e+00 1.02000000e+01 -3.73221812e+00
 1.05000000e+01 0.00000000e+00 1.05000000e+01 6.45130242e+00 1.05000000e+01 -4.15170729e+00
 1.08000000e+01 0.00000000e+00 1.08000000e+01 6.44168991e+00 1.08000000e+01 -4.24106346e+00
 1.11000000e+01 0.00000000e+00 1.11000000e+01 6.96288153e+00 1.11000000e+01 -4.55402074e+00
 1.14000000e+01 0.00000000e+00 1.14000000e+01 6.57382861e+00 1.14000000e+01 -4.02289125e+00
 1.17000000e+01 0.00000000e+00 1.17000000e+01 7.06329485e+00 1.17000000e+01 -3.97355943e+00
 1.20000000e+01 0.00000000e+00 1.20000000e+01 6.68575515e+00 1.20000000e+01 -4.03997404e+00
 1.23000000e+01 0.00000000e+00 1.23000000e+01 6.83912593e+00 1.23000000e+01 -4.57717782e+00
 1.26000000e+01 0.00000000e+00 1.26000000e+01 6.62777099e+00 1.26000000e+01 -4.30015337e+00
 1.29000000e+01 0.00000000e+00 1.29000000e+01 6.52390091e+00 1.29000000e+01 -3.85619218e+00
 1.32000000e+01 0.00000000e+00 1.32000000e+01 6.79545399e+00 1.32000000e+01 -4.67666644e+00
 1.35000000e+01 0.00000000e+00 1.35000000e+01 6.10989032e+00 1.35000000e+01 -4.35667292e+00
 1.38000000e+01 0.00000000e+00 1.38000000e+01 6.75867760e+00 1.38000000e+01 -4.66116119e+00
 1.41000000e+01 0.00000000e+00 1.41000000e+01 6.88685302e+00 1.41000000e+01 -3.75920434e+00
 1.44000000e+01 0.00000000e+00 1.44000000e+01 5.73295812e+00 1.44000000e+01 -4.34338437e+00
 1.47000000e+01 0.00000000e+00 1.47000000e+01 6.32543878e+00 1.47000000e+01 -4.83474684e+00
 1.50000000e+01 0.00000000e+00 1.50000000e+01 6.65300861e+00 1.50000000e+01 -4.27448969e+00
 1.53000000e+01 0.00000000e+00 1.53000000e+01 2.35376968e+00 1.53000000e+01 -5.03778048e+00
 1.56000000e+01 0.00000000e+00 1.56000000e+01 1.56310137e+00 1.56000000e+01 -5.50857649e+00
 1.59000000e+01 0.00000000e+00 1.59000000e+01 2.28189415e+00 1.59000000e+01 -5.36787167e+00
 1.62000000e+01 0.00000000e+00 1.62000000e+01 1.86666450e+00 1.62000000e+01 -4.79732641e+00
 1.65000000e+01 0.00000000e+00 1.65000000e+01 2.39484986e+00 1.65000000e+01 -4.99030978e+00
 1.68000000e+01 0.00000000e+00 1.68000000e+01 2.10928599e+00 1.68000000e+01 -6.37272302e+00
 1.71000000e+01 0.00000000e+00 1.71000000e+01 2.45248618e+00 1.71000000e+01 -5.34117996e+00
 1.74000000e+01 0.00000000e+00 1.74000000e+01 2.31621534e+00 1.74000000e+01 -5.60277277e+00
 1.77000000e+01 0.00000000e+00 1.77000000e+01 1.78624994e+00 1.77000000e+01 -5.60280503e+00
 1.80000000e+01 0.00000000e+00 1.80000000e+01 2.05825954e+00 1.80000000e+01 -5.67543082e+00
 1.83000000e+01 0.00000000e+00 1.83000000e+01 2.22416169e+00 1.83000000e+01 -5.29696186e+00
 1.86000000e+01 0.00000000e+00 1.86000000e+01 2.34074048e+00 1.86000000e+01 -5.54007008e+00
 1.89000000e+01 0.00000000e+00 1.89000000e+01 2.26270336e+00 1.89000000e+01 -5.42287812e+00
 1.92000000e+01 0.00000000e+00 1.92000000e+01 2.09012241e+00 1.92000000e+01 -5.93399542e+00
 1.95000000e+01 0.00000000e+00 1.95000000e+01 2.30343421e+00 1.95000000e+01 -5.41081113e+00
 1.98000000e+01 0.00000000e+00 1.98000000e+01 1.43901277e+00 1.98000000e+01 -5.52609800e+00
 2.01000000e+01 0.00000000e+00 2.01000000e+01 2.50146163e+00 2.01000000e+01 -5.84177193e+00
 2.04000000e+01 0.00000000e+00 2.04000000e+01 2.14577834e+00 2.04000000e+01 -5.07968074e+00
 2.07000000e+01 0.00000000e+00 2.07000000e+01 2.34751027e+00 2.07000000e+01 -5.78363976e+00
 2.10000000e+01 0.00000000e+00 2.10000000e+01 1.94975296e+00 2.10000000e+01 -4.51911870e+00
 2.13000000e+01 0.00000000e+00 2.13000000e+01 2.52100443e+00 2.13000000e+01 -5.79933678e+00
 2.16000000e+01 0.00000000e+00 2.16000000e+01 2.20036718e+00 2.16000000e+01 -5.29188711e+00
 2.19000000e+01 0.00000000e+00 2.19000000e+01 3.09528854e+00 2.19000000e+01 -5.55916577e+00
 2.22000000e+01 0.00000000e+00 2.22000000e+01 2.39862651e+00 2.22000000e+01 -5.59932687e+00
 2.25000000e+01 0.00000000e+00 2.25000000e+01 2.34164651e+00 2.25000000e+01 -4.92063530e+00
 2.28000000e+01 0.00000000e+00 2.28000000e+01 2.55094358e+00 2.28000000e+01 -5.45734610e+00
 2.31000000e+01 0.00000000e+00 2.31000000e+01 2.49871096e+00 2.31000000e+01 -5.92939576e+00
 2.34000000e+01 0.00000000e+00 2.34000000e+01 2.47082126e+00 2.34000000e+01 -5.04153753e+00
 2.37000000e+01 0.00000000e+00 2.37000000e+01 2.15203134e+00 2.37000000e+01 -5.70050841e+00
 2.40000000e+01 0.00000000e+00 2.40000000e+01 2.77579015e+00 2.40000000e+01 -4.96245402e+00
 2.43000000e+01 0.00000000e+00 2.43000000e+01 2.83548715e+00 2.43000000e+01 -5.50878951e+00
 2.46000000e+01 0.00000000e+00 2.46000000e+01 1.99853271e+00 2.46000000e+01 -5.27654187e+00
 2.49000000e+01 0.00000000e+00 2.49000000e+01 2.63317925e+00 2.49000000e+01 -5.30890839e+00
 2.52000000e+01 0.00000000e+00 2.52000000e+01 1.77611834e+00 2.52000000e+01 -5.54463910e+00
 2.55000000e+01 0.00000000e+00 2.55000000e+01 1.24468867e+00 2.55000000e+01 -6.53821600e+00
 2.58000000e+01 0.00000000e+00 2.58000000e+01 2.14747016e+00 2.58000000e+01 -5.83740601e+00
 2.61000000e+01 0.00000000e+00 2.61000000e+01 1.49922230e+00 2.61000000e+01 -5.84180572e+00
 2.64000000e+01 0.00000000e+00 2.64000000e+01 2.12059327e+00 2.64000000e+01 -6.20613922e+00
 2.67000000e+01 0.00000000e+00 2.67000000e+01 2.07146487e+00 2.67000000e+01 -6.30992939e+00
 2.70000000e+01 0.00000000e+00 2.70000000e+01 1.30555514e+00 2.70000000e+01 -6.19013872e+00
 2.73000000e+01 0.00000000e+00 2.73000000e+01 2.12103263e+00 2.73000000e+01 -5.73963489e+00
 2.76000000e+01 0.00000000e+00 2.76000000e+01 1.77831959e+00 2.76000000e+01 -5.66143323e+00
 2.79000000e+01 0.00000000e+00 2.79000000e+01 1.76188217e+00 2.79000000e+01 -5.02241197e+00
 2.82000000e+01 0.00000000e+00 2.82000000e+01 2.33065479e+00 2.82000000e+01 -5.47808189e+00
 2.85000000e+01 0.00000000e+00 2.85000000e+01 1.49598251e+00 2.85000000e+01 -6.29647748e+00
 2.88000000e+01 0.00000000e+00 2.88000000e+01 1.34978846e+00 2.88000000e+01 -6.20707793e+00
 2.91000000e+01 0.00000000e+00 2.91000000e+01 1.62835196e+00 2.91000000e+01 -5.62815014e+00
 2.94000000e+01 0.00000000e+00 2.94000000e+01 2.07414412e+00 2.94000000e+01 -6.14298366e+00
 2.97000000e+01 0.00000000e+00 2.97000000e+01 1.84385657e+00 2.97000000e+01 -5.79558521e+00
 3.00000000e+01 0.00000000e+00 3.00000000e+01 1.25465802e+00 3.00000000e+01 -5.84860231e+00
 3.03000000e+01 0.00000000e+00 3.03000000e+01 1.69462595e+00 3.03000000e+01 -6.11218738e+00
 3.06000000e+01 0.00000000e+00 3.06000000e+01 1.81002401e+00 3.06000000e+01 -5.67280786e+00
 3.09000000e+01 0.00000000e+00 3.09000000e+01 2.09255205e+00 3.09000000e+01 -6.22498345e+00
 3.12000000e+01 0.00000000e+00 3.12000000e+01 2.07082384e+00 3.12000000e+01 -5.37002300e+00
 3.15000000e+01 0.00000000e+00 3.15000000e+01 1.41907488e+00 3.15000000e+01 -6.13736289e+00
 3.18000000e+01 0.00000000e+00 3.18000000e+01 1.89800641e+00 3.18000000e+01 -5.91952700e+00
 3.21000000e+01 0.00000000e+00 3.21000000e+01 1.62266300e+00 3.21000000e+01 -6.44237584e+00
 3.24000000e+01 0.00000000e+00 3.24000000e+01 1.83705314e+00 3.24000000e+01 -5.63143214e+00
 3.27000000e+01 0.00000000e+00 3.27000000e+01 1.61469542e+00 3.27000000e+01 -5.57754118e+00
 3.30000000e+01 0.00000000e+00 3.30000000e+01 2.17045332e+00 3.30000000e+01 -6.10017496e+00
 3.33000000e+01 0.00000000e+00 3.33000000e+01 1.57866947e+00 3.33000000e+01 -5.94476105e+00
 3.36000000e+01 0.00000000e+00 3.36000000e+01 1.24343271e+00 3.36000000e+01 -6.34511101e+00
 3.39000000e+01 0.00000000e+00 3.39000000e+01 1.58520960e+00 3.39000000e+01 -5.60816708e+00
 3.42000000e+01 0.00000000e+00 3.42000000e+01 1.50289264e+00 3.42000000e+01 -6.89236080e+00
 3.45000000e+01 0.00000000e+00 3.45000000e+01 1.84263132e+00 3.45000000e+01 -6.16757340e+00
 3.48000000e+01 0.00000000e+00 3.48000000e+01 1.47813571e+00 3.48000000e+01 -5.77363375e+00
 3.51000000e+01 0.00000000e+00 3.51000000e+01 3.97532371e+00 3.51000000e+01 -1.31515116e+00
 3.54000000e+01 0.00000000e+00 3.54000000e+01 3.24149343e+00 3.54000000e+01 -9.25709808e-01
 3.57000000e+01 0.00000000e+00 3.57000000e+01 3.34832189e+00 3.57000000e+01 -1.50293695e+00
 3.60000000e+01 0.00000000e+00 3.60000000e+01 2.88339908e+00 3.60000000e+01 -7.14484123e-01
 3.63000000e+01 0.00000000e+00 3.63000000e+01 3.16521058e+00 3.63000000e+01 -1.52263530e+00
 3.66000000e+01 0.00000000e+00 3.66000000e+01 3.54001739e+00 3.66000000e+01 -1.67281999e+00
 3.69000000e+01 0.00000000e+00 3.69000000e+01 3.15360296e+00 3.69000000e+01 -5.08583776e-01
 3.72000000e+01 0.00000000e+00 3.72000000e+01 3.23423603e+00 3.72000000e+01 -1.23606746e+00
 3.75000000e+01 0.00000000e+00 3.75000000e+01 3.18456293e+00 3.75000000e+01 -1.33681011e+00
 3.78000000e+01 0.00000000e+00 3.78000000e+01 3.33730639e+00 3.78000000e+01 -1.13796777e+00
 3.81000000e+01 0.00000000e+00 3.81000000e+01 3.33539559e+00 3.81000000e+01 -1.21463302e+00
 3.84000000e+01 0.00000000e+00 3.84000000e+01 2.65807309e+00 3.84000000e+01 -1.80103758e+00
 3.87000000e+01 0.00000000e+00 3.87000000e+01 3.65242072e+00 3.87000000e+01 -1.50212535e+00
 3.90000000e+01 0.00000000e+00 3.90000000e+01 3.48565785e+00 3.90000000e+01 -1.68781010e+00
 3.93000000e+01 0.00000000e+00 3.93000000e+01 2.89581158e+00 3.93000000e+01 -1.04952529e+00
 3.96000000e+01 0.00000000e+00 3.96000000e+01 3.29448427e+00 3.96000000e+01 -1.03488941e+00
 3.99000000e+01 0.00000000e+00 3.99000000e+01 3.12492766e+00 3.99000000e+01 -1.09135077e+00
 4.02000000e+01 0.00000000e+00 4.02000000e+01 5.04396274e+00 4.02000000e+01 -9.08208533e-01
 4.05000000e+01 0.00000000e+00 4.05000000e+01 5.42936439e+00 4.05000000e+01 -8.47346825e-01
 4.08000000e+01 0.00000000e+00 4.08000000e+01 4.82518025e+00 4.08000000e+01 -1.25989149e+00
 4.11000000e+01 0.00000000e+00 4.11000000e+01 5.42534545e+00 4.11000000e+01 -6.89665669e-01
 4.14000000e+01 0.00000000e+00 4.14000000e+01 5.16390911e+00 4.14000000e+01 -1.25654813e+00
 4.17000000e+01 0.00000000e+00 4.17000000e+01 5.22841663e+00 4.17000000e+01 -7.61869610e-01
 4.20000000e+01 0.00000000e+00 4.20000000e+01 5.28187370e+00 4.20000000e+01 -8.75756009e-01
 4.23000000e+01 0.00000000e+00 4.23000000e+01 5.41377443e+00 4.23000000e+01 -9.08666118e-01
 4.26000000e+01 0.00000000e+00 4.26000000e+01 5.59992672e+00 4.26000000e+01 -1.29820005e+00
 4.29000000e+01 0.00000000e+00 4.29000000e+01 5.11842592e+00 4.29000000e+01 -5.57104911e-01
 4.32000000e+01 0.00000000e+00 4.32000000e+01 5.55343224e+00 4.32000000e+01 -1.68327748e+00
 4.35000000e+01 0.00000000e+00 4.35000000e+01 5.85394041e+00 4.35000000e+01 -7.23264512e-01
 4.38000000e+01 0.00000000e+00 4.38000000e+01 5.96767963e+00 4.38000000e+01 -1.12002007e+00
 4.41000000e+01 0.00000000e+00 4.41000000e+01 5.25290250e+00 4.41000000e+01 -5.56824711e-01
 4.44000000e+01 0.00000000e+00 4.44000000e+01 5.67294556e+00 4.44000000e+01 -1.24866510e+00
 4.47000000e+01 0.00000000e+00 4.47000000e+01 5.82783710e+00 4.47000000e+01 -4.25604986e-01
 4.50000000e+01 0.00000000e+00 4.50000000e+01 5.62052112e+00 4.50000000e+01 -1.28422743e+00
 4.53000000e+01 0.00000000e+00 4.53000000e+01 5.72948980e+00 4.53000000e+01 -1.13446456e+00
 4.56000000e+01 0.00000000e+00 4.56000000e+01 5.89804734e+00 4.56000000e+01 -1.28804143e+00
 4.59000000e+01 0.00000000e+00 4.59000000e+01 5.29175562e+00 4.59000000e+01 -5.64439436e-01
 4.62000000e+01 0.00000000e+00 4.62000000e+01 5.54916139e+00 4.62000000e+01 -7.09072043e-01
 4.65000000e+01 0.00000000e+00 4.65000000e+01 5.30240093e+00 4.65000000e+01 -4.84048859e-01
 4.68000000e+01 0.00000000e+00 4.68000000e+01 5.74107864e+00 4.68000000e+01 -6.11770221e-01
 4.71000000e+01 0.00000000e+00 4.71000000e+01 5.31950161e+00 4.71000000e+01 -4.60125618e-01
 4.74000000e+01 0.00000000e+00 4.74000000e+01 5.70540605e+00 4.74000000e+01 -1.11939420e+00
 4.77000000e+01 0.00000000e+00 4.77000000e+01 5.80747105e+00 4.77000000e+01 -8.09831499e-01
 4.80000000e+01 0.00000000e+00 4.80000000e+01 5.67337210e+00 4.80000000e+01 -1.07933869e+00
 4.83000000e+01 0.00000000e+00 4.83000000e+01 5.96810268e+00 4.83000000e+01 -1.22649342e+00
 4.86000000e+01 0.00000000e+00 4.86000000e+01 5.74443477e+00 4.86000000e+01 -8.01661169e-01
 4.89000000e+01 0.00000000e+00 4.89000000e+01 5.62818359e+00 4.89000000e+01 -2.36057740e-01
 4.92000000e+01 0.00000000e+00 4.92000000e+01 5.34649980e+00 4.92000000e+01 -1.12294322e+00
 4.95000000e+01 0.00000000e+00 4.95000000e+01 5.49772857e+00 4.95000000e+01 -5.89645769e-01
 4.98000000e+01 0.00000000e+00 4.98000000e+01 5.69273739e+00 4.98000000e+01 -8.06510369e-01
 5.01000000e+01 0.00000000e+00 5.01000000e+01 1.65630556e+00 5.01000000e+01 -3.05843201e+00
 5.04000000e+01 0.00000000e+00 5.04000000e+01 2.53240122e+00 5.04000000e+01 -3.50670417e+00
 5.07000000e+01 0.00000000e+00 5.07000000e+01 1.92119147e+00 5.07000000e+01 -4.45102839e+00
 5.10000000e+01 0.00000000e+00 5.10000000e+01 2.29314030e+00 5.10000000e+01 -3.52469664e+00
 5.13000000e+01 0.00000000e+00 5.13000000e+01 1.85725741e+00 5.13000000e+01 -3.20569915e+00
 5.16000000e+01 0.00000000e+00 5.16000000e+01 1.86253299e+00 5.16000000e+01 -3.91370022e+00
 5.19000000e+01 0.00000000e+00 5.19000000e+01 1.74493283e+00 5.19000000e+01 -4.01001080e+00
 5.22000000e+01 0.00000000e+00 5.22000000e+01 1.89692184e+00 5.22000000e+01 -4.32371231e+00
 5.25000000e+01 0.00000000e+00 5.25000000e+01 2.04136095e+00 5.25000000e+01 -3.73983573e+00
 5.28000000e+01 0.00000000e+00 5.28000000e+01 1.48881277e+00 5.28000000e+01 -3.40353460e+00
 5.31000000e+01 0.00000000e+00 5.31000000e+01 1.76864466e+00 5.31000000e+01 -3.77959946e+00
 5.34000000e+01 0.00000000e+00 5.34000000e+01 2.19995362e+00 5.34000000e+01 -3.75317106e+00
 5.37000000e+01 0.00000000e+00 5.37000000e+01 1.63945672e+00 5.37000000e+01 -3.75048079e+00
 5.40000000e+01 0.00000000e+00 5.40000000e+01 1.75742193e+00 5.40000000e+01 -4.17430923e+00
 5.43000000e+01 0.00000000e+00 5.43000000e+01 2.16437254e+00 5.43000000e+01 -4.06857903e+00
 5.46000000e+01 0.00000000e+00 5.46000000e+01 1.62992161e+00 5.46000000e+01 -3.83928705e+00
 5.49000000e+01 0.00000000e+00 5.49000000e+01 2.29720037e+00 5.49000000e+01 -4.49579852e+00
 5.52000000e+01 0.00000000e+00 5.52000000e+01 6.98093252e+00 5.52000000e+01 -4.75373573e+00
 5.55000000e+01 0.00000000e+00 5.55000000e+01 6.59256849e+00 5.55000000e+01 -4.18274705e+00
 5.58000000e+01 0.00000000e+00 5.58000000e+01 6.95993435e+00 5.58000000e+01 -4.39843524e+00
 5.61000000e+01 0.00000000e+00 5.61000000e+01 6.77761494e+00 5.61000000e+01 -4.31414416e+00
 5.64000000e+01 0.00000000e+00 5.64000000e+01 6.53161627e+00 5.64000000e+01 -4.20166771e+00
 5.67000000e+01 0.00000000e+00 5.67000000e+01 6.67800791e+00 5.67000000e+01 -4.67741510e+00
 5.70000000e+01 0.00000000e+00 5.70000000e+01 6.90826626e+00 5.70000000e+01 -4.44269139e+00
 5.73000000e+01 0.00000000e+00 5.73000000e+01 6.87253845e+00 5.73000000e+01 -4.35722246e+00
 5.76000000e+01 0.00000000e+00 5.76000000e+01 6.33518743e+00 5.76000000e+01 -3.76760064e+00
 5.79000000e+01 0.00000000e+00 5.79000000e+01 6.35607783e+00 5.79000000e+01 -4.02571093e+00
 5.82000000e+01 0.00000000e+00 5.82000000e+01 6.59363222e+00 5.82000000e+01 -4.97860491e+00
 5.85000000e+01 0.00000000e+00 5.85000000e+01 6.54560800e+00 5.85000000e+01 -4.04978330e+00
 5.88000000e+01 0.00000000e+00 5.88000000e+01 6.83269022e+00 5.88000000e+01 -4.09388441e+00
 5.91000000e+01 0.00000000e+00 5.91000000e+01 6.55403021e+00 5.91000000e+01 -4.16091658e+00
 5.94000000e+01 0.00000000e+00 5.94000000e+01 7.10521203e+00 5.94000000e+01 -4.25481305e+00
 5.97000000e+01 0.00000000e+00 5.97000000e+01 6.24370436e+00 5.97000000e+01 -4.59829158e+00
