 0.00000000e+00 0.00000000e+00 0.00000000e+00 7.36721162e+00 0.00000000e+00 -6.67088970e+00
 3.00000000e-01 0.00000000e+00 3.00000000e-01 7.82925218e+00 3.00000000e-01 -6.42815848e+00
 6.00000000e-01 0.00000000e+00 6.00000000e-01 7.33464341e+00 6.00000000e-01 -6.11394629e+00
 9.00000000e-01 0.00000000e+00 9.00000000e-01 7.47658638e+00 9.00000000e-01 -6.77775087e+00
 1.20000000e+00 0.00000000e+00 1.20000000e+00 7.38153686e+00 1.20000000e+00 -5.77880108e+00
 1.50000000e+00 0.00000000e+00 1.50000000e+00 7.60618429e+00 1.50000000e+00 -5.91493971e+00
 1.80000000e+00 0.00000000e+00 1.80000000e+00 7.52458533e+00 1.80000000e+00 -6.32110269e+00
 2.10000000e+00 0.00000000e+00 2.10000000e+00 7.87042745e+00 2.10000000e+00 -6.44721774e+00
 2.40000000e+00 0.00000000e+00 2.40000000e+00 7.89185498e+00 2.40000000e+00 -5.72399035e+00
 2.70000000e+00 0.00000000e+00 2.70000000e+00 7.17705451e+00 2.70000000e+00 -6.28643208e+00
 3.00000000e+00 0.00000000e+00 3.00000000e+00 7.56162645e+00 3.00000000e+00 -6.11777953e+00
 3.30000000e+00 0.00000000e+00 3.30000000e+00 6.93027682e+00 3.30000000e+00 -6.27778528e+00
 3.60000000e+00 0.00000000e+00 3.60000000e+00 7.08199624e+00 3.60000000e+00 -5.79802279e+00
 3.90000000e+00 0.00000000e+00 3.90000000e+00 7.21483933e+00 3.90000000e+00 -6.14463462e+00
 4.20000000e+00 0.00000000e+00 4.20000000e+00 7.63415993e+00 4.20000000e+00 -6.38221621e+00
 4.50000000e+00 0.00000000e+00 4.50000000e+00 7.45809784e+00 4.50000000e+00 -6.58427914e+00
 4.80000000e+00 0.00000000e+00 4.80000000e+00 7.54733285e+00 4.80000000e+00 -6.52471340e+00
 5.10000000e+00 0.00000000e+00 5.10000000e+00 8.39369390e+00 5.10000000e+00 -6.51252474e+00
 5.40000000e+00 0.00000000e+00 5.40000000e+00 8.16807429e+00 5.40000000e+00 -6.00133058e+00
 5.70000000e+00 0.00000000e+00 5.70000000e+00 7.83489946e+00 5.70000000e+00 -6.19022506e+00
 6.00000000e+00 0.00000000e+00 6.00000000e+00 7.71564946e+00 6.00000000e+00 -5.59991797e+00
 6.30000000e+00 0.00000000e+00 6.30000000e+00 8.02503090e+00 6.30000000e+00 -5.98779201e+00
 6.60000000e+00 0.00000000e+00 6.60000000e+00 7.54229592e+00 6.60000000e+00 -6.29828626e+00
 6.90000000e+00 0.00000000e+00 6.90000000e+00 7.33061403e+00 6.90000000e+00 -5.95535964e+00
 7.20000000e+00 0.00000000e+00 7.20000000e+00 7.30271885e+00 7.20000000e+00 -6.35167154e+00
 7.50000000e+00 0.00000000e+00 7.50000000e+00 7.43910615e+00 7.50000000e+00 -5.68589656e+00
 7.80000000e+00 0.00000000e+00 7.80000000e+00 7.31710290e+00 7.80000000e+00 -6.06144536e+00
 8.10000000e+00 0.00000000e+00 8.10000000e+00 7.42274115e+00 8.10000000e+00 -6.51388258e+00
 8.40000000e+00 0.00000000e+00 8.40000000e+00 7.43883239e+00 8.40000000e+00 -6.17126586e+00
 8.70000000e+00 0.00000000e+00 8.70000000e+00 7.42920665e+00 8.70000000e+00 -5.95283941e+00
 9.00000000e+00 0.00000000e+00 9.00000000e+00 8.06729855e+00 9.00000000e+00 -6.27632856e+00
 9.30000000e+00 0.00000000e+00 9.30000000e+00 7.57113997e+00 9.30000000e+00 -6.18036442e+00
 9.60000000e+00 0.00000000e+00 9.60000000e+00 7.83832917e+00 9.60000000e+00 -5.77711134e+00
 9.90000000e+00 0.00000000e+00 9.90000000e+00 8.08337542e+00 9.90000000e+00 -6.22786934e+00
 1.02000000e+01 0.00000000e+00 1.02000000e+01 7.23252875e+00 1.02000000e+01 -5.94098795e+00
 1.05000000e+01 0.00000000e+00 1.05000000e+01 7.62488220e+00 1.05000000e+01 -6.50675634e+00
 1.08000000e+01 0.00000000e+00 1.08000000e+01 7.80615455e+00 1.08000000e+01 -6.40556664e+00
 1.11000000e+01 0.00000000e+00 1.11000000e+01 7.70613484e+00 1.11000000e+01 -6.64059233e+00
 1.14000000e+01 0.00000000e+00 1.14000000e+01 7.91692220e+00 1.14000000e+01 -5.89535553e+00
 1.17000000e+01 0.00000000e+00 1.17000000e+01 7.55037533e+00 1.17000000e+01 -6.32349906e+00
 1.20000000e+01 0.00000000e+00 1.20000000e+01 7.08661791e+00 1.20000000e+01 -6.74300224e+00
 1.23000000e+01 0.00000000e+00 1.23000000e+01 7.24812407e+00 1.23000000e+01 -6.51892586e+00
 1.26000000e+01 0.00000000e+00 1.26000000e+01 7.70964203e+00 1.26000000e+01 -5.40298484e+00
 1.29000000e+01 0.00000000e+00 1.29000000e+01 7.29727209e+00 1.29000000e+01 -6.69455347e+00
 1.32000000e+01 0.00000000e+00 1.32000000e+01 7.48907825e+00 1.32000000e+01 -6.24235416e+00
 1.35000000e+01 0.00000000e+00 1.35000000e+01 7.91878956e+00 1.35000000e+01 -6.31503153e+00
 1.38000000e+01 0.00000000e+00 1.38000000e+01 7.39016542e+00 1.38000000e+01 -6.07382563e+00
 1.41000000e+01 0.00000000e+00 1.41000000e+01 8.31965822e+00 1.41000000e+01 -6.80694775e+00
 1.44000000e+01 0.00000000e+00 1.44000000e+01 7.78048361e+00 1.44000000e+01 -6.58430913e+00
 1.47000000e+01 0.00000000e+00 1.47000000e+01 7.29730945e+00 1.47000000e+01 -6.87198087e+00
 1.50000000e+01 0.00000000e+00 1.50000000e+01 7.30768384e+00 1.50000000e+01 -6.45707644e+00
 1.53000000e+01 0.00000000e+00 1.53000000e+01 2.08472224e+00 1.53000000e+01 -3.85375551e+00
 1.56000000e+01 0.00000000e+00 1.56000000e+01 2.18514331e+00 1.56000000e+01 -4.44001760e+00
 1.59000000e+01 0.00000000e+00 1.59000000e+01 1.88618313e+00 1.59000000e+01 -3.69692148e+00
 1.62000000e+01 0.00000000e+00 1.62000000e+01 1.83236338e+00 1.62000000e+01 -3.65138206e+00
 1.65000000e+01 0.00000000e+00 1.65000000e+01 2.83967881e+00 1.65000000e+01 -3.56884652e+00
 1.68000000e+01 0.00000000e+00 1.68000000e+01 2.18268744e+00 1.68000000e+01 -3.76387888e+00
 1.71000000e+01 0.00000000e+00 1.71000000e+01 1.97966257e+00 1.71000000e+01 -3.87373047e+00
 1.74000000e+01 0.00000000e+00 1.74000000e+01 2.36044012e+00 1.74000000e+01 -4.51713940e+00
 1.77000000e+01 0.00000000e+00 1.77000000e+01 1.89356138e+00 1.77000000e+01 -3.68157355e+00
 1.80000000e+01 0.00000000e+00 1.80000000e+01 1.66376238e+00 1.80000000e+01 -3.98821553e+00
 1.83000000e+01 0.00000000e+00 1.83000000e+01 1.09764203e+00 1.83000000e+01 -4.29015017e+00
 1.86000000e+01 0.00000000e+00 1.86000000e+01 2.40118608e+00 1.86000000e+01 -3.62146749e+00
 1.89000000e+01 0.00000000e+00 1.89000000e+01 2.31060993e+00 1.89000000e+01 -4.66733573e+00
 1.92000000e+01 0.00000000e+00 1.92000000e+01 1.58249188e+00 1.92000000e+01 -3.99544335e+00
 1.95000000e+01 0.00000000e+00 1.95000000e+01 1.66491752e+00 1.95000000e+01 -4.48924336e+00
 1.98000000e+01 0.00000000e+00 1.98000000e+01 1.76696125e+00 1.98000000e+01 -3.81552437e+00
 2.01000000e+01 0.00000000e+00 2.01000000e+01 1.71923836e+00 2.01000000e+01 -3.95102952e+00
 2.04000000e+01 0.00000000e+00 2.04000000e+01 2.04803478e+00 2.04000000e+01 -3.69711614e+00
 2.07000000e+01 0.00000000e+00 2.07000000e+01 1.90802907e+00 2.07000000e+01 -3.45896882e+00
 2.10000000e+01 0.00000000e+00 2.10000000e+01 1.92877680e+00 2.10000000e+01 -3.89633624e+00
 2.13000000e+01 0.00000000e+00 2.13000000e+01 2.41173638e+00 2.13000000e+01 -4.17835351e+00
 2.16000000e+01 0.00000000e+00 2.16000000e+01 2.09355694e+00 2.16000000e+01 -4.13926902e+00
 2.19000000e+01 0.00000000e+00 2.19000000e+01 1.63491985e+00 2.19000000e+01 -3.92833132e+00
 2.22000000e+01 0.00000000e+00 2.22000000e+01 1.87564634e+00 2.22000000e+01 -3.49159020e+00
 2.25000000e+01 0.00000000e+00 2.25000000e+01 1.80223156e+00 2.25000000e+01 -3.94795078e+00
 2.28000000e+01 0.00000000e+00 2.28000000e+01 1.99994263e+00 2.28000000e+01 -3.79010847e+00
 2.31000000e+01 0.00000000e+00 2.31000000e+01 2.40488928e+00 2.31000000e+01 -3.56675312e+00
 2.34000000e+01 0.00000000e+00 2.34000000e+01 1.64511523e+00 2.34000000e+01 -3.80148776e+00
 2.37000000e+01 0.00000000e+00 2.37000000e+01 1.65027253e+00 2.37000000e+01 -4.03859824e+00
 2.40000000e+01 0.00000000e+00 2.40000000e+01 2.22018559e+00 2.40000000e+01 -4.18112596e+00
 2.43000000e+01 0.00000000e+00 2.43000000e+01 2.05700121e+00 2.43000000e+01 -4.29218498e+00
 2.46000000e+01 0.00000000e+00 2.46000000e+01 1.72299091e+00 2.46000000e+01 -3.32268561e+00
 2.49000000e+01 0.00000000e+00 2.49000000e+01 1.86202662e+00 2.49000000e+01 -3.44903744e+00
 2.52000000e+01 0.00000000e+00 2.52000000e+01 1.17259899e+00 2.52000000e+01 -6.84755810e+00
 2.55000000e+01 0.00000000e+00 2.55000000e+01 1.40497553e+00 2.55000000e+01 -7.18540709e+00
 2.58000000e+01 0.00000000e+00 2.58000000e+01 1.43764769e+00 2.58000000e+01 -6.49285332e+00
 2.61000000e+01 0.00000000e+00 2.61000000e+01 1.28500770e+00 2.61000000e+01 -7.21847809e+00
 2.64000000e+01 0.00000000e+00 2.64000000e+01 1.37499903e+00 2.64000000e+01 -7.08205440e+00
 2.67000000e+01 0.00000000e+00 2.67000000e+01 1.12992831e+00 2.67000000e+01 -7.03429575e+00
 2.70000000e+01 0.00000000e+00 2.70000000e+01 1.53270234e+00 2.70000000e+01 -7.40320813e+00
 2.73000000e+01 0.00000000e+00 2.73000000e+01 9.48335004e-01 2.73000000e+01 -6.73857640e+00
 2.76000000e+01 0.00000000e+00 2.76000000e+01 1.48602469e+00 2.76000000e+01 -6.91571989e+00
 2.79000000e+01 0.00000000e+00 2.79000000e+01 7.77156665e-01 2.79000000e+01 -6.36616380e+00
 2.82000000e+01 0.00000000e+00 2.82000000e+01 1.66417395e+00 2.82000000e+01 -6.43399666e+00
 2.85000000e+01 0.00000000e+00 2.85000000e+01 1.30948729e+00 2.85000000e+01 -7.29299166e+00
 2.88000000e+01 0.00000000e+00 2.88000000e+01 1.61554904e+00 2.88000000e+01 -7.45884861e+00
 2.91000000e+01 0.00000000e+00 2.91000000e+01 1.17409136e+00 2.91000000e+01 -7.21012084e+00
 2.94000000e+01 0.00000000e+00 2.94000000e+01 1.48128797e+00 2.94000000e+01 -7.36609642e+00
 2.97000000e+01 0.00000000e+00 2.97000000e+01 8.89507764e-01 2.97000000e+01 -7.09848301e+00
 3.00000000e+01 0.00000000e+00 3.00000000e+01 1.77218874e+00 3.00000000e+01 -7.00009842e+00
 3.03000000e+01 0.00000000e+00 3.03000000e+01 1.25851816e+00 3.03000000e+01 -6.87076642e+00
 3.06000000e+01 0.00000000e+00 3.06000000e+01 1.30056863e+00 3.06000000e+01 -7.18085446e+00
 3.09000000e+01 0.00000000e+00 3.09000000e+01 1.77703542e+00 3.09000000e+01 -7.27076472e+00
 3.12000000e+01 0.00000000e+00 3.12000000e+01 1.43970279e+00 3.12000000e+01 -6.29215582e+00
 3.15000000e+01 0.00000000e+00 3.15000000e+01 1.47187508e+00 3.15000000e+01 -7.76308805e+00
 3.18000000e+01 0.00000000e+00 3.18000000e+01 1.43171359e+00 3.18000000e+01 -6.48476687e+00
 3.21000000e+01 0.00000000e+00 3.21000000e+01 1.70021392e+00 3.21000000e+01 -6.93970960e+00
 3.24000000e+01 0.00000000e+00 3.24000000e+01 2.30622741e+00 3.24000000e+01 -6.85096225e+00
 3.27000000e+01 0.00000000e+00 3.27000000e+01 1.27266728e+00 3.27000000e+01 -7.48021996e+00
 3.30000000e+01 0.00000000e+00 3.30000000e+01 1.21252742e+00 3.30000000e+01 -6.76208406e+00
 3.33000000e+01 0.00000000e+00 3.33000000e+01 1.27296107e+00 3.33000000e+01 -7.02851222e+00
 3.36000000e+01 0.00000000e+00 3.36000000e+01 1.22434223e+00 3.36000000e+01 -6.98667143e+00
 3.39000000e+01 0.00000000e+00 3.39000000e+01 1.59178968e+00 3.39000000e+01 -7.28353724e+00
 3.42000000e+01 0.00000000e+00 3.42000000e+01 1.61847965e+00 3.42000000e+01 -7.68026549e+00
 3.45000000e+01 0.00000000e+00 3.45000000e+01 1.58973639e+00 3.45000000e+01 -7.08559042e+00
 3.48000000e+01 0.00000000e+00 3.48000000e+01 1.76365756e+00 3.48000000e+01 -6.55883759e+00
 3.51000000e+01 0.00000000e+00 3.51000000e+01 4.65423411e+00 3.51000000e+01 -2.69727703e+00
 3.54000000e+01 0.00000000e+00 3.54000000e+01 4.38512209e+00 3.54000000e+01 -3.30537386e+00
 3.57000000e+01 0.00000000e+00 3.57000000e+01 4.96085194e+00 3.57000000e+01 -2.81806919e+00
 3.60000000e+01 0.00000000e+00 3.60000000e+01 4.52334405e+00 3.60000000e+01 -3.18362060e+00
 3.63000000e+01 0.00000000e+00 3.63000000e+01 4.87506714e+00 3.63000000e+01 -3.04347179e+00
 3.66000000e+01 0.00000000e+00 3.66000000e+01 4.62272306e+00 3.66000000e+01 -3.01207828e+00
 3.69000000e+01 0.00000000e+00 3.69000000e+01 4.37107522e+00 3.69000000e+01 -2.24368114e+00
 3.72000000e+01 0.00000000e+00 3.72000000e+01 4.56037534e+00 3.72000000e+01 -2.88725108e+00
 3.75000000e+01 0.00000000e+00 3.75000000e+01 4.64490426e+00 3.75000000e+01 -2.90807291e+00
 3.78000000e+01 0.00000000e+00 3.78000000e+01 5.17318351e+00 3.78000000e+01 -2.05695170e+00
 3.81000000e+01 0.00000000e+00 3.81000000e+01 4.68681424e+00 3.81000000e+01 -2.77396294e+00
 3.84000000e+01 0.00000000e+00 3.84000000e+01 4.44313985e+00 3.84000000e+01 -2.62481560e+00
 3.87000000e+01 0.00000000e+00 3.87000000e+01 5.07113434e+00 3.87000000e+01 -2.74801872e+00
 3.90000000e+01 0.00000000e+00 3.90000000e+01 4.54920398e+00 3.90000000e+01 -3.07236964e+00
 3.93000000e+01 0.00000000e+00 3.93000000e+01 5.10789278e+00 3.93000000e+01 -3.20285877e+00
 3.96000000e+01 0.00000000e+00 3.96000000e+01 4.76228931e+00 3.96000000e+01 -2.61926271e+00
 3.99000000e+01 0.00000000e+00 3.99000000e+01 5.18938139e+00 3.99000000e+01 -2.87277525e+00
 4.02000000e+01 0.00000000e+00 4.02000000e+01 2.27567190e+00 4.02000000e+01 -2.92563402e+00
 4.05000000e+01 0.00000000e+00 4.05000000e+01 2.75208009e+00 4.05000000e+01 -2.74934083e+00
 4.08000000e+01 0.00000000e+00 4.08000000e+01 3.02053428e+00 4.08000000e+01 -3.80253484e+00
 4.11000000e+01 0.00000000e+00 4.11000000e+01 2.31516947e+00 4.11000000e+01 -3.68768434e+00
 4.14000000e+01 0.00000000e+00 4.14000000e+01 2.74952668e+00 4.14000000e+01 -3.44824195e+00
 4.17000000e+01 0.00000000e+00 4.17000000e+01 2.39485836e+00 4.17000000e+01 -3.96963414e+00
 4.20000000e+01 0.00000000e+00 4.20000000e+01 2.66690375e+00 4.20000000e+01 -3.90328417e+00
 4.23000000e+01 0.00000000e+00 4.23000000e+01 3.17291895e+00 4.23000000e+01 -3.18048657e+00
 4.26000000e+01 0.00000000e+00 4.26000000e+01 2.72474180e+00 4.26000000e+01 -3.27657555e+00
 4.29000000e+01 0.00000000e+00 4.29000000e+01 2.23798674e+00 4.29000000e+01 -4.04549347e+00
 4.32000000e+01 0.00000000e+00 4.32000000e+01 2.48272903e+00 4.32000000e+01 -3.26963488e+00
 4.35000000e+01 0.00000000e+00 4.35000000e+01 2.52484100e+00 4.35000000e+01 -3.12117336e+00
 4.38000000e+01 0.00000000e+00 4.38000000e+01 2.77035078e+00 4.38000000e+01 -4.27500087e+00
 4.41000000e+01 0.00000000e+00 4.41000000e+01 2.53175917e+00 4.41000000e+01 -2.96842004e+00
 4.44000000e+01 0.00000000e+00 4.44000000e+01 2.66072767e+00 4.44000000e+01 -2.92039845e+00
 4.47000000e+01 0.00000000e+00 4.47000000e+01 2.95835759e+00 4.47000000e+01 -3.86409085e+00
 4.50000000e+01 0.00000000e+00 4.50000000e+01 2.51551811e+00 4.50000000e+01 -3.17573488e+00
 4.53000000e+01 0.00000000e+00 4.53000000e+01 2.69304306e+00 4.53000000e+01 -3.48686104e+00
 4.56000000e+01 0.00000000e+00 4.56000000e+01 2.29427862e+00 4.56000000e+01 -3.81324269e+00
 4.59000000e+01 0.00000000e+00 4.59000000e+01 2.16392226e+00 4.59000000e+01 -3.12546158e+00
 4.62000000e+01 0.00000000e+00 4.62000000e+01 2.06172291e+00 4.62000000e+01 -3.51445719e+00
 4.65000000e+01 0.00000000e+00 4.65000000e+01 2.72897367e+00 4.65000000e+01 -3.15488084e+00
 4.68000000e+01 0.00000000e+00 4.68000000e+01 2.04229331e+00 4.68000000e+01 -3.60933647e+00
 4.71000000e+01 0.00000000e+00 4.71000000e+01 2.55735578e+00 4.71000000e+01 -4.26506179e+00
 4.74000000e+01 0.00000000e+00 4.74000000e+01 2.80714550e+00 4.74000000e+01 -3.49383405e+00
 4.77000000e+01 0.00000000e+00 4.77000000e+01 2.25923549e+00 4.77000000e+01 -3.20761155e+00
 4.80000000e+01 0.00000000e+00 4.80000000e+01 2.36541088e+00 4.80000000e+01 -3.89660915e+00
 4.83000000e+01 0.00000000e+00 4.83000000e+01 2.64694319e+00 4.83000000e+01 -3.24916763e+00
 4.86000000e+01 0.00000000e+00 4.86000000e+01 2.89601124e+00 4.86000000e+01 -3.85710811e+00
 4.89000000e+01 0.00000000e+00 4.89000000e+01 2.48754434e+00 4.89000000e+01 -3.76992145e+00
 4.92000000e+01 0.00000000e+00 4.92000000e+01 2.84965702e+00 4.92000000e+01 -3.82387980e+00
 4.95000000e+01 0.00000000e+00 4.95000000e+01 2.68412549e+00 4.95000000e+01 -3.81571288e+00
 4.98000000e+01 0.00000000e+00 4.98000000e+01 2.90391827e+00 4.98000000e+01 -4.11029497e+00
 5.01000000e+01 0.00000000e+00 5.01000000e+01 3.15614679e+00 5.01000000e+01 -4.34294306e+00
 5.04000000e+01 0.00000000e+00 5.04000000e+01 3.47789133e+00 5.04000000e+01 -4.29443794e+00
 5.07000000e+01 0.00000000e+00 5.07000000e+01 3.59016737e+00 5.07000000e+01 -4.65820810e+00
 5.10000000e+01 0.00000000e+00 5.10000000e+01 3.23099333e+00 5.10000000e+01 -4.32638724e+00
 5.13000000e+01 0.00000000e+00 5.13000000e+01 3.42324548e+00 5.13000000e+01 -4.44357074e+00
 5.16000000e+01 0.00000000e+00 5.16000000e+01 2.96866128e+00 5.16000000e+01 -4.48821503e+00
 5.19000000e+01 0.00000000e+00 5.19000000e+01 3.31315054e+00 5.19000000e+01 -3.85344872e+00
 5.22000000e+01 0.00000000e+00 5.22000000e+01 3.52317855e+00 5.22000000e+01 -5.18483826e+00
 5.25000000e+01 0.00000000e+00 5.25000000e+01 3.57362520e+00 5.25000000e+01 -4.06013331e+00
 5.28000000e+01 0.00000000e+00 5.28000000e+01 3.46960689e+00 5.28000000e+01 -3.90655912e+00
 5.31000000e+01 0.00000000e+00 5.31000000e+01 3.12140665e+00 5.31000000e+01 -4.45541102e+00
 5.34000000e+01 0.00000000e+00 5.34000000e+01 3.21819475e+00 5.34000000e+01 -4.72603941e+00
 5.37000000e+01 0.00000000e+00 5.37000000e+01 2.88016427e+00 5.37000000e+01 -5.08471886e+00
 5.40000000e+01 0.00000000e+00 5.40000000e+01 3.05092001e+00 5.40000000e+01 -4.63207799e+00
 5.43000000e+01 0.00000000e+00 5.43000000e+01 3.04303948e+00 5.43000000e+01 -4.87435589e+00
 5.46000000e+01 0.00000000e+00 5.46000000e+01 2.72937740e+00 5.46000000e+01 -4.98298430e+00
 5.49000000e+01 0.00000000e+00 5.49000000e+01 2.86980141e+00 5.49000000e+01 -4.12656999e+00
 5.52000000e+01 0.00000000e+00 5.52000000e+01 7.93722260e+00 5.52000000e+01 -5.97096572e+00
 5.55000000e+01 0.00000000e+00 5.55000000e+01 7.18978147e+00 5.55000000e+01 -6.11087358e+00
 5.58000000e+01 0.00000000e+00 5.58000000e+01 7.29541840e+00 5.58000000e+01 -6.64090865e+00
 5.61000000e+01 0.00000000e+00 5.61000000e+01 7.03412366e+00 5.61000000e+01 -5.63611434e+00
 5.64000000e+01 0.00000000e+00 5.64000000e+01 7.32896705e+00 5.64000000e+01 -5.69261212e+00
 5.67000000e+01 0.00000000e+00 5.67000000e+01 7.90130274e+00 5.67000000e+01 -6.40802815e+00
 5.70000000e+01 0.00000000e+00 5.70000000e+01 7.62443024e+00 5.70000000e+01 -6.12495789e+00
 5.73000000e+01 0.00000000e+00 5.73000000e+01 7.64245651e+00 5.73000000e+01 -6.72870496e+00
 5.76000000e+01 0.00000000e+00 5.76000000e+01 7.24963446e+00 5.76000000e+01 -6.10504402e+00
 5.79000000e+01 0.00000000e+00 5.79000000e+01 7.11717127e+00 5.79000000e+01 -5.87200357e+00
 5.82000000e+01 0.00000000e+00 5.82000000e+01 7.71646474e+00 5.82000000e+01 -6.13375190e+00
 5.85000000e+01 0.00000000e+00 5.85000000e+01 7.10406117e+00 5.85000000e+01 -6.13592923e+00
 5.88000000e+01 0.00000000e+00 5.88000000e+01 7.73400593e+00 5.88000000e+01 -6.35391835e+00
 5.91000000e+01 0.00000000e+00 5.91000000e+01 7.23565211e+00 5.91000000e+01 -5.86765465e+00
 5.94000000e+01 0.00000000e+00 5.94000000e+01 7.27367396e+00 5.94000000e+01 -6.40543086e+00
 5.97000000e+01 0.00000000e+00 5.97000000e+01 6.91027985e+00 5.97000000e+01 -6.48727807e+00
