 0.00000000e+00 0.00000000e+00 0.00000000e+00 7.89781246e+00 0.00000000e+00 -5.55634577e+00
 3.00000000e-01 0.00000000e+00 3.00000000e-01 7.99609772e+00 3.00000000e-01 -5.33550002e+00
 6.00000000e-01 0.00000000e+00 6.00000000e-01 7.96689065e+00 6.00000000e-01 -5.17000340e+00
 9.00000000e-01 0.00000000e+00 9.00000000e-01 7.81501539e+00 9.00000000e-01 -5.14299446e+00
 1.20000000e+00 0.00000000e+00 1.20000000e+00 7.70505383e+00 1.20000000e+00 -5.43659959e+00
 1.50000000e+00 0.00000000e+00 1.50000000e+00 7.64160872e+00 1.50000000e+00 -5.56251657e+00
 1.80000000e+00 0.00000000e+00 1.80000000e+00 7.39901056e+00 1.80000000e+00 -5.47000733e+00
 2.10000000e+00 0.00000000e+00 2.10000000e+00 7.31633045e+00 2.10000000e+00 -5.26596221e+00
 2.40000000e+00 0.00000000e+00 2.40000000e+00 8.05380574e+00 2.40000000e+00 -5.56418458e+00
 2.70000000e+00 0.00000000e+00 2.70000000e+00 7.66356313e+00 2.70000000e+00 -4.75347960e+00
 3.00000000e+00 0.00000000e+00 3.00000000e+00 7.27956025e+00 3.00000000e+00 -5.37090010e+00
 3.30000000e+00 0.00000000e+00 3.30000000e+00 7.25898727e+00 3.30000000e+00 -5.61614379e+00
 3.60000000e+00 0.00000000e+00 3.60000000e+00 7.25443867e+00 3.60000000e+00 -5.21911474e+00
 3.90000000e+00 0.00000000e+00 3.90000000e+00 7.96754420e+00 3.90000000e+00 -4.81240017e+00
 4.20000000e+00 0.00000000e+00 4.20000000e+00 7.56643632e+00 4.20000000e+00 -4.97720393e+00
 4.50000000e+00 0.00000000e+00 4.50000000e+00 7.58984684e+00 4.50000000e+00 -4.66976848e+00
 4.80000000e+00 0.00000000e+00 4.80000000e+00 7.50562956e+00 4.80000000e+00 -5.31477916e+00
 5.10000000e+00 0.00000000e+00 5.10000000e+00 7.90195772e+00 5.10000000e+00 -4.66350313e+00
 5.40000000e+00 0.00000000e+00 5.40000000e+00 7.40391916e+00 5.40000000e+00 -5.50218388e+00
 5.70000000e+00 0.00000000e+00 5.70000000e+00 7.95144216e+00 5.70000000e+00 -4.59531048e+00
 6.00000000e+00 0.00000000e+00 6.00000000e+00 7.45715554e+00 6.00000000e+00 -4.91524318e+00
 6.30000000e+00 0.00000000e+00 6.30000000e+00 7.24863956e+00 6.30000000e+00 -4.68363393e+00
 6.60000000e+00 0.00000000e+00 6.60000000e+00 7.18491200e+00 6.60000000e+00 -5.27191586e+00
 6.90000000e+00 0.00000000e+00 6.90000000e+00 8.63288965e+00 6.90000000e+00 -5.24241539e+00
 7.20000000e+00 0.00000000e+00 7.20000000e+00 7.82626300e+00 7.20000000e+00 -5.22724529e+00
 7.50000000e+00 0.00000000e+00 7.50000000e+00 7.37407035e+00 7.50000000e+00 -4.31001277e+00
 7.80000000e+00 0.00000000e+00 7.80000000e+00 6.83014355e+00 7.80000000e+00 -4.87195651e+00
 8.10000000e+00 0.00000000e+00 8.10000000e+00 7.94185108e+00 8.10000000e+00 -4.68505277e+00
 8.40000000e+00 0.00000000e+00 8.40000000e+00 8.13475114e+00 8.40000000e+00 -5.01563714e+00
 8.70000000e+00 0.00000000e+00 8.70000000e+00 7.51671731e+00 8.70000000e+00 -5.34660217e+00
 9.00000000e+00 0.00000000e+00 9.00000000e+00 7.64983691e+00 9.00000000e+00 -5.07608192e+00
 9.30000000e+00 0.00000000e+00 9.30000000e+00 7.35616046e+00 9.30000000e+00 -5.52170411e+00
 9.60000000e+00 0.00000000e+00 9.60000000e+00 7.95753961e+00 9.60000000e+00 -5.60118073e+00
 9.90000000e+00 0.00000000e+00 9.90000000e+00 7.26792135e+00 9.90000000e+00 -5.28299372e+00
 1.02000000e+01 0.00000000e+00 1.02000000e+01 7.78571183e+00 1.02000000e+01 -4.25037724e+00
 1.05000000e+01 0.00000000e+00 1.05000000e+01 7.35488505e+00 1.05000000e+01 -4.95502981e+00
 1.08000000e+01 0.00000000e+00 1.08000000e+01 7.51210776e+00 1.08000000e+01 -5.12298015e+00
 1.11000000e+01 0.00000000e+00 1.11000000e+01 7.68226920e+00 1.11000000e+01 -5.34506037e+00
 1.14000000e+01 0.00000000e+00 1.14000000e+01 7.99974273e+00 1.14000000e+01 -4.66897074e+00
 1.17000000e+01 0.00000000e+00 1.17000000e+01 7.65967341e+00 1.17000000e+01 -4.66086360e+00
 1.20000000e+01 0.00000000e+00 1.20000000e+01 7.51046711e+00 1.20000000e+01 -5.76513714e+00
 1.23000000e+01 0.00000000e+00 1.23000000e+01 7.78336271e+00 1.23000000e+01 -5.07158951e+00
 1.26000000e+01 0.00000000e+00 1.26000000e+01 7.21683609e+00 1.26000000e+01 -4.99692928e+00
 1.29000000e+01 0.00000000e+00 1.29000000e+01 8.08548896e+00 1.29000000e+01 -5.70925503e+00
 1.32000000e+01 0.00000000e+00 1.32000000e+01 7.52507050e+00 1.32000000e+01 -5.22843993e+00
 1.35000000e+01 0.00000000e+00 1.35000000e+01 7.21911961e+00 1.35000000e+01 -6.01130650e+00
 1.38000000e+01 0.00000000e+00 1.38000000e+01 7.95030476e+00 1.38000000e+01 -5.05116878e+00
 1.41000000e+01 0.00000000e+00 1.41000000e+01 7.75047913e+00 1.41000000e+01 -4.89560562e+00
 1.44000000e+01 0.00000000e+00 1.44000000e+01 7.62995280e+00 1.44000000e+01 -5.96693685e+00
 1.47000000e+01 0.00000000e+00 1.47000000e+01 7.65291626e+00 1.47000000e+01 -5.18663726e+00
 1.50000000e+01 0.00000000e+00 1.50000000e+01 7.49249774e+00 1.50000000e+01 -5.55990728e+00
 1.53000000e+01 0.00000000e+00 1.53000000e+01 1.73150005e+00 1.53000000e+01 -5.79375346e+00
 1.56000000e+01 0.00000000e+00 1.56000000e+01 1.74408010e+00 1.56000000e+01 -5.56622971e+00
 1.59000000e+01 0.00000000e+00 1.59000000e+01 8.28560411e-01 1.59000000e+01 -5.84491966e+00
 1.62000000e+01 0.00000000e+00 1.62000000e+01 2.03860519e+00 1.62000000e+01 -4.91026070e+00
 1.65000000e+01 0.00000000e+00 1.65000000e+01 8.98121877e-01 1.65000000e+01 -5.05836912e+00
 1.68000000e+01 0.00000000e+00 1.68000000e+01 1.22197884e+00 1.68000000e+01 -5.45232248e+00
 1.71000000e+01 0.00000000e+00 1.71000000e+01 1.80925566e+00 1.71000000e+01 -5.66499991e+00
 1.74000000e+01 0.00000000e+00 1.74000000e+01 1.60739362e+00 1.74000000e+01 -5.24963256e+00
 1.77000000e+01 0.00000000e+00 1.77000000e+01 1.33589490e+00 1.77000000e+01 -5.31237232e+00
 1.80000000e+01 0.00000000e+00 1.80000000e+01 1.57569654e+00 1.80000000e+01 -5.33497537e+00
 1.83000000e+01 0.00000000e+00 1.83000000e+01 1.04204062e+00 1.83000000e+01 -5.74816580e+00
 1.86000000e+01 0.00000000e+00 1.86000000e+01 1.15165730e+00 1.86000000e+01 -5.49603480e+00
 1.89000000e+01 0.00000000e+00 1.89000000e+01 1.42728560e+00 1.89000000e+01 -5.28569135e+00
 1.92000000e+01 0.00000000e+00 1.92000000e+01 1.66413512e+00 1.92000000e+01 -5.49480285e+00
 1.95000000e+01 0.00000000e+00 1.95000000e+01 2.50105787e+00 1.95000000e+01 -5.30570428e+00
 1.98000000e+01 0.00000000e+00 1.98000000e+01 1.65205782e+00 1.98000000e+01 -4.73341442e+00
 2.01000000e+01 0.00000000e+00 2.01000000e+01 2.13489354e+00 2.01000000e+01 -5.49291101e+00
 2.04000000e+01 0.00000000e+00 2.04000000e+01 1.42617091e+00 2.04000000e+01 -5.32272205e+00
 2.07000000e+01 0.00000000e+00 2.07000000e+01 1.87631512e+00 2.07000000e+01 -5.48660952e+00
 2.10000000e+01 0.00000000e+00 2.10000000e+01 1.56584587e+00 2.10000000e+01 -5.75707293e+00
 2.13000000e+01 0.00000000e+00 2.13000000e+01 1.81472062e+00 2.13000000e+01 -5.28471659e+00
 2.16000000e+01 0.00000000e+00 2.16000000e+01 1.74367888e+00 2.16000000e+01 -5.70094038e+00
 2.19000000e+01 0.00000000e+00 2.19000000e+01 9.82711925e-01 2.19000000e+01 -5.36184590e+00
 2.22000000e+01 0.00000000e+00 2.22000000e+01 1.72051554e+00 2.22000000e+01 -5.10847860e+00
 2.25000000e+01 0.00000000e+00 2.25000000e+01 1.69835938e+00 2.25000000e+01 -5.04945239e+00
 2.28000000e+01 0.00000000e+00 2.28000000e+01 1.80205938e+00 2.28000000e+01 -5.33077812e+00
 2.31000000e+01 0.00000000e+00 2.31000000e+01 1.67741242e+00 2.31000000e+01 -5.50768733e+00
 2.34000000e+01 0.00000000e+00 2.34000000e+01 1.35852523e+00 2.34000000e+01 -5.88263270e+00
 2.37000000e+01 0.00000000e+00 2.37000000e+01 1.82406823e+00 2.37000000e+01 -4.97989945e+00
 2.40000000e+01 0.00000000e+00 2.40000000e+01 1.25032550e+00 2.40000000e+01 -5.26267000e+00
 2.43000000e+01 0.00000000e+00 2.43000000e+01 1.02600769e+00 2.43000000e+01 -5.58545179e+00
 2.46000000e+01 0.00000000e+00 2.46000000e+01 1.97295848e+00 2.46000000e+01 -5.43330872e+00
 2.49000000e+01 0.00000000e+00 2.49000000e+01 1.91323786e+00 2.49000000e+01 -5.00780841e+00
 2.52000000e+01 0.00000000e+00 2.52000000e+01 3.42416939e+00 2.52000000e+01 -6.42597337e+00
 2.55000000e+01 0.00000000e+00 2.55000000e+01 3.18080385e+00 2.55000000e+01 -6.56658833e+00
 2.58000000e+01 0.00000000e+00 2.58000000e+01 3.04645419e+00 2.58000000e+01 -6.45591964e+00
 2.61000000e+01 0.00000000e+00 2.61000000e+01 2.91996934e+00 2.61000000e+01 -6.31948412e+00
 2.64000000e+01 0.00000000e+00 2.64000000e+01 3.40691992e+00 2.64000000e+01 -6.08461548e+00
 2.67000000e+01 0.00000000e+00 2.67000000e+01 3.45448570e+00 2.67000000e+01 -6.33647421e+00
 2.70000000e+01 0.00000000e+00 2.70000000e+01 3.35526895e+00 2.70000000e+01 -5.54665672e+00
 2.73000000e+01 0.00000000e+00 2.73000000e+01 3.46401449e+00 2.73000000e+01 -6.49674565e+00
 2.76000000e+01 0.00000000e+00 2.76000000e+01 3.72790952e+00 2.76000000e+01 -6.13619652e+00
 2.79000000e+01 0.00000000e+00 2.79000000e+01 3.76760857e+00 2.79000000e+01 -6.50562632e+00
 2.82000000e+01 0.00000000e+00 2.82000000e+01 3.77394987e+00 2.82000000e+01 -5.90841962e+00
 2.85000000e+01 0.00000000e+00 2.85000000e+01 3.58923891e+00 2.85000000e+01 -6.16350482e+00
 2.88000000e+01 0.00000000e+00 2.88000000e+01 3.01628556e+00 2.88000000e+01 -5.92004113e+00
 2.91000000e+01 0.00000000e+00 2.91000000e+01 3.57584738e+00 2.91000000e+01 -6.25597678e+00
 2.94000000e+01 0.00000000e+00 2.94000000e+01 3.67208828e+00 2.94000000e+01 -5.45532853e+00
 2.97000000e+01 0.00000000e+00 2.97000000e+01 3.22669875e+00 2.97000000e+01 -5.68124576e+00
 3.00000000e+01 0.00000000e+00 3.00000000e+01 2.90782292e+00 3.00000000e+01 -6.24267227e+00
 3.03000000e+01 0.00000000e+00 3.03000000e+01 2.71733593e+00 3.03000000e+01 -6.38665577e+00
 3.06000000e+01 0.00000000e+00 3.06000000e+01 3.54169604e+00 3.06000000e+01 -6.74273507e+00
 3.09000000e+01 0.00000000e+00 3.09000000e+01 3.42164832e+00 3.09000000e+01 -6.05072304e+00
 3.12000000e+01 0.00000000e+00 3.12000000e+01 3.19894266e+00 3.12000000e+01 -6.70885660e+00
 3.15000000e+01 0.00000000e+00 3.15000000e+01 3.21129543e+00 3.15000000e+01 -6.39738967e+00
 3.18000000e+01 0.00000000e+00 3.18000000e+01 3.74890602e+00 3.18000000e+01 -5.99082439e+00
 3.21000000e+01 0.00000000e+00 3.21000000e+01 3.37540716e+00 3.21000000e+01 -6.49159797e+00
 3.24000000e+01 0.00000000e+00 3.24000000e+01 2.91793483e+00 3.24000000e+01 -6.01103437e+00
 3.27000000e+01 0.00000000e+00 3.27000000e+01 3.47719577e+00 3.27000000e+01 -6.43760271e+00
 3.30000000e+01 0.00000000e+00 3.30000000e+01 3.20905751e+00 3.30000000e+01 -6.08583849e+00
 3.33000000e+01 0.00000000e+00 3.33000000e+01 3.07069937e+00 3.33000000e+01 -6.36622022e+00
 3.36000000e+01 0.00000000e+00 3.36000000e+01 3.53802001e+00 3.36000000e+01 -6.52318470e+00
 3.39000000e+01 0.00000000e+00 3.39000000e+01 4.01770915e+00 3.39000000e+01 -6.67440322e+00
 3.42000000e+01 0.00000000e+00 3.42000000e+01 3.38287577e+00 3.42000000e+01 -5.62699034e+00
 3.45000000e+01 0.00000000e+00 3.45000000e+01 3.37534933e+00 3.45000000e+01 -5.92834456e+00
 3.48000000e+01 0.00000000e+00 3.48000000e+01 3.63088395e+00 3.48000000e+01 -6.31188016e+00
 3.51000000e+01 0.00000000e+00 3.51000000e+01 3.76714206e+00 3.51000000e+01 -3.52086811e+00
 3.54000000e+01 0.00000000e+00 3.54000000e+01 4.41072634e+00 3.54000000e+01 -3.80119984e+00
 3.57000000e+01 0.00000000e+00 3.57000000e+01 3.84219444e+00 3.57000000e+01 -3.34270356e+00
 3.60000000e+01 0.00000000e+00 3.60000000e+01 4.73837937e+00 3.60000000e+01 -3.97632988e+00
 3.63000000e+01 0.00000000e+00 3.63000000e+01 4.08414576e+00 3.63000000e+01 -3.43577434e+00
 3.66000000e+01 0.00000000e+00 3.66000000e+01 3.33174182e+00 3.66000000e+01 -3.21607797e+00
 3.69000000e+01 0.00000000e+00 3.69000000e+01 5.16849039e+00 3.69000000e+01 -3.29820594e+00
 3.72000000e+01 0.00000000e+00 3.72000000e+01 3.90599469e+00 3.72000000e+01 -3.45527529e+00
 3.75000000e+01 0.00000000e+00 3.75000000e+01 4.03040185e+00 3.75000000e+01 -3.59531100e+00
 3.78000000e+01 0.00000000e+00 3.78000000e+01 4.70098797e+00 3.78000000e+01 -3.22336222e+00
 3.81000000e+01 0.00000000e+00 3.81000000e+01 4.07781124e+00 3.81000000e+01 -3.27874251e+00
 3.84000000e+01 0.00000000e+00 3.84000000e+01 3.87324065e+00 3.84000000e+01 -4.12648890e+00
 3.87000000e+01 0.00000000e+00 3.87000000e+01 4.60896560e+00 3.87000000e+01 -3.02674703e+00
 3.90000000e+01 0.00000000e+00 3.90000000e+01 4.51518930e+00 3.90000000e+01 -3.32490484e+00
 3.93000000e+01 0.00000000e+00 3.93000000e+01 3.98140538e+00 3.93000000e+01 -3.42403745e+00
 3.96000000e+01 0.00000000e+00 3.96000000e+01 4.34135582e+00 3.96000000e+01 -3.04435177e+00
 3.99000000e+01 0.00000000e+00 3.99000000e+01 4.01784174e+00 3.99000000e+01 -3.68259600e+00
 4.02000000e+01 0.00000000e+00 4.02000000e+01 5.22745262e+00 4.02000000e+01 -3.69472548e+00
 4.05000000e+01 0.00000000e+00 4.05000000e+01 4.55180933e+00 4.05000000e+01 -3.38527689e+00
 4.08000000e+01 0.00000000e+00 4.08000000e+01 4.56400467e+00 4.08000000e+01 -3.84589424e+00
 4.11000000e+01 0.00000000e+00 4.11000000e+01 4.96792487e+00 4.11000000e+01 -3.98229261e+00
 4.14000000e+01 0.00000000e+00 4.14000000e+01 4.68953076e+00 4.14000000e+01 -3.78102109e+00
 4.17000000e+01 0.00000000e+00 4.17000000e+01 4.54224917e+00 4.17000000e+01 -3.21303443e+00
 4.20000000e+01 0.00000000e+00 4.20000000e+01 4.98322779e+00 4.20000000e+01 -3.89925496e+00
 4.23000000e+01 0.00000000e+00 4.23000000e+01 5.33922384e+00 4.23000000e+01 -4.49050217e+00
 4.26000000e+01 0.00000000e+00 4.26000000e+01 5.72971270e+00 4.26000000e+01 -3.80784798e+00
 4.29000000e+01 0.00000000e+00 4.29000000e+01 5.64372139e+00 4.29000000e+01 -3.28263437e+00
 4.32000000e+01 0.00000000e+00 4.32000000e+01 4.63846688e+00 4.32000000e+01 -3.29480302e+00
 4.35000000e+01 0.00000000e+00 4.35000000e+01 5.25955474e+00 4.35000000e+01 -4.04677685e+00
 4.38000000e+01 0.00000000e+00 4.38000000e+01 4.94773770e+00 4.38000000e+01 -3.48850505e+00
 4.41000000e+01 0.00000000e+00 4.41000000e+01 4.94144345e+00 4.41000000e+01 -3.16843214e+00
 4.44000000e+01 0.00000000e+00 4.44000000e+01 4.84902045e+00 4.44000000e+01 -3.78239690e+00
 4.47000000e+01 0.00000000e+00 4.47000000e+01 4.82241908e+00 4.47000000e+01 -4.02242285e+00
 4.50000000e+01 0.00000000e+00 4.50000000e+01 4.88168105e+00 4.50000000e+01 -3.60379358e+00
 4.53000000e+01 0.00000000e+00 4.53000000e+01 5.27055430e+00 4.53000000e+01 -3.66773813e+00
 4.56000000e+01 0.00000000e+00 4.56000000e+01 5.22702752e+00 4.56000000e+01 -4.19818232e+00
 4.59000000e+01 0.00000000e+00 4.59000000e+01 5.74340061e+00 4.59000000e+01 -3.44978841e+00
 4.62000000e+01 0.00000000e+00 4.62000000e+01 5.19977274e+00 4.62000000e+01 -3.37413416e+00
 4.65000000e+01 0.00000000e+00 4.65000000e+01 5.64883376e+00 4.65000000e+01 -4.00326071e+00
 4.68000000e+01 0.00000000e+00 4.68000000e+01 4.99377541e+00 4.68000000e+01 -4.26942643e+00
 4.71000000e+01 0.00000000e+00 4.71000000e+01 5.24342505e+00 4.71000000e+01 -4.07799022e+00
 4.74000000e+01 0.00000000e+00 4.74000000e+01 4.93752520e+00 4.74000000e+01 -4.61811647e+00
 4.77000000e+01 0.00000000e+00 4.77000000e+01 5.14254516e+00 4.77000000e+01 -3.47423905e+00
 4.80000000e+01 0.00000000e+00 4.80000000e+01 5.64494782e+00 4.80000000e+01 -3.59837957e+00
 4.83000000e+01 0.00000000e+00 4.83000000e+01 5.02823152e+00 4.83000000e+01 -3.32576717e+00
 4.86000000e+01 0.00000000e+00 4.86000000e+01 5.48560422e+00 4.86000000e+01 -3.90247447e+00
 4.89000000e+01 0.00000000e+00 4.89000000e+01 5.08860593e+00 4.89000000e+01 -4.09461836e+00
 4.92000000e+01 0.00000000e+00 4.92000000e+01 5.31275244e+00 4.92000000e+01 -3.72427584e+00
 4.95000000e+01 0.00000000e+00 4.95000000e+01 5.29248284e+00 4.95000000e+01 -3.68009809e+00
 4.98000000e+01 0.00000000e+00 4.98000000e+01 4.86780686e+00 4.98000000e+01 -4.19563683e+00
 5.01000000e+01 0.00000000e+00 5.01000000e+01 2.80528792e+00 5.01000000e+01 -1.78439298e+00
 5.04000000e+01 0.00000000e+00 5.04000000e+01 2.73942488e+00 5.04000000e+01 -2.32550799e+00
 5.07000000e+01 0.00000000e+00 5.07000000e+01 2.17472169e+00 5.07000000e+01 -1.52079463e+00
 5.10000000e+01 0.00000000e+00 5.10000000e+01 2.38878869e+00 5.10000000e+01 -1.78867716e+00
 5.13000000e+01 0.00000000e+00 5.13000000e+01 2.67158157e+00 5.13000000e+01 -1.92761398e+00
 5.16000000e+01 0.00000000e+00 5.16000000e+01 2.11414314e+00 5.16000000e+01 -2.24292050e+00
 5.19000000e+01 0.00000000e+00 5.19000000e+01 2.21731850e+00 5.19000000e+01 -1.37137160e+00
 5.22000000e+01 0.00000000e+00 5.22000000e+01 2.71752607e+00 5.22000000e+01 -1.76824958e+00
 5.25000000e+01 0.00000000e+00 5.25000000e+01 1.97371663e+00 5.25000000e+01 -8.09517877e-01
 5.28000000e+01 0.00000000e+00 5.28000000e+01 2.27931099e+00 5.28000000e+01 -1.20660589e+00
 5.31000000e+01 0.00000000e+00 5.31000000e+01 2.69102279e+00 5.31000000e+01 -1.99316842e+00
 5.34000000e+01 0.00000000e+00 5.34000000e+01 1.96029060e+00 5.34000000e+01 -1.49955688e+00
 5.37000000e+01 0.00000000e+00 5.37000000e+01 2.30015664e+00 5.37000000e+01 -1.57107096e+00
 5.40000000e+01 0.00000000e+00 5.40000000e+01 2.98958309e+00 5.40000000e+01 -1.82829527e+00
 5.43000000e+01 0.00000000e+00 5.43000000e+01 2.33162494e+00 5.43000000e+01 -1.72216308e+00
 5.46000000e+01 0.00000000e+00 5.46000000e+01 2.35118419e+00 5.46000000e+01 -2.06336778e+00
 5.49000000e+01 0.00000000e+00 5.49000000e+01 2.46986347e+00 5.49000000e+01 -1.98545413e+00
 5.52000000e+01 0.00000000e+00 5.52000000e+01 7.51705366e+00 5.52000000e+01 -5.22848099e+00
 5.55000000e+01 0.00000000e+00 5.55000000e+01 8.01419893e+00 5.55000000e+01 -5.20601260e+00
 5.58000000e+01 0.00000000e+00 5.58000000e+01 8.17950693e+00 5.58000000e+01 -5.15386683e+00
 5.61000000e+01 0.00000000e+00 5.61000000e+01 7.49839181e+00 5.61000000e+01 -4.92376041e+00
 5.64000000e+01 0.00000000e+00 5.64000000e+01 7.56907232e+00 5.64000000e+01 -4.89779353e+00
 5.67000000e+01 0.00000000e+00 5.67000000e+01 7.87647666e+00 5.67000000e+01 -5.32585548e+00
 5.70000000e+01 0.00000000e+00 5.70000000e+01 7.51050937e+00 5.70000000e+01 -5.25282927e+00
 5.73000000e+01 0.00000000e+00 5.73000000e+01 8.00766673e+00 5.73000000e+01 -5.24929355e+00
 5.76000000e+01 0.00000000e+00 5.76000000e+01 7.76612730e+00 5.76000000e+01 -4.95027959e+00
 5.79000000e+01 0.00000000e+00 5.79000000e+01 7.97752756e+00 5.79000000e+01 -5.78868589e+00
 5.82000000e+01 0.00000000e+00 5.82000000e+01 7.21320978e+00 5.82000000e+01 -5.12704016e+00
 5.85000000e+01 0.00000000e+00 5.85000000e+01 7.72096858e+00 5.85000000e+01 -5.25554990e+00
 5.88000000e+01 0.00000000e+00 5.88000000e+01 7.72380055e+00 5.88000000e+01 -5.37104086e+00
 5.91000000e+01 0.00000000e+00 5.91000000e+01 7.62048005e+00 5.91000000e+01 -5.62238099e+00
 5.94000000e+01 0.00000000e+00 5.94000000e+01 7.59860565e+00 5.94000000e+01 -5.52793422e+00
 5.97000000e+01 0.00000000e+00 5.97000000e+01 7.17773757e+00 5.97000000e+01 -5.18774685e+00
