 0.00000000e+00 0.00000000e+00 0.00000000e+00 7.95152280e+00 0.00000000e+00 -4.39890338e+00
 3.00000000e-01 0.00000000e+00 3.00000000e-01 7.73563093e+00 3.00000000e-01 -4.40331283e+00
 6.00000000e-01 0.00000000e+00 6.00000000e-01 7.86506326e+00 6.00000000e-01 -4.47881041e+00
 9.00000000e-01 0.00000000e+00 9.00000000e-01 7.40049634e+00 9.00000000e-01 -4.76452856e+00
 1.20000000e+00 0.00000000e+00 1.20000000e+00 7.58841434e+00 1.20000000e+00 -3.98550855e+00
 1.50000000e+00 0.00000000e+00 1.50000000e+00 7.52484455e+00 1.50000000e+00 -4.31843475e+00
 1.80000000e+00 0.00000000e+00 1.80000000e+00 7.89004885e+00 1.80000000e+00 -4.53489289e+00
 2.10000000e+00 0.00000000e+00 2.10000000e+00 8.20052781e+00 2.10000000e+00 -4.39240531e+00
 2.40000000e+00 0.00000000e+00 2.40000000e+00 7.76477135e+00 2.40000000e+00 -4.19762012e+00
 2.70000000e+00 0.00000000e+00 2.70000000e+00 7.59358937e+00 2.70000000e+00 -3.27839859e+00
 3.00000000e+00 0.00000000e+00 3.00000000e+00 7.71354150e+00 3.00000000e+00 -4.10695480e+00
 3.30000000e+00 0.00000000e+00 3.30000000e+00 7.93692934e+00 3.30000000e+00 -3.91816496e+00
 3.60000000e+00 0.00000000e+00 3.60000000e+00 7.58025811e+00 3.60000000e+00 -4.53493387e+00
 3.90000000e+00 0.00000000e+00 3.90000000e+00 7.49326708e+00 3.90000000e+00 -4.36914486e+00
 4.20000000e+00 0.00000000e+00 4.20000000e+00 7.72653736e+00 4.20000000e+00 -4.00158538e+00
 4.50000000e+00 0.00000000e+00 4.50000000e+00 7.38963964e+00 4.50000000e+00 -4.74496534e+00
 4.80000000e+00 0.00000000e+00 4.80000000e+00 7.87848716e+00 4.80000000e+00 -4.16059413e+00
 5.10000000e+00 0.00000000e+00 5.10000000e+00 7.98097572e+00 5.10000000e+00 -4.28190787e+00
 5.40000000e+00 0.00000000e+00 5.40000000e+00 7.38800838e+00 5.40000000e+00 -4.58297648e+00
 5.70000000e+00 0.00000000e+00 5.70000000e+00 7.50886993e+00 5.70000000e+00 -3.88195881e+00
 6.00000000e+00 0.00000000e+00 6.00000000e+00 7.65940328e+00 6.00000000e+00 -4.26761172e+00
 6.30000000e+00 0.00000000e+00 6.30000000e+00 7.92128666e+00 6.30000000e+00 -3.75822926e+00
 6.60000000e+00 0.00000000e+00 6.60000000e+00 7.77018091e+00 6.60000000e+00 -4.06563464e+00
 6.90000000e+00 0.00000000e+00 6.90000000e+00 8.15592798e+00 6.90000000e+00 -3.75571871e+00
 7.20000000e+00 0.00000000e+00 7.20000000e+00 7.83050922e+00 7.20000000e+00 -4.16714425e+00
 7.50000000e+00 0.00000000e+00 7.50000000e+00 7.85102852e+00 7.50000000e+00 -4.28372760e+00
 7.80000000e+00 0.00000000e+00 7.80000000e+00 7.28254718e+00 7.80000000e+00 -4.11671632e+00
 8.10000000e+00 0.00000000e+00 8.10000000e+00 7.86109586e+00 8.10000000e+00 -4.27052901e+00
 8.40000000e+00 0.00000000e+00 8.40000000e+00 7.85275399e+00 8.40000000e+00 -4.16176899e+00
 8.70000000e+00 0.00000000e+00 8.70000000e+00 8.00677751e+00 8.70000000e+00 -3.85756011e+00
 9.00000000e+00 0.00000000e+00 9.00000000e+00 8.13016307e+00 9.00000000e+00 -4.46359574e+00
 9.30000000e+00 0.00000000e+00 9.30000000e+00 7.67139681e+00 9.30000000e+00 -4.17950361e+00
 9.60000000e+00 0.00000000e+00 9.60000000e+00 8.06552809e+00 9.60000000e+00 -4.71247039e+00
 9.90000000e+00 0.00000000e+00 9.90000000e+00 8.08253911e+00 9.90000000e+00 -4.10137822e+00
 1.02000000e+01 0.00000000e+00 1.02000000e+01 7.97855491e+00 1.02000000e+01 -4.30614102e+00
 1.05000000e+01 0.00000000e+00 1.05000000e+01 7.93936944e+00 1.05000000e+01 -5.06962188e+00
 1.08000000e+01 0.00000000e+00 1.08000000e+01 7.65442255e+00 1.08000000e+01 -3.92737135e+00
 1.11000000e+01 0.00000000e+00 1.11000000e+01 8.12754770e+00 1.11000000e+01 -4.19919440e+00
 1.14000000e+01 0.00000000e+00 1.14000000e+01 7.93824410e+00 1.14000000e+01 -3.68685087e+00
 1.17000000e+01 0.00000000e+00 1.17000000e+01 7.45224078e+00 1.17000000e+01 -3.53166178e+00
 1.20000000e+01 0.00000000e+00 1.20000000e+01 8.40071194e+00 1.20000000e+01 -4.71461359e+00
 1.23000000e+01 0.00000000e+00 1.23000000e+01 8.01760874e+00 1.23000000e+01 -4.28419669e+00
 1.26000000e+01 0.00000000e+00 1.26000000e+01 7.42751157e+00 1.26000000e+01 -4.18810652e+00
 1.29000000e+01 0.00000000e+00 1.29000000e+01 7.67417271e+00 1.29000000e+01 -4.42976450e+00
 1.32000000e+01 0.00000000e+00 1.32000000e+01 8.09619881e+00 1.32000000e+01 -4.22192773e+00
 1.35000000e+01 0.00000000e+00 1.35000000e+01 7.92581063e+00 1.35000000e+01 -3.90187641e+00
 1.38000000e+01 0.00000000e+00 1.38000000e+01 7.85647518e+00 1.38000000e+01 -3.97696090e+00
 1.41000000e+01 0.00000000e+00 1.41000000e+01 8.42200544e+00 1.41000000e+01 -4.21735064e+00
 1.44000000e+01 0.00000000e+00 1.44000000e+01 7.67400854e+00 1.44000000e+01 -3.67527146e+00
 1.47000000e+01 0.00000000e+00 1.47000000e+01 8.40026531e+00 1.47000000e+01 -4.15759203e+00
 1.50000000e+01 0.00000000e+00 1.50000000e+01 7.61287250e+00 1.50000000e+01 -3.42527817e+00
 1.53000000e+01 0.00000000e+00 1.53000000e+01 1.63686242e+00 1.53000000e+01 -4.24887858e+00
 1.56000000e+01 0.00000000e+00 1.56000000e+01 2.37424460e+00 1.56000000e+01 -4.13355287e+00
 1.59000000e+01 0.00000000e+00 1.59000000e+01 2.27472948e+00 1.59000000e+01 -3.87998688e+00
 1.62000000e+01 0.00000000e+00 1.62000000e+01 1.89071526e+00 1.62000000e+01 -4.18000396e+00
 1.65000000e+01 0.00000000e+00 1.65000000e+01 2.23793992e+00 1.65000000e+01 -3.80201585e+00
 1.68000000e+01 0.00000000e+00 1.68000000e+01 1.82669829e+00 1.68000000e+01 -3.74426695e+00
 1.71000000e+01 0.00000000e+00 1.71000000e+01 1.71204591e+00 1.71000000e+01 -3.52378044e+00
 1.74000000e+01 0.00000000e+00 1.74000000e+01 1.93013499e+00 1.74000000e+01 -3.72948420e+00
 1.77000000e+01 0.00000000e+00 1.77000000e+01 2.16449930e+00 1.77000000e+01 -3.70248581e+00
 1.80000000e+01 0.00000000e+00 1.80000000e+01 2.18704259e+00 1.80000000e+01 -3.54718461e+00
 1.83000000e+01 0.00000000e+00 1.83000000e+01 1.91866466e+00 1.83000000e+01 -4.04516806e+00
 1.86000000e+01 0.00000000e+00 1.86000000e+01 2.37091540e+00 1.86000000e+01 -4.32122831e+00
 1.89000000e+01 0.00000000e+00 1.89000000e+01 1.64928606e+00 1.89000000e+01 -4.18206076e+00
 1.92000000e+01 0.00000000e+00 1.92000000e+01 2.27893612e+00 1.92000000e+01 -3.99622137e+00
 1.95000000e+01 0.00000000e+00 1.95000000e+01 2.38366861e+00 1.95000000e+01 -3.81027876e+00
 1.98000000e+01 0.00000000e+00 1.98000000e+01 2.29555292e+00 1.98000000e+01 -4.04222438e+00
 2.01000000e+01 0.00000000e+00 2.01000000e+01 2.33737686e+00 2.01000000e+01 -3.34842967e+00
 2.04000000e+01 0.00000000e+00 2.04000000e+01 1.94109551e+00 2.04000000e+01 -3.64477245e+00
 2.07000000e+01 0.00000000e+00 2.07000000e+01 1.84907809e+00 2.07000000e+01 -3.95658405e+00
 2.10000000e+01 0.00000000e+00 2.10000000e+01 2.54031386e+00 2.10000000e+01 -3.15367160e+00
 2.13000000e+01 0.00000000e+00 2.13000000e+01 1.63637005e+00 2.13000000e+01 -3.43687390e+00
 2.16000000e+01 0.00000000e+00 2.16000000e+01 2.28847511e+00 2.16000000e+01 -4.11147172e+00
 2.19000000e+01 0.00000000e+00 2.19000000e+01 2.28077860e+00 2.19000000e+01 -3.62304851e+00
 2.22000000e+01 0.00000000e+00 2.22000000e+01 1.70516773e+00 2.22000000e+01 -4.40531010e+00
 2.25000000e+01 0.00000000e+00 2.25000000e+01 1.77965097e+00 2.25000000e+01 -3.60278691e+00
 2.28000000e+01 0.00000000e+00 2.28000000e+01 2.08020680e+00 2.28000000e+01 -4.24490682e+00
 2.31000000e+01 0.00000000e+00 2.31000000e+01 2.11459170e+00 2.31000000e+01 -3.60595396e+00
 2.34000000e+01 0.00000000e+00 2.34000000e+01 1.68410196e+00 2.34000000e+01 -4.16274964e+00
 2.37000000e+01 0.00000000e+00 2.37000000e+01 2.13611482e+00 2.37000000e+01 -3.50302656e+00
 2.40000000e+01 0.00000000e+00 2.40000000e+01 1.86047187e+00 2.40000000e+01 -4.15202185e+00
 2.43000000e+01 0.00000000e+00 2.43000000e+01 2.14847112e+00 2.43000000e+01 -3.33927661e+00
 2.46000000e+01 0.00000000e+00 2.46000000e+01 1.86455654e+00 2.46000000e+01 -3.74432284e+00
 2.49000000e+01 0.00000000e+00 2.49000000e+01 2.07297081e+00 2.49000000e+01 -3.86154622e+00
 2.52000000e+01 0.00000000e+00 2.52000000e+01 1.68340454e+00 2.52000000e+01 -5.18504388e+00
 2.55000000e+01 0.00000000e+00 2.55000000e+01 1.20691480e+00 2.55000000e+01 -4.10904359e+00
 2.58000000e+01 0.00000000e+00 2.58000000e+01 1.44165115e+00 2.58000000e+01 -5.36954637e+00
 2.61000000e+01 0.00000000e+00 2.61000000e+01 1.70778506e+00 2.61000000e+01 -4.67863081e+00
 2.64000000e+01 0.00000000e+00 2.64000000e+01 8.16894154e-01 2.64000000e+01 -4.79029283e+00
 2.67000000e+01 0.00000000e+00 2.67000000e+01 1.87555436e+00 2.67000000e+01 -5.00667706e+00
 2.70000000e+01 0.00000000e+00 2.70000000e+01 1.06897385e+00 2.70000000e+01 -4.33323647e+00
 2.73000000e+01 0.00000000e+00 2.73000000e+01 1.43516994e+00 2.73000000e+01 -4.96424739e+00
 2.76000000e+01 0.00000000e+00 2.76000000e+01 1.29424374e+00 2.76000000e+01 -4.51105532e+00
 2.79000000e+01 0.00000000e+00 2.79000000e+01 7.57594543e-01 2.79000000e+01 -3.98546553e+00
 2.82000000e+01 0.00000000e+00 2.82000000e+01 1.33344347e+00 2.82000000e+01 -4.52888377e+00
 2.85000000e+01 0.00000000e+00 2.85000000e+01 1.42262893e+00 2.85000000e+01 -4.63114157e+00
 2.88000000e+01 0.00000000e+00 2.88000000e+01 1.19116057e+00 2.88000000e+01 -5.02317070e+00
 2.91000000e+01 0.00000000e+00 2.91000000e+01 1.46322123e+00 2.91000000e+01 -4.70130945e+00
 2.94000000e+01 0.00000000e+00 2.94000000e+01 1.12718665e+00 2.94000000e+01 -4.12793639e+00
 2.97000000e+01 0.00000000e+00 2.97000000e+01 1.41952724e+00 2.97000000e+01 -4.83694658e+00
 3.00000000e+01 0.00000000e+00 3.00000000e+01 1.27584469e+00 3.00000000e+01 -5.29014197e+00
 3.03000000e+01 0.00000000e+00 3.03000000e+01 1.13344590e+00 3.03000000e+01 -5.12110620e+00
 3.06000000e+01 0.00000000e+00 3.06000000e+01 1.20558660e+00 3.06000000e+01 -4.25585396e+00
 3.09000000e+01 0.00000000e+00 3.09000000e+01 1.44792117e+00 3.09000000e+01 -4.81421266e+00
 3.12000000e+01 0.00000000e+00 3.12000000e+01 5.73309979e-01 3.12000000e+01 -4.59937267e+00
 3.15000000e+01 0.00000000e+00 3.15000000e+01 1.45708749e+00 3.15000000e+01 -4.95805146e+00
 3.18000000e+01 0.00000000e+00 3.18000000e+01 1.24487457e+00 3.18000000e+01 -4.70901452e+00
 3.21000000e+01 0.00000000e+00 3.21000000e+01 1.48955834e+00 3.21000000e+01 -4.18972372e+00
 3.24000000e+01 0.00000000e+00 3.24000000e+01 8.97559075e-01 3.24000000e+01 -4.73420179e+00
 3.27000000e+01 0.00000000e+00 3.27000000e+01 1.97843109e+00 3.27000000e+01 -4.50912172e+00
 3.30000000e+01 0.00000000e+00 3.30000000e+01 1.56085208e+00 3.30000000e+01 -4.50596768e+00
 3.33000000e+01 0.00000000e+00 3.33000000e+01 1.45036775e+00 3.33000000e+01 -4.32203860e+00
 3.36000000e+01 0.00000000e+00 3.36000000e+01 1.43769741e+00 3.36000000e+01 -5.05778705e+00
 3.39000000e+01 0.00000000e+00 3.39000000e+01 1.37572694e+00 3.39000000e+01 -4.73957259e+00
 3.42000000e+01 0.00000000e+00 3.42000000e+01 1.71723129e+00 3.42000000e+01 -4.92303953e+00
 3.45000000e+01 0.00000000e+00 3.45000000e+01 1.08576837e+00 3.45000000e+01 -3.97801460e+00
 3.48000000e+01 0.00000000e+00 3.48000000e+01 1.89260021e+00 3.48000000e+01 -4.72150698e+00
 3.51000000e+01 0.00000000e+00 3.51000000e+01 5.66072460e+00 3.51000000e+01 -2.01612132e+00
 3.54000000e+01 0.00000000e+00 3.54000000e+01 5.77054315e+00 3.54000000e+01 -1.41382414e+00
 3.57000000e+01 0.00000000e+00 3.57000000e+01 5.49503695e+00 3.57000000e+01 -1.61494747e+00
 3.60000000e+01 0.00000000e+00 3.60000000e+01 5.51429185e+00 3.60000000e+01 -2.31332969e+00
 3.63000000e+01 0.00000000e+00 3.63000000e+01 5.20497208e+00 3.63000000e+01 -1.34118160e+00
 3.66000000e+01 0.00000000e+00 3.66000000e+01 5.42139679e+00 3.66000000e+01 -1.37157869e+00
 3.69000000e+01 0.00000000e+00 3.69000000e+01 5.07090420e+00 3.69000000e+01 -1.49217586e+00
 3.72000000e+01 0.00000000e+00 3.72000000e+01 5.34448431e+00 3.72000000e+01 -1.45530473e+00
 3.75000000e+01 0.00000000e+00 3.75000000e+01 4.74401636e+00 3.75000000e+01 -2.09931928e+00
 3.78000000e+01 0.00000000e+00 3.78000000e+01 4.57431398e+00 3.78000000e+01 -2.07886882e+00
 3.81000000e+01 0.00000000e+00 3.81000000e+01 5.06395457e+00 3.81000000e+01 -1.98053976e+00
 3.84000000e+01 0.00000000e+00 3.84000000e+01 5.57391335e+00 3.84000000e+01 -1.05263861e+00
 3.87000000e+01 0.00000000e+00 3.87000000e+01 5.06741822e+00 3.87000000e+01 -1.82296641e+00
 3.90000000e+01 0.00000000e+00 3.90000000e+01 5.41812927e+00 3.90000000e+01 -1.80331621e+00
 3.93000000e+01 0.00000000e+00 3.93000000e+01 5.21742900e+00 3.93000000e+01 -1.44302779e+00
 3.96000000e+01 0.00000000e+00 3.96000000e+01 5.33891640e+00 3.96000000e+01 -1.70164590e+00
 3.99000000e+01 0.00000000e+00 3.99000000e+01 4.90112791e+00 3.99000000e+01 -1.48310173e+00
 4.02000000e+01 0.00000000e+00 4.02000000e+01 4.94311162e+00 4.02000000e+01 -3.87648956e+00
 4.05000000e+01 0.00000000e+00 4.05000000e+01 5.10660317e+00 4.05000000e+01 -3.21883778e+00
 4.08000000e+01 0.00000000e+00 4.08000000e+01 4.87172903e+00 4.08000000e+01 -2.90232875e+00
 4.11000000e+01 0.00000000e+00 4.11000000e+01 5.80010019e+00 4.11000000e+01 -3.55890379e+00
 4.14000000e+01 0.00000000e+00 4.14000000e+01 5.65418956e+00 4.14000000e+01 -3.38352249e+00
 4.17000000e+01 0.00000000e+00 4.17000000e+01 5.84463060e+00 4.17000000e+01 -4.28897100e+00
 4.20000000e+01 0.00000000e+00 4.20000000e+01 5.65460763e+00 4.20000000e+01 -4.45562445e+00
 4.23000000e+01 0.00000000e+00 4.23000000e+01 5.28536724e+00 4.23000000e+01 -3.63017052e+00
 4.26000000e+01 0.00000000e+00 4.26000000e+01 5.79393999e+00 4.26000000e+01 -3.66272920e+00
 4.29000000e+01 0.00000000e+00 4.29000000e+01 5.48399127e+00 4.29000000e+01 -3.49880407e+00
 4.32000000e+01 0.00000000e+00 4.32000000e+01 5.71782124e+00 4.32000000e+01 -3.93837243e+00
 4.35000000e+01 0.00000000e+00 4.35000000e+01 5.37038745e+00 4.35000000e+01 -3.52709889e+00
 4.38000000e+01 0.00000000e+00 4.38000000e+01 6.09504279e+00 4.38000000e+01 -3.31505690e+00
 4.41000000e+01 0.00000000e+00 4.41000000e+01 4.53228570e+00 4.41000000e+01 -3.96893125e+00
 4.44000000e+01 0.00000000e+00 4.44000000e+01 5.93012554e+00 4.44000000e+01 -3.41872216e+00
 4.47000000e+01 0.00000000e+00 4.47000000e+01 5.43207814e+00 4.47000000e+01 -3.28889938e+00
 4.50000000e+01 0.00000000e+00 4.50000000e+01 5.35269491e+00 4.50000000e+01 -3.58221963e+00
 4.53000000e+01 0.00000000e+00 4.53000000e+01 5.35556844e+00 4.53000000e+01 -3.07945901e+00
 4.56000000e+01 0.00000000e+00 4.56000000e+01 5.56837033e+00 4.56000000e+01 -3.47980784e+00
 4.59000000e+01 0.00000000e+00 4.59000000e+01 4.98084954e+00 4.59000000e+01 -3.74810339e+00
 4.62000000e+01 0.00000000e+00 4.62000000e+01 5.22830949e+00 4.62000000e+01 -2.92686285e+00
 4.65000000e+01 0.00000000e+00 4.65000000e+01 5.83251141e+00 4.65000000e+01 -3.97778480e+00
 4.68000000e+01 0.00000000e+00 4.68000000e+01 5.26832790e+00 4.68000000e+01 -3.89872629e+00
 4.71000000e+01 0.00000000e+00 4.71000000e+01 6.10362629e+00 4.71000000e+01 -3.71102105e+00
 4.74000000e+01 0.00000000e+00 4.74000000e+01 5.54781093e+00 4.74000000e+01 -3.21789581e+00
 4.77000000e+01 0.00000000e+00 4.77000000e+01 6.19539402e+00 4.77000000e+01 -4.15121873e+00
 4.80000000e+01 0.00000000e+00 4.80000000e+01 5.36713640e+00 4.80000000e+01 -4.13022154e+00
 4.83000000e+01 0.00000000e+00 4.83000000e+01 4.94261427e+00 4.83000000e+01 -3.31040381e+00
 4.86000000e+01 0.00000000e+00 4.86000000e+01 5.90498461e+00 4.86000000e+01 -3.61635874e+00
 4.89000000e+01 0.00000000e+00 4.89000000e+01 5.38620194e+00 4.89000000e+01 -3.72921085e+00
 4.92000000e+01 0.00000000e+00 4.92000000e+01 5.26412696e+00 4.92000000e+01 -4.00654347e+00
 4.95000000e+01 0.00000000e+00 4.95000000e+01 5.01405939e+00 4.95000000e+01 -3.51392062e+00
 4.98000000e+01 0.00000000e+00 4.98000000e+01 5.84456846e+00 4.98000000e+01 -3.36575847e+00
 5.01000000e+01 0.00000000e+00 5.01000000e+01 4.25226981e+00 5.01000000e+01 -3.82362990e+00
 5.04000000e+01 0.00000000e+00 5.04000000e+01 4.06754300e+00 5.04000000e+01 -4.91792023e+00
 5.07000000e+01 0.00000000e+00 5.07000000e+01 4.33962359e+00 5.07000000e+01 -4.30880053e+00
 5.10000000e+01 0.00000000e+00 5.10000000e+01 4.29362781e+00 5.10000000e+01 -4.43020360e+00
 5.13000000e+01 0.00000000e+00 5.13000000e+01 3.79885692e+00 5.13000000e+01 -4.55832223e+00
 5.16000000e+01 0.00000000e+00 5.16000000e+01 3.94636748e+00 5.16000000e+01 -4.14229483e+00
 5.19000000e+01 0.00000000e+00 5.19000000e+01 4.19113216e+00 5.19000000e+01 -3.87974143e+00
 5.22000000e+01 0.00000000e+00 5.22000000e+01 4.35359310e+00 5.22000000e+01 -4.99497214e+00
 5.25000000e+01 0.00000000e+00 5.25000000e+01 3.97620207e+00 5.25000000e+01 -4.32643218e+00
 5.28000000e+01 0.00000000e+00 5.28000000e+01 4.33773348e+00 5.28000000e+01 -4.64787227e+00
 5.31000000e+01 0.00000000e+00 5.31000000e+01 4.02148789e+00 5.31000000e+01 -4.37756877e+00
 5.34000000e+01 0.00000000e+00 5.34000000e+01 4.20479806e+00 5.34000000e+01 -4.36764522e+00
 5.37000000e+01 0.00000000e+00 5.37000000e+01 3.70046827e+00 5.37000000e+01 -4.10383549e+00
 5.40000000e+01 0.00000000e+00 5.40000000e+01 4.22065494e+00 5.40000000e+01 -5.00680742e+00
 5.43000000e+01 0.00000000e+00 5.43000000e+01 4.41421418e+00 5.43000000e+01 -4.43948831e+00
 5.46000000e+01 0.00000000e+00 5.46000000e+01 4.32306751e+00 5.46000000e+01 -4.03585810e+00
 5.49000000e+01 0.00000000e+00 5.49000000e+01 3.86549916e+00 5.49000000e+01 -4.93924197e+00
 5.52000000e+01 0.00000000e+00 5.52000000e+01 7.38421150e+00 5.52000000e+01 -4.50583574e+00
 5.55000000e+01 0.00000000e+00 5.55000000e+01 7.70837011e+00 5.55000000e+01 -4.07846242e+00
 5.58000000e+01 0.00000000e+00 5.58000000e+01 7.69506492e+00 5.58000000e+01 -3.68505914e+00
 5.61000000e+01 0.00000000e+00 5.61000000e+01 8.03259644e+00 5.61000000e+01 -4.05068058e+00
 5.64000000e+01 0.00000000e+00 5.64000000e+01 7.59479337e+00 5.64000000e+01 -3.72974364e+00
 5.67000000e+01 0.00000000e+00 5.67000000e+01 8.01996812e+00 5.67000000e+01 -3.38642070e+00
 5.70000000e+01 0.00000000e+00 5.70000000e+01 7.49399276e+00 5.70000000e+01 -3.98434821e+00
 5.73000000e+01 0.00000000e+00 5.73000000e+01 8.13484997e+00 5.73000000e+01 -4.55692151e+00
 5.76000000e+01 0.00000000e+00 5.76000000e+01 7.51782741e+00 5.76000000e+01 -3.96275558e+00
 5.79000000e+01 0.00000000e+00 5.79000000e+01 7.53230041e+00 5.79000000e+01 -4.19685826e+00
 5.82000000e+01 0.00000000e+00 5.82000000e+01 7.68299462e+00 5.82000000e+01 -4.35970097e+00
 5.85000000e+01 0.00000000e+00 5.85000000e+01 7.84777901e+00 5.85000000e+01 -4.33302834e+00
 5.88000000e+01 0.00000000e+00 5.88000000e+01 7.84546432e+00 5.88000000e+01 -4.17644525e+00
 5.91000000e+01 0.00000000e+00 5.91000000e+01 8.01213695e+00 5.91000000e+01 -4.16655970e+00
 5.94000000e+01 0.00000000e+00 5.94000000e+01 7.95741452e+00 5.94000000e+01 -4.35901380e+00
 5.97000000e+01 0.00000000e+00 5.97000000e+01 8.21399157e+00 5.97000000e+01 -4.40173473e+00
