 0.00000000e+00 0.00000000e+00 0.00000000e+00 6.03185420e+00 0.00000000e+00 -3.82253869e+00
 3.00000000e-01 0.00000000e+00 3.00000000e-01 5.83385230e+00 3.00000000e-01 -2.82016559e+00
 6.00000000e-01 0.00000000e+00 6.00000000e-01 6.13047353e+00 6.00000000e-01 -2.57542054e+00
 9.00000000e-01 0.00000000e+00 9.00000000e-01 5.94409082e+00 9.00000000e-01 -3.04754350e+00
 1.20000000e+00 0.00000000e+00 1.20000000e+00 5.42884364e+00 1.20000000e+00 -3.54235717e+00
 1.50000000e+00 0.00000000e+00 1.50000000e+00 6.39714126e+00 1.50000000e+00 -2.88479273e+00
 1.80000000e+00 0.00000000e+00 1.80000000e+00 5.53303691e+00 1.80000000e+00 -3.36676525e+00
 2.10000000e+00 0.00000000e+00 2.10000000e+00 6.11617607e+00 2.10000000e+00 -2.67972918e+00
 2.40000000e+00 0.00000000e+00 2.40000000e+00 5.47997561e+00 2.40000000e+00 -3.09100997e+00
 2.70000000e+00 0.00000000e+00 2.70000000e+00 6.20009379e+00 2.70000000e+00 -3.86915704e+00
 3.00000000e+00 0.00000000e+00 3.00000000e+00 5.63409102e+00 3.00000000e+00 -2.66388567e+00
 3.30000000e+00 0.00000000e+00 3.30000000e+00 6.09618600e+00 3.30000000e+00 -3.22455842e+00
 3.60000000e+00 0.00000000e+00 3.60000000e+00 5.51366481e+00 3.60000000e+00 -3.47689783e+00
 3.90000000e+00 0.00000000e+00 3.90000000e+00 6.10770402e+00 3.90000000e+00 -3.63524918e+00
 4.20000000e+00 0.00000000e+00 4.20000000e+00 6.39473031e+00 4.20000000e+00 -2.65391417e+00
 4.50000000e+00 0.00000000e+00 4.50000000e+00 6.01623006e+00 4.50000000e+00 -3.32479714e+00
 4.80000000e+00 0.00000000e+00 4.80000000e+00 6.11709424e+00 4.80000000e+00 -3.11839010e+00
 5.10000000e+00 0.00000000e+00 5.10000000e+00 5.64792890e+00 5.10000000e+00 -3.11151228e+00
 5.40000000e+00 0.00000000e+00 5.40000000e+00 6.24945882e+00 5.40000000e+00 -3.10069754e+00
 5.70000000e+00 0.00000000e+00 5.70000000e+00 6.26631652e+00 5.70000000e+00 -3.30320306e+00
 6.00000000e+00 0.00000000e+00 6.00000000e+00 5.25678354e+00 6.00000000e+00 -3.28932546e+00
 6.30000000e+00 0.00000000e+00 6.30000000e+00 6.33424104e+00 6.30000000e+00 -2.77721334e+00
 6.60000000e+00 0.00000000e+00 6.60000000e+00 6.41152808e+00 6.60000000e+00 -3.47887181e+00
 6.90000000e+00 0.00000000e+00 6.90000000e+00 5.61569677e+00 6.90000000e+00 -3.08107756e+00
 7.20000000e+00 0.00000000e+00 7.20000000e+00 6.19911660e+00 7.20000000e+00 -3.34919852e+00
 7.50000000e+00 0.00000000e+00 7.50000000e+00 5.45563021e+00 7.50000000e+00 -3.23862889e+00
 7.80000000e+00 0.00000000e+00 7.80000000e+00 5.55869618e+00 7.80000000e+00 -3.21201510e+00
 8.10000000e+00 0.00000000e+00 8.10000000e+00 5.71808467e+00 8.10000000e+00 -2.81706052e+00
 8.40000000e+00 0.00000000e+00 8.40000000e+00 6.10270574e+00 8.40000000e+00 -3.45419987e+00
 8.70000000e+00 0.00000000e+00 8.70000000e+00 5.65670055e+00 8.70000000e+00 -3.05738702e+00
 9.00000000e+00 0.00000000e+00 9.00000000e+00 6.04500697e+00 9.00000000e+00 -3.13184242e+00
 9.30000000e+00 0.00000000e+00 9.30000000e+00 5.90889296e+00 9.30000000e+00 -3.01749214e+00
 9.60000000e+00 0.00000000e+00 9.60000000e+00 5.77332208e+00 9.60000000e+00 -3.31487749e+00
 9.90000000e+00 0.00000000e+00 9.90000000e+00 6.30343652e+00 9.90000000e+00 -2.54847765e+00
 1.02000000e+01 0.00000000e+00 1.02000000e+01 5.17287924e+00 1.02000000e+01 -3.70914891e+00
 1.05000000e+01 0.00000000e+00 1.05000000e+01 6.12825176e+00 1.05000000e+01 -2.95512559e+00
 1.08000000e+01 0.00000000e+00 1.08000000e+01 5.46250653e+00 1.08000000e+01 -2.80695740e+00
 1.11000000e+01 0.00000000e+00 1.11000000e+01 5.55618502e+00 1.11000000e+01 -3.50249410e+00
 1.14000000e+01 0.00000000e+00 1.14000000e+01 6.32842893e+00 1.14000000e+01 -3.51435051e+00
 1.17000000e+01 0.00000000e+00 1.17000000e+01 5.19292164e+00 1.17000000e+01 -3.80708062e+00
 1.20000000e+01 0.00000000e+00 1.20000000e+01 6.64141989e+00 1.20000000e+01 -3.43088156e+00
 1.23000000e+01 0.00000000e+00 1.23000000e+01 5.35336180e+00 1.23000000e+01 -2.92383956e+00
 1.26000000e+01 0.00000000e+00 1.26000000e+01 5.10866454e+00 1.26000000e+01 -2.51699734e+00
 1.29000000e+01 0.00000000e+00 1.29000000e+01 5.88236526e+00 1.29000000e+01 -3.03080987e+00
 1.32000000e+01 0.00000000e+00 1.32000000e+01 6.31829981e+00 1.32000000e+01 -2.94467301e+00
 1.35000000e+01 0.00000000e+00 1.35000000e+01 5.88332379e+00 1.35000000e+01 -2.65075751e+00
 1.38000000e+01 0.00000000e+00 1.38000000e+01 5.96808791e+00 1.38000000e+01 -3.26581071e+00
 1.41000000e+01 0.00000000e+00 1.41000000e+01 6.05196016e+00 1.41000000e+01 -3.30975351e+00
 1.44000000e+01 0.00000000e+00 1.44000000e+01 5.75570573e+00 1.44000000e+01 -3.26220587e+00
 1.47000000e+01 0.00000000e+00 1.47000000e+01 5.75088958e+00 1.47000000e+01 -3.10847522e+00
 1.50000000e+01 0.00000000e+00 1.50000000e+01 5.33426132e+00 1.50000000e+01 -2.98654609e+00
 1.53000000e+01 0.00000000e+00 1.53000000e+01 1.65017974e+00 1.53000000e+01 -5.62438246e+00
 1.56000000e+01 0.00000000e+00 1.56000000e+01 1.56929962e+00 1.56000000e+01 -5.68430483e+00
 1.59000000e+01 0.00000000e+00 1.59000000e+01 2.14511247e+00 1.59000000e+01 -5.22664573e+00
 1.62000000e+01 0.00000000e+00 1.62000000e+01 2.79619020e+00 1.62000000e+01 -5.74389562e+00
 1.65000000e+01 0.00000000e+00 1.65000000e+01 1.66780722e+00 1.65000000e+01 -5.44897680e+00
 1.68000000e+01 0.00000000e+00 1.68000000e+01 1.51628561e+00 1.68000000e+01 -5.46205919e+00
 1.71000000e+01 0.00000000e+00 1.71000000e+01 2.36654479e+00 1.71000000e+01 -5.15861791e+00
 1.74000000e+01 0.00000000e+00 1.74000000e+01 1.99501611e+00 1.74000000e+01 -5.68253220e+00
 1.77000000e+01 0.00000000e+00 1.77000000e+01 1.83017443e+00 1.77000000e+01 -5.68290359e+00
 1.80000000e+01 0.00000000e+00 1.80000000e+01 1.73484399e+00 1.80000000e+01 -5.31555045e+00
 1.83000000e+01 0.00000000e+00 1.83000000e+01 2.29971670e+00 1.83000000e+01 -4.78510376e+00
 1.86000000e+01 0.00000000e+00 1.86000000e+01 2.40365612e+00 1.86000000e+01 -5.39025273e+00
 1.89000000e+01 0.00000000e+00 1.89000000e+01 1.99022530e+00 1.89000000e+01 -5.00798460e+00
 1.92000000e+01 0.00000000e+00 1.92000000e+01 2.17752246e+00 1.92000000e+01 -5.31984026e+00
 1.95000000e+01 0.00000000e+00 1.95000000e+01 2.20672007e+00 1.95000000e+01 -5.16736227e+00
 1.98000000e+01 0.00000000e+00 1.98000000e+01 2.32050223e+00 1.98000000e+01 -5.24823966e+00
 2.01000000e+01 0.00000000e+00 2.01000000e+01 2.43881264e+00 2.01000000e+01 -5.49772462e+00
 2.04000000e+01 0.00000000e+00 2.04000000e+01 1.50660528e+00 2.04000000e+01 -5.48244857e+00
 2.07000000e+01 0.00000000e+00 2.07000000e+01 2.35095226e+00 2.07000000e+01 -5.51291721e+00
 2.10000000e+01 0.00000000e+00 2.10000000e+01 1.88472421e+00 2.10000000e+01 -5.86193857e+00
 2.13000000e+01 0.00000000e+00 2.13000000e+01 2.21195286e+00 2.13000000e+01 -5.51996193e+00
 2.16000000e+01 0.00000000e+00 2.16000000e+01 2.17382243e+00 2.16000000e+01 -5.26796925e+00
 2.19000000e+01 0.00000000e+00 2.19000000e+01 1.65256483e+00 2.19000000e+01 -5.14515185e+00
 2.22000000e+01 0.00000000e+00 2.22000000e+01 2.57310729e+00 2.22000000e+01 -4.92810199e+00
 2.25000000e+01 0.00000000e+00 2.25000000e+01 1.32219289e+00 2.25000000e+01 -5.64546490e+00
 2.28000000e+01 0.00000000e+00 2.28000000e+01 2.35412012e+00 2.28000000e+01 -4.90942830e+00
 2.31000000e+01 0.00000000e+00 2.31000000e+01 1.74197924e+00 2.31000000e+01 -5.11108916e+00
 2.34000000e+01 0.00000000e+00 2.34000000e+01 2.49473097e+00 2.34000000e+01 -5.87668085e+00
 2.37000000e+01 0.00000000e+00 2.37000000e+01 2.53966758e+00 2.37000000e+01 -5.22073935e+00
 2.40000000e+01 0.00000000e+00 2.40000000e+01 1.99934794e+00 2.40000000e+01 -5.27538682e+00
 2.43000000e+01 0.00000000e+00 2.43000000e+01 1.69222924e+00 2.43000000e+01 -5.12605099e+00
 2.46000000e+01 0.00000000e+00 2.46000000e+01 1.90574373e+00 2.46000000e+01 -5.25358897e+00
 2.49000000e+01 0.00000000e+00 2.49000000e+01 2.28485366e+00 2.49000000e+01 -5.14754286e+00
 2.52000000e+01 0.00000000e+00 2.52000000e+01 3.05358866e+00 2.52000000e+01 -6.55023118e+00
 2.55000000e+01 0.00000000e+00 2.55000000e+01 3.54121914e+00 2.55000000e+01 -5.91234491e+00
 2.58000000e+01 0.00000000e+00 2.58000000e+01 2.99256930e+00 2.58000000e+01 -6.07974348e+00
 2.61000000e+01 0.00000000e+00 2.61000000e+01 4.15456035e+00 2.61000000e+01 -6.08839692e+00
 2.64000000e+01 0.00000000e+00 2.64000000e+01 3.29803024e+00 2.64000000e+01 -5.15890671e+00
 2.67000000e+01 0.00000000e+00 2.67000000e+01 3.25679599e+00 2.67000000e+01 -5.36899669e+00
 2.70000000e+01 0.00000000e+00 2.70000000e+01 4.03234710e+00 2.70000000e+01 -5.77275190e+00
 2.73000000e+01 0.00000000e+00 2.73000000e+01 3.75492614e+00 2.73000000e+01 -6.87261810e+00
 2.76000000e+01 0.00000000e+00 2.76000000e+01 3.88171981e+00 2.76000000e+01 -6.22889304e+00
 2.79000000e+01 0.00000000e+00 2.79000000e+01 3.75959789e+00 2.79000000e+01 -5.70550518e+00
 2.82000000e+01 0.00000000e+00 2.82000000e+01 3.43967246e+00 2.82000000e+01 -6.03777166e+00
 2.85000000e+01 0.00000000e+00 2.85000000e+01 3.60769609e+00 2.85000000e+01 -5.71581775e+00
 2.88000000e+01 0.00000000e+00 2.88000000e+01 3.04605818e+00 2.88000000e+01 -5.94328017e+00
 2.91000000e+01 0.00000000e+00 2.91000000e+01 3.18397397e+00 2.91000000e+01 -5.26582309e+00
 2.94000000e+01 0.00000000e+00 2.94000000e+01 3.00737161e+00 2.94000000e+01 -5.82515394e+00
 2.97000000e+01 0.00000000e+00 2.97000000e+01 4.01389528e+00 2.97000000e+01 -5.74393674e+00
 3.00000000e+01 0.00000000e+00 3.00000000e+01 3.57081929e+00 3.00000000e+01 -5.59272743e+00
 3.03000000e+01 0.00000000e+00 3.03000000e+01 3.46449190e+00 3.03000000e+01 -5.93323010e+00
 3.06000000e+01 0.00000000e+00 3.06000000e+01 3.62158764e+00 3.06000000e+01 -6.02571034e+00
 3.09000000e+01 0.00000000e+00 3.09000000e+01 3.15599228e+00 3.09000000e+01 -6.47740360e+00
 3.12000000e+01 0.00000000e+00 3.12000000e+01 3.13792988e+00 3.12000000e+01 -6.30086231e+00
 3.15000000e+01 0.00000000e+00 3.15000000e+01 3.62204968e+00 3.15000000e+01 -5.60701036e+00
 3.18000000e+01 0.00000000e+00 3.18000000e+01 3.30812844e+00 3.18000000e+01 -6.58219850e+00
 3.21000000e+01 0.00000000e+00 3.21000000e+01 3.05157879e+00 3.21000000e+01 -6.12355371e+00
 3.24000000e+01 0.00000000e+00 3.24000000e+01 3.98462161e+00 3.24000000e+01 -5.84974848e+00
 3.27000000e+01 0.00000000e+00 3.27000000e+01 3.20894945e+00 3.27000000e+01 -5.64768698e+00
 3.30000000e+01 0.00000000e+00 3.30000000e+01 3.68068693e+00 3.30000000e+01 -5.71936274e+00
 3.33000000e+01 0.00000000e+00 3.33000000e+01 3.64076013e+00 3.33000000e+01 -5.96068715e+00
 3.36000000e+01 0.00000000e+00 3.36000000e+01 3.40062063e+00 3.36000000e+01 -5.21026555e+00
 3.39000000e+01 0.00000000e+00 3.39000000e+01 3.84709890e+00 3.39000000e+01 -5.98529483e+00
 3.42000000e+01 0.00000000e+00 3.42000000e+01 2.97881671e+00 3.42000000e+01 -6.15813425e+00
 3.45000000e+01 0.00000000e+00 3.45000000e+01 3.25049443e+00 3.45000000e+01 -5.89196942e+00
 3.48000000e+01 0.00000000e+00 3.48000000e+01 3.33576132e+00 3.48000000e+01 -5.99475753e+00
 3.51000000e+01 0.00000000e+00 3.51000000e+01 5.61772501e+00 3.51000000e+01 5.54370441e-01
 3.54000000e+01 0.00000000e+00 3.54000000e+01 4.95050824e+00 3.54000000e+01 -3.90951011e-01
 3.57000000e+01 0.00000000e+00 3.57000000e+01 5.33917586e+00 3.57000000e+01 6.93846161e-01
 3.60000000e+01 0.00000000e+00 3.60000000e+01 5.38786776e+00 3.60000000e+01 1.82110045e-01
 3.63000000e+01 0.00000000e+00 3.63000000e+01 5.36365197e+00 3.63000000e+01 -3.55063096e-01
 3.66000000e+01 0.00000000e+00 3.66000000e+01 5.48703481e+00 3.66000000e+01 8.10357669e-02
 3.69000000e+01 0.00000000e+00 3.69000000e+01 5.04013842e+00 3.69000000e+01 -4.52168272e-01
 3.72000000e+01 0.00000000e+00 3.72000000e+01 5.22781547e+00 3.72000000e+01 -9.28750272e-03
 3.75000000e+01 0.00000000e+00 3.75000000e+01 5.23917126e+00 3.75000000e+01 1.04715534e-01
 3.78000000e+01 0.00000000e+00 3.78000000e+01 5.77128261e+00 3.78000000e+01 5.26560019e-01
 3.81000000e+01 0.00000000e+00 3.81000000e+01 5.58809330e+00 3.81000000e+01 2.97178228e-01
 3.84000000e+01 0.00000000e+00 3.84000000e+01 4.96010194e+00 3.84000000e+01 6.97368263e-01
 3.87000000e+01 0.00000000e+00 3.87000000e+01 4.57752180e+00 3.87000000e+01 4.43187798e-01
 3.90000000e+01 0.00000000e+00 3.90000000e+01 5.06927655e+00 3.90000000e+01 7.60418224e-01
 3.93000000e+01 0.00000000e+00 3.93000000e+01 4.85428187e+00 3.93000000e+01 4.57648764e-01
 3.96000000e+01 0.00000000e+00 3.96000000e+01 5.15617851e+00 3.96000000e+01 3.87669156e-01
 3.99000000e+01 0.00000000e+00 3.99000000e+01 5.52272679e+00 3.99000000e+01 4.90847119e-01
 4.02000000e+01 0.00000000e+00 4.02000000e+01 3.81168471e+00 4.02000000e+01 -1.10366200e+00
 4.05000000e+01 0.00000000e+00 4.05000000e+01 3.86277359e+00 4.05000000e+01 -1.43850650e+00
 4.08000000e+01 0.00000000e+00 4.08000000e+01 4.31017864e+00 4.08000000e+01 -1.35059711e+00
 4.11000000e+01 0.00000000e+00 4.11000000e+01 4.39701579e+00 4.11000000e+01 -1.29074168e+00
 4.14000000e+01 0.00000000e+00 4.14000000e+01 3.68099592e+00 4.14000000e+01 -8.05702040e-01
 4.17000000e+01 0.00000000e+00 4.17000000e+01 4.27310025e+00 4.17000000e+01 -7.09615354e-01
 4.20000000e+01 0.00000000e+00 4.20000000e+01 3.93625522e+00 4.20000000e+01 -1.30192415e+00
 4.23000000e+01 0.00000000e+00 4.23000000e+01 4.44352636e+00 4.23000000e+01 -9.02485858e-01
 4.26000000e+01 0.00000000e+00 4.26000000e+01 4.41152558e+00 4.26000000e+01 -9.95830171e-01
 4.29000000e+01 0.00000000e+00 4.29000000e+01 4.04362869e+00 4.29000000e+01 -1.22315361e+00
 4.32000000e+01 0.00000000e+00 4.32000000e+01 3.57737425e+00 4.32000000e+01 -1.02740700e+00
 4.35000000e+01 0.00000000e+00 4.35000000e+01 3.68096556e+00 4.35000000e+01 -1.61091334e+00
 4.38000000e+01 0.00000000e+00 4.38000000e+01 3.96749230e+00 4.38000000e+01 -8.40707776e-01
 4.41000000e+01 0.00000000e+00 4.41000000e+01 3.78166900e+00 4.41000000e+01 -5.55373948e-01
 4.44000000e+01 0.00000000e+00 4.44000000e+01 4.11673008e+00 4.44000000e+01 -1.31249690e+00
 4.47000000e+01 0.00000000e+00 4.47000000e+01 4.02964476e+00 4.47000000e+01 -8.28604414e-01
 4.50000000e+01 0.00000000e+00 4.50000000e+01 3.99156602e+00 4.50000000e+01 -1.17648715e+00
 4.53000000e+01 0.00000000e+00 4.53000000e+01 4.13902534e+00 4.53000000e+01 -8.81014607e-01
 4.56000000e+01 0.00000000e+00 4.56000000e+01 4.04855040e+00 4.56000000e+01 -1.66058970e+00
 4.59000000e+01 0.00000000e+00 4.59000000e+01 4.30928549e+00 4.59000000e+01 -1.25225855e+00
 4.62000000e+01 0.00000000e+00 4.62000000e+01 3.75342598e+00 4.62000000e+01 -7.36195244e-01
 4.65000000e+01 0.00000000e+00 4.65000000e+01 3.98844716e+00 4.65000000e+01 -1.40778182e+00
 4.68000000e+01 0.00000000e+00 4.68000000e+01 3.82443518e+00 4.68000000e+01 -1.18749312e+00
 4.71000000e+01 0.00000000e+00 4.71000000e+01 3.94884092e+00 4.71000000e+01 -1.35966860e+00
 4.74000000e+01 0.00000000e+00 4.74000000e+01 3.98698046e+00 4.74000000e+01 -1.28586729e+00
 4.77000000e+01 0.00000000e+00 4.77000000e+01 4.16911030e+00 4.77000000e+01 -1.55376878e+00
 4.80000000e+01 0.00000000e+00 4.80000000e+01 3.73361591e+00 4.80000000e+01 -8.96130404e-01
 4.83000000e+01 0.00000000e+00 4.83000000e+01 3.89311644e+00 4.83000000e+01 -9.84798551e-01
 4.86000000e+01 0.00000000e+00 4.86000000e+01 4.13152213e+00 4.86000000e+01 -1.03541695e+00
 4.89000000e+01 0.00000000e+00 4.89000000e+01 4.14384886e+00 4.89000000e+01 -1.14117873e+00
 4.92000000e+01 0.00000000e+00 4.92000000e+01 4.00095619e+00 4.92000000e+01 -8.28862915e-01
 4.95000000e+01 0.00000000e+00 4.95000000e+01 3.89364493e+00 4.95000000e+01 -8.73725305e-01
 4.98000000e+01 0.00000000e+00 4.98000000e+01 4.04112625e+00 4.98000000e+01 -1.46037604e+00
 5.01000000e+01 0.00000000e+00 5.01000000e+01 3.52848001e+00 5.01000000e+01 -2.85696449e+00
 5.04000000e+01 0.00000000e+00 5.04000000e+01 3.13276963e+00 5.04000000e+01 -2.94617199e+00
 5.07000000e+01 0.00000000e+00 5.07000000e+01 3.47472393e+00 5.07000000e+01 -2.63854629e+00
 5.10000000e+01 0.00000000e+00 5.10000000e+01 3.71493024e+00 5.10000000e+01 -2.42608927e+00
 5.13000000e+01 0.00000000e+00 5.13000000e+01 3.16763929e+00 5.13000000e+01 -2.95930944e+00
 5.16000000e+01 0.00000000e+00 5.16000000e+01 3.53807701e+00 5.16000000e+01 -3.39592267e+00
 5.19000000e+01 0.00000000e+00 5.19000000e+01 3.75296932e+00 5.19000000e+01 -3.00025812e+00
 5.22000000e+01 0.00000000e+00 5.22000000e+01 3.52972725e+00 5.22000000e+01 -2.67785510e+00
 5.25000000e+01 0.00000000e+00 5.25000000e+01 3.53379789e+00 5.25000000e+01 -2.65224554e+00
 5.28000000e+01 0.00000000e+00 5.28000000e+01 3.53699191e+00 5.28000000e+01 -3.08140279e+00
 5.31000000e+01 0.00000000e+00 5.31000000e+01 3.67442390e+00 5.31000000e+01 -3.09752625e+00
 5.34000000e+01 0.00000000e+00 5.34000000e+01 3.71420726e+00 5.34000000e+01 -3.15958208e+00
 5.37000000e+01 0.00000000e+00 5.37000000e+01 3.48735448e+00 5.37000000e+01 -2.12940577e+00
 5.40000000e+01 0.00000000e+00 5.40000000e+01 3.13392332e+00 5.40000000e+01 -3.00216766e+00
 5.43000000e+01 0.00000000e+00 5.43000000e+01 3.67002942e+00 5.43000000e+01 -2.80454775e+00
 5.46000000e+01 0.00000000e+00 5.46000000e+01 3.10828813e+00 5.46000000e+01 -2.76372291e+00
 5.49000000e+01 0.00000000e+00 5.49000000e+01 3.10374952e+00 5.49000000e+01 -3.40385465e+00
 5.52000000e+01 0.00000000e+00 5.52000000e+01 5.89168850e+00 5.52000000e+01 -3.26761106e+00
 5.55000000e+01 0.00000000e+00 5.55000000e+01 5.93988170e+00 5.55000000e+01 -2.47798117e+00
 5.58000000e+01 0.00000000e+00 5.58000000e+01 5.89965473e+00 5.58000000e+01 -2.56880324e+00
 5.61000000e+01 0.00000000e+00 5.61000000e+01 6.19969121e+00 5.61000000e+01 -2.69692269e+00
 5.64000000e+01 0.00000000e+00 5.64000000e+01 6.39681280e+00 5.64000000e+01 -3.98504275e+00
 5.67000000e+01 0.00000000e+00 5.67000000e+01 6.19467025e+00 5.67000000e+01 -3.06219781e+00
 5.70000000e+01 0.00000000e+00 5.70000000e+01 6.02611028e+00 5.70000000e+01 -3.21694684e+00
 5.73000000e+01 0.00000000e+00 5.73000000e+01 5.44923978e+00 5.73000000e+01 -3.45909425e+00
 5.76000000e+01 0.00000000e+00 5.76000000e+01 6.29508589e+00 5.76000000e+01 -3.17055510e+00
 5.79000000e+01 0.00000000e+00 5.79000000e+01 6.26484412e+00 5.79000000e+01 -3.32162143e+00
 5.82000000e+01 0.00000000e+00 5.82000000e+01 6.15919646e+00 5.82000000e+01 -2.79924894e+00
 5.85000000e+01 0.00000000e+00 5.85000000e+01 6.18180845e+00 5.85000000e+01 -3.01977588e+00
 5.88000000e+01 0.00000000e+00 5.88000000e+01 6.50670877e+00 5.88000000e+01 -3.09532893e+00
 5.91000000e+01 0.00000000e+00 5.91000000e+01 5.58312923e+00 5.91000000e+01 -3.30832770e+00
 5.94000000e+01 0.00000000e+00 5.94000000e+01 5.65398538e+00 5.94000000e+01 -3.23438574e+00
 5.97000000e+01 0.00000000e+00 5.97000000e+01 6.18442233e+00 5.97000000e+01 -2.94522594e+00
