 0.00000000e+00 0.00000000e+00 0.00000000e+00 7.96590745e+00 0.00000000e+00 -5.05929401e+00
 3.00000000e-01 0.00000000e+00 3.00000000e-01 6.88758909e+00 3.00000000e-01 -4.79826451e+00
 6.00000000e-01 0.00000000e+00 6.00000000e-01 7.52879507e+00 6.00000000e-01 -5.02867141e+00
 9.00000000e-01 0.00000000e+00 9.00000000e-01 7.34919485e+00 9.00000000e-01 -5.48453052e+00
 1.20000000e+00 0.00000000e+00 1.20000000e+00 7.92820191e+00 1.20000000e+00 -5.53403461e+00
 1.50000000e+00 0.00000000e+00 1.50000000e+00 7.40330600e+00 1.50000000e+00 -5.11814345e+00
 1.80000000e+00 0.00000000e+00 1.80000000e+00 7.36155608e+00 1.80000000e+00 -5.45838342e+00
 2.10000000e+00 0.00000000e+00 2.10000000e+00 8.11104261e+00 2.10000000e+00 -5.32203985e+00
 2.40000000e+00 0.00000000e+00 2.40000000e+00 7.74659558e+00 2.40000000e+00 -5.15639113e+00
 2.70000000e+00 0.00000000e+00 2.70000000e+00 8.03142528e+00 2.70000000e+00 -5.51980903e+00
 3.00000000e+00 0.00000000e+00 3.00000000e+00 7.62790218e+00 3.00000000e+00 -5.23033971e+00
 3.30000000e+00 0.00000000e+00 3.30000000e+00 7.63782664e+00 3.30000000e+00 -5.27816015e+00
 3.60000000e+00 0.00000000e+00 3.60000000e+00 7.61603543e+00 3.60000000e+00 -5.23195764e+00
 3.90000000e+00 0.00000000e+00 3.90000000e+00 7.03964089e+00 3.90000000e+00 -5.45501238e+00
 4.20000000e+00 0.00000000e+00 4.20000000e+00 7.00789366e+00 4.20000000e+00 -5.67974371e+00
 4.50000000e+00 0.00000000e+00 4.50000000e+00 8.09528254e+00 4.50000000e+00 -5.73141859e+00
 4.80000000e+00 0.00000000e+00 4.80000000e+00 7.49268737e+00 4.80000000e+00 -5.55838492e+00
 5.10000000e+00 0.00000000e+00 5.10000000e+00 7.74282730e+00 5.10000000e+00 -5.80921205e+00
 5.40000000e+00 0.00000000e+00 5.40000000e+00 7.87998622e+00 5.40000000e+00 -4.95124020e+00
 5.70000000e+00 0.00000000e+00 5.70000000e+00 8.13812593e+00 5.70000000e+00 -4.90502023e+00
 6.00000000e+00 0.00000000e+00 6.00000000e+00 7.69542806e+00 6.00000000e+00 -5.64511764e+00
 6.30000000e+00 0.00000000e+00 6.30000000e+00 7.74338561e+00 6.30000000e+00 -4.93496844e+00
 6.60000000e+00 0.00000000e+00 6.60000000e+00 7.49477396e+00 6.60000000e+00 -5.00024232e+00
 6.90000000e+00 0.00000000e+00 6.90000000e+00 7.76997898e+00 6.90000000e+00 -5.20365845e+00
 7.20000000e+00 0.00000000e+00 7.20000000e+00 7.37385929e+00 7.20000000e+00 -5.30907471e+00
 7.50000000e+00 0.00000000e+00 7.50000000e+00 7.89496417e+00 7.50000000e+00 -5.28124822e+00
 7.80000000e+00 0.00000000e+00 7.80000000e+00 7.89994308e+00 7.80000000e+00 -5.17584415e+00
 8.10000000e+00 0.00000000e+00 8.10000000e+00 8.41289067e+00 8.10000000e+00 -5.55797841e+00
 8.40000000e+00 0.00000000e+00 8.40000000e+00 8.03462632e+00 8.40000000e+00 -5.06427813e+00
 8.70000000e+00 0.00000000e+00 8.70000000e+00 7.69134291e+00 8.70000000e+00 -5.69480150e+00
 9.00000000e+00 0.00000000e+00 9.00000000e+00 7.51819120e+00 9.00000000e+00 -5.36300438e+00
 9.30000000e+00 0.00000000e+00 9.30000000e+00 7.84951994e+00 9.30000000e+00 -5.45003674e+00
 9.60000000e+00 0.00000000e+00 9.60000000e+00 8.32555064e+00 9.60000000e+00 -5.07002588e+00
 9.90000000e+00 0.00000000e+00 9.90000000e+00 7.81691707e+00 9.90000000e+00 -4.97366881e+00
 1.02000000e+01 0.00000000e+00 1.02000000e+01 7.99120297e+00 1.02000000e+01 -5.01106308e+00
 1.05000000e+01 0.00000000e+00 1.05000000e+01 7.91115039e+00 1.05000000e+01 -4.93134826e+00
 1.08000000e+01 0.00000000e+00 1.08000000e+01 7.23070534e+00 1.08000000e+01 -4.99542065e+00
 1.11000000e+01 0.00000000e+00 1.11000000e+01 7.77646813e+00 1.11000000e+01 -5.56471490e+00
 1.14000000e+01 0.00000000e+00 1.14000000e+01 7.80211794e+00 1.14000000e+01 -5.20751068e+00
 1.17000000e+01 0.00000000e+00 1.17000000e+01 7.26272427e+00 1.17000000e+01 -5.74097086e+00
 1.20000000e+01 0.00000000e+00 1.20000000e+01 8.13853082e+00 1.20000000e+01 -5.45655307e+00
 1.23000000e+01 0.00000000e+00 1.23000000e+01 7.04255642e+00 1.23000000e+01 -5.42934984e+00
 1.26000000e+01 0.00000000e+00 1.26000000e+01 8.02474046e+00 1.26000000e+01 -4.89999559e+00
 1.29000000e+01 0.00000000e+00 1.29000000e+01 7.87672859e+00 1.29000000e+01 -5.19675924e+00
 1.32000000e+01 0.00000000e+00 1.32000000e+01 7.97780665e+00 1.32000000e+01 -5.23500820e+00
 1.35000000e+01 0.00000000e+00 1.35000000e+01 7.64671845e+00 1.35000000e+01 -5.54103853e+00
 1.38000000e+01 0.00000000e+00 1.38000000e+01 7.31718482e+00 1.38000000e+01 -5.13379931e+00
 1.41000000e+01 0.00000000e+00 1.41000000e+01 7.73223022e+00 1.41000000e+01 -5.34692582e+00
 1.44000000e+01 0.00000000e+00 1.44000000e+01 7.77118515e+00 1.44000000e+01 -5.02873143e+00
 1.47000000e+01 0.00000000e+00 1.47000000e+01 7.60341478e+00 1.47000000e+01 -5.64128475e+00
 1.50000000e+01 0.00000000e+00 1.50000000e+01 7.42510957e+00 1.50000000e+01 -5.15658822e+00
 1.53000000e+01 0.00000000e+00 1.53000000e+01 2.46197455e+00 1.53000000e+01 -4.21978734e+00
 1.56000000e+01 0.00000000e+00 1.56000000e+01 2.73316295e+00 1.56000000e+01 -4.43067002e+00
 1.59000000e+01 0.00000000e+00 1.59000000e+01 2.05564175e+00 1.59000000e+01 -4.25205551e+00
 1.62000000e+01 0.00000000e+00 1.62000000e+01 1.52957355e+00 1.62000000e+01 -4.60718403e+00
 1.65000000e+01 0.00000000e+00 1.65000000e+01 2.20199362e+00 1.65000000e+01 -4.99901844e+00
 1.68000000e+01 0.00000000e+00 1.68000000e+01 2.20925975e+00 1.68000000e+01 -4.23131249e+00
 1.71000000e+01 0.00000000e+00 1.71000000e+01 2.42050746e+00 1.71000000e+01 -4.84717906e+00
 1.74000000e+01 0.00000000e+00 1.74000000e+01 2.59956787e+00 1.74000000e+01 -4.27308131e+00
 1.77000000e+01 0.00000000e+00 1.77000000e+01 2.42090067e+00 1.77000000e+01 -4.54783674e+00
 1.80000000e+01 0.00000000e+00 1.80000000e+01 2.96409279e+00 1.80000000e+01 -4.12880516e+00
 1.83000000e+01 0.00000000e+00 1.83000000e+01 2.63470219e+00 1.83000000e+01 -4.59245003e+00
 1.86000000e+01 0.00000000e+00 1.86000000e+01 3.01772115e+00 1.86000000e+01 -4.40520788e+00
 1.89000000e+01 0.00000000e+00 1.89000000e+01 2.59280612e+00 1.89000000e+01 -5.21649664e+00
 1.92000000e+01 0.00000000e+00 1.92000000e+01 2.32214433e+00 1.92000000e+01 -4.39977127e+00
 1.95000000e+01 0.00000000e+00 1.95000000e+01 2.51460930e+00 1.95000000e+01 -4.36287547e+00
 1.98000000e+01 0.00000000e+00 1.98000000e+01 2.36537529e+00 1.98000000e+01 -4.34031912e+00
 2.01000000e+01 0.00000000e+00 2.01000000e+01 2.88638308e+00 2.01000000e+01 -4.35782758e+00
 2.04000000e+01 0.00000000e+00 2.04000000e+01 2.53590424e+00 2.04000000e+01 -4.72799061e+00
 2.07000000e+01 0.00000000e+00 2.07000000e+01 2.70739527e+00 2.07000000e+01 -4.46294853e+00
 2.10000000e+01 0.00000000e+00 2.10000000e+01 2.26528894e+00 2.10000000e+01 -4.79929887e+00
 2.13000000e+01 0.00000000e+00 2.13000000e+01 2.38252743e+00 2.13000000e+01 -4.64350999e+00
 2.16000000e+01 0.00000000e+00 2.16000000e+01 2.78575454e+00 2.16000000e+01 -4.06479357e+00
 2.19000000e+01 0.00000000e+00 2.19000000e+01 2.38642259e+00 2.19000000e+01 -4.28420382e+00
 2.22000000e+01 0.00000000e+00 2.22000000e+01 2.60176482e+00 2.22000000e+01 -4.77946897e+00
 2.25000000e+01 0.00000000e+00 2.25000000e+01 2.71975655e+00 2.25000000e+01 -4.77208426e+00
 2.28000000e+01 0.00000000e+00 2.28000000e+01 2.06839232e+00 2.28000000e+01 -4.40525540e+00
 2.31000000e+01 0.00000000e+00 2.31000000e+01 2.66726422e+00 2.31000000e+01 -4.40568657e+00
 2.34000000e+01 0.00000000e+00 2.34000000e+01 2.29402202e+00 2.34000000e+01 -4.40582730e+00
 2.37000000e+01 0.00000000e+00 2.37000000e+01 1.89902699e+00 2.37000000e+01 -3.92377656e+00
 2.40000000e+01 0.00000000e+00 2.40000000e+01 2.50308060e+00 2.40000000e+01 -4.95201012e+00
 2.43000000e+01 0.00000000e+00 2.43000000e+01 2.66454601e+00 2.43000000e+01 -4.46852014e+00
 2.46000000e+01 0.00000000e+00 2.46000000e+01 2.26302204e+00 2.46000000e+01 -4.37854439e+00
 2.49000000e+01 0.00000000e+00 2.49000000e+01 2.81991540e+00 2.49000000e+01 -4.32347179e+00
 2.52000000e+01 0.00000000e+00 2.52000000e+01 2.66243321e+00 2.52000000e+01 -4.02569082e+00
 2.55000000e+01 0.00000000e+00 2.55000000e+01 2.80708156e+00 2.55000000e+01 -4.41677507e+00
 2.58000000e+01 0.00000000e+00 2.58000000e+01 1.70027114e+00 2.58000000e+01 -4.09031980e+00
 2.61000000e+01 0.00000000e+00 2.61000000e+01 2.46163880e+00 2.61000000e+01 -4.49015018e+00
 2.64000000e+01 0.00000000e+00 2.64000000e+01 2.37307654e+00 2.64000000e+01 -3.43165308e+00
 2.67000000e+01 0.00000000e+00 2.67000000e+01 2.19688879e+00 2.67000000e+01 -4.22256642e+00
 2.70000000e+01 0.00000000e+00 2.70000000e+01 2.30623115e+00 2.70000000e+01 -4.02717185e+00
 2.73000000e+01 0.00000000e+00 2.73000000e+01 1.70884545e+00 2.73000000e+01 -3.96564162e+00
 2.76000000e+01 0.00000000e+00 2.76000000e+01 2.42081303e+00 2.76000000e+01 -4.22932407e+00
 2.79000000e+01 0.00000000e+00 2.79000000e+01 2.59967027e+00 2.79000000e+01 -3.51272136e+00
 2.82000000e+01 0.00000000e+00 2.82000000e+01 2.56223423e+00 2.82000000e+01 -3.84684424e+00
 2.85000000e+01 0.00000000e+00 2.85000000e+01 2.95361446e+00 2.85000000e+01 -3.92699015e+00
 2.88000000e+01 0.00000000e+00 2.88000000e+01 2.50029390e+00 2.88000000e+01 -4.11660260e+00
 2.91000000e+01 0.00000000e+00 2.91000000e+01 2.18557046e+00 2.91000000e+01 -3.86198525e+00
 2.94000000e+01 0.00000000e+00 2.94000000e+01 3.07235741e+00 2.94000000e+01 -4.21793120e+00
 2.97000000e+01 0.00000000e+00 2.97000000e+01 2.49628130e+00 2.97000000e+01 -3.97628619e+00
 3.00000000e+01 0.00000000e+00 3.00000000e+01 2.35179053e+00 3.00000000e+01 -3.76333775e+00
 3.03000000e+01 0.00000000e+00 3.03000000e+01 2.48574475e+00 3.03000000e+01 -3.89500612e+00
 3.06000000e+01 0.00000000e+00 3.06000000e+01 3.11172662e+00 3.06000000e+01 -3.93703475e+00
 3.09000000e+01 0.00000000e+00 3.09000000e+01 2.46643630e+00 3.09000000e+01 -4.25026984e+00
 3.12000000e+01 0.00000000e+00 3.12000000e+01 2.11919256e+00 3.12000000e+01 -4.12940402e+00
 3.15000000e+01 0.00000000e+00 3.15000000e+01 2.49714726e+00 3.15000000e+01 -4.22147448e+00
 3.18000000e+01 0.00000000e+00 3.18000000e+01 2.71280957e+00 3.18000000e+01 -4.35818205e+00
 3.21000000e+01 0.00000000e+00 3.21000000e+01 2.49404997e+00 3.21000000e+01 -3.76710306e+00
 3.24000000e+01 0.00000000e+00 3.24000000e+01 2.38447771e+00 3.24000000e+01 -3.80717901e+00
 3.27000000e+01 0.00000000e+00 3.27000000e+01 2.05081985e+00 3.27000000e+01 -3.83344160e+00
 3.30000000e+01 0.00000000e+00 3.30000000e+01 2.14428445e+00 3.30000000e+01 -3.43408593e+00
 3.33000000e+01 0.00000000e+00 3.33000000e+01 2.44515903e+00 3.33000000e+01 -3.66595758e+00
 3.36000000e+01 0.00000000e+00 3.36000000e+01 2.49028305e+00 3.36000000e+01 -3.80190225e+00
 3.39000000e+01 0.00000000e+00 3.39000000e+01 2.29247454e+00 3.39000000e+01 -4.24375590e+00
 3.42000000e+01 0.00000000e+00 3.42000000e+01 2.16835009e+00 3.42000000e+01 -3.94088951e+00
 3.45000000e+01 0.00000000e+00 3.45000000e+01 2.77302966e+00 3.45000000e+01 -4.11744236e+00
 3.48000000e+01 0.00000000e+00 3.48000000e+01 1.70951461e+00 3.48000000e+01 -4.19269058e+00
 3.51000000e+01 0.00000000e+00 3.51000000e+01 2.95214729e+00 3.51000000e+01 -2.00002179e+00
 3.54000000e+01 0.00000000e+00 3.54000000e+01 3.48968579e+00 3.54000000e+01 -2.28507995e+00
 3.57000000e+01 0.00000000e+00 3.57000000e+01 3.12048073e+00 3.57000000e+01 -2.71198299e+00
 3.60000000e+01 0.00000000e+00 3.60000000e+01 3.29092472e+00 3.60000000e+01 -2.58415200e+00
 3.63000000e+01 0.00000000e+00 3.63000000e+01 3.78880642e+00 3.63000000e+01 -2.50855201e+00
 3.66000000e+01 0.00000000e+00 3.66000000e+01 3.50079459e+00 3.66000000e+01 -2.68779567e+00
 3.69000000e+01 0.00000000e+00 3.69000000e+01 3.15869381e+00 3.69000000e+01 -2.41208796e+00
 3.72000000e+01 0.00000000e+00 3.72000000e+01 3.05337717e+00 3.72000000e+01 -3.14038931e+00
 3.75000000e+01 0.00000000e+00 3.75000000e+01 3.90930809e+00 3.75000000e+01 -2.36340733e+00
 3.78000000e+01 0.00000000e+00 3.78000000e+01 3.53598665e+00 3.78000000e+01 -3.07874764e+00
 3.81000000e+01 0.00000000e+00 3.81000000e+01 3.44485445e+00 3.81000000e+01 -2.57453136e+00
 3.84000000e+01 0.00000000e+00 3.84000000e+01 3.71600389e+00 3.84000000e+01 -2.57893350e+00
 3.87000000e+01 0.00000000e+00 3.87000000e+01 3.85880688e+00 3.87000000e+01 -2.37303288e+00
 3.90000000e+01 0.00000000e+00 3.90000000e+01 3.22191582e+00 3.90000000e+01 -2.50183539e+00
 3.93000000e+01 0.00000000e+00 3.93000000e+01 3.91974353e+00 3.93000000e+01 -2.54011716e+00
 3.96000000e+01 0.00000000e+00 3.96000000e+01 3.95543415e+00 3.96000000e+01 -2.34820138e+00
 3.99000000e+01 0.00000000e+00 3.99000000e+01 3.53349020e+00 3.99000000e+01 -2.41403489e+00
 4.02000000e+01 0.00000000e+00 4.02000000e+01 3.55728585e+00 4.02000000e+01 -1.35514918e+00
 4.05000000e+01 0.00000000e+00 4.05000000e+01 4.28137704e+00 4.05000000e+01 -1.23929330e+00
 4.08000000e+01 0.00000000e+00 4.08000000e+01 3.92290926e+00 4.08000000e+01 -1.43017092e+00
 4.11000000e+01 0.00000000e+00 4.11000000e+01 3.90767367e+00 4.11000000e+01 -1.58992587e+00
 4.14000000e+01 0.00000000e+00 4.14000000e+01 3.86262625e+00 4.14000000e+01 -1.93072090e+00
 4.17000000e+01 0.00000000e+00 4.17000000e+01 3.74186451e+00 4.17000000e+01 -1.43745841e+00
 4.20000000e+01 0.00000000e+00 4.20000000e+01 3.64375610e+00 4.20000000e+01 -1.37823740e+00
 4.23000000e+01 0.00000000e+00 4.23000000e+01 3.60201945e+00 4.23000000e+01 -1.77613986e+00
 4.26000000e+01 0.00000000e+00 4.26000000e+01 3.53654005e+00 4.26000000e+01 -1.49240876e+00
 4.29000000e+01 0.00000000e+00 4.29000000e+01 4.45195944e+00 4.29000000e+01 -1.96057071e+00
 4.32000000e+01 0.00000000e+00 4.32000000e+01 4.21749588e+00 4.32000000e+01 -1.51208372e+00
 4.35000000e+01 0.00000000e+00 4.35000000e+01 3.75773364e+00 4.35000000e+01 -1.59296307e+00
 4.38000000e+01 0.00000000e+00 4.38000000e+01 3.92316764e+00 4.38000000e+01 -1.29788367e+00
 4.41000000e+01 0.00000000e+00 4.41000000e+01 4.45487383e+00 4.41000000e+01 -1.78085908e+00
 4.44000000e+01 0.00000000e+00 4.44000000e+01 4.17069012e+00 4.44000000e+01 -1.72762662e+00
 4.47000000e+01 0.00000000e+00 4.47000000e+01 4.05023496e+00 4.47000000e+01 -1.84798513e+00
 4.50000000e+01 0.00000000e+00 4.50000000e+01 4.35338967e+00 4.50000000e+01 -1.74196229e+00
 4.53000000e+01 0.00000000e+00 4.53000000e+01 4.25044218e+00 4.53000000e+01 -1.60361853e+00
 4.56000000e+01 0.00000000e+00 4.56000000e+01 3.43332625e+00 4.56000000e+01 -1.33052761e+00
 4.59000000e+01 0.00000000e+00 4.59000000e+01 3.96643433e+00 4.59000000e+01 -1.86510982e+00
 4.62000000e+01 0.00000000e+00 4.62000000e+01 4.10970534e+00 4.62000000e+01 -1.45711650e+00
 4.65000000e+01 0.00000000e+00 4.65000000e+01 3.82163578e+00 4.65000000e+01 -1.20607827e+00
 4.68000000e+01 0.00000000e+00 4.68000000e+01 4.26999121e+00 4.68000000e+01 -1.53365927e+00
 4.71000000e+01 0.00000000e+00 4.71000000e+01 4.10504077e+00 4.71000000e+01 -1.41099393e+00
 4.74000000e+01 0.00000000e+00 4.74000000e+01 4.23720966e+00 4.74000000e+01 -1.38412467e+00
 4.77000000e+01 0.00000000e+00 4.77000000e+01 4.34642750e+00 4.77000000e+01 -1.39764446e+00
 4.80000000e+01 0.00000000e+00 4.80000000e+01 3.98644849e+00 4.80000000e+01 -1.73424589e+00
 4.83000000e+01 0.00000000e+00 4.83000000e+01 4.01912994e+00 4.83000000e+01 -1.48166187e+00
 4.86000000e+01 0.00000000e+00 4.86000000e+01 3.55971607e+00 4.86000000e+01 -1.82476366e+00
 4.89000000e+01 0.00000000e+00 4.89000000e+01 4.05366789e+00 4.89000000e+01 -1.42925635e+00
 4.92000000e+01 0.00000000e+00 4.92000000e+01 3.30992287e+00 4.92000000e+01 -2.03998965e+00
 4.95000000e+01 0.00000000e+00 4.95000000e+01 4.29647748e+00 4.95000000e+01 -1.14458635e+00
 4.98000000e+01 0.00000000e+00 4.98000000e+01 4.06969067e+00 4.98000000e+01 -9.63890116e-01
 5.01000000e+01 0.00000000e+00 5.01000000e+01 3.98348088e+00 5.01000000e+01 -5.32693068e+00
 5.04000000e+01 0.00000000e+00 5.04000000e+01 3.82482449e+00 5.04000000e+01 -4.84360209e+00
 5.07000000e+01 0.00000000e+00 5.07000000e+01 4.23970874e+00 5.07000000e+01 -5.35642184e+00
 5.10000000e+01 0.00000000e+00 5.10000000e+01 3.78313427e+00 5.10000000e+01 -5.19889821e+00
 5.13000000e+01 0.00000000e+00 5.13000000e+01 3.88965136e+00 5.13000000e+01 -5.29611750e+00
 5.16000000e+01 0.00000000e+00 5.16000000e+01 3.67183235e+00 5.16000000e+01 -5.62290213e+00
 5.19000000e+01 0.00000000e+00 5.19000000e+01 4.83425983e+00 5.19000000e+01 -5.69965270e+00
 5.22000000e+01 0.00000000e+00 5.22000000e+01 4.10592067e+00 5.22000000e+01 -5.34934890e+00
 5.25000000e+01 0.00000000e+00 5.25000000e+01 3.86380056e+00 5.25000000e+01 -6.07852410e+00
 5.28000000e+01 0.00000000e+00 5.28000000e+01 4.15548855e+00 5.28000000e+01 -5.70137965e+00
 5.31000000e+01 0.00000000e+00 5.31000000e+01 4.40894471e+00 5.31000000e+01 -5.36241583e+00
 5.34000000e+01 0.00000000e+00 5.34000000e+01 4.47461519e+00 5.34000000e+01 -5.58807867e+00
 5.37000000e+01 0.00000000e+00 5.37000000e+01 3.71475820e+00 5.37000000e+01 -4.95931917e+00
 5.40000000e+01 0.00000000e+00 5.40000000e+01 4.09448040e+00 5.40000000e+01 -5.94879885e+00
 5.43000000e+01 0.00000000e+00 5.43000000e+01 4.39157372e+00 5.43000000e+01 -4.87564188e+00
 5.46000000e+01 0.00000000e+00 5.46000000e+01 4.18354725e+00 5.46000000e+01 -5.30937932e+00
 5.49000000e+01 0.00000000e+00 5.49000000e+01 3.98071136e+00 5.49000000e+01 -5.08838109e+00
 5.52000000e+01 0.00000000e+00 5.52000000e+01 7.99981370e+00 5.52000000e+01 -4.52625235e+00
 5.55000000e+01 0.00000000e+00 5.55000000e+01 8.11995442e+00 5.55000000e+01 -5.51919608e+00
 5.58000000e+01 0.00000000e+00 5.58000000e+01 8.18390138e+00 5.58000000e+01 -5.94724555e+00
 5.61000000e+01 0.00000000e+00 5.61000000e+01 7.10506159e+00 5.61000000e+01 -5.51509317e+00
 5.64000000e+01 0.00000000e+00 5.64000000e+01 7.31604408e+00 5.64000000e+01 -5.54573928e+00
 5.67000000e+01 0.00000000e+00 5.67000000e+01 8.08723752e+00 5.67000000e+01 -4.88935918e+00
 5.70000000e+01 0.00000000e+00 5.70000000e+01 7.66171784e+00 5.70000000e+01 -5.85450819e+00
 5.73000000e+01 0.00000000e+00 5.73000000e+01 8.25747080e+00 5.73000000e+01 -5.37491821e+00
 5.76000000e+01 0.00000000e+00 5.76000000e+01 7.90633453e+00 5.76000000e+01 -5.90686604e+00
 5.79000000e+01 0.00000000e+00 5.79000000e+01 7.18028975e+00 5.79000000e+01 -5.64320864e+00
 5.82000000e+01 0.00000000e+00 5.82000000e+01 8.22071350e+00 5.82000000e+01 -5.61231706e+00
 5.85000000e+01 0.00000000e+00 5.85000000e+01 7.81319708e+00 5.85000000e+01 -4.82286976e+00
 5.88000000e+01 0.00000000e+00 5.88000000e+01 7.65148166e+00 5.88000000e+01 -6.01544204e+00
 5.91000000e+01 0.00000000e+00 5.91000000e+01 7.73170862e+00 5.91000000e+01 -5.40757179e+00
 5.94000000e+01 0.00000000e+00 5.94000000e+01 7.44424349e+00 5.94000000e+01 -4.75854977e+00
 5.97000000e+01 0.00000000e+00 5.97000000e+01 7.64123644e+00 5.97000000e+01 -5.85913666e+00
