 0.00000000e+00 0.00000000e+00 0.00000000e+00 6.44253844e+00 0.00000000e+00 -5.87943542e+00
 3.00000000e-01 0.00000000e+00 3.00000000e-01 7.19569888e+00 3.00000000e-01 -6.96929093e+00
 6.00000000e-01 0.00000000e+00 6.00000000e-01 6.17257346e+00 6.00000000e-01 -6.83430719e+00
 9.00000000e-01 0.00000000e+00 9.00000000e-01 7.04134981e+00 9.00000000e-01 -6.92166038e+00
 1.20000000e+00 0.00000000e+00 1.20000000e+00 6.78335576e+00 1.20000000e+00 -6.66076489e+00
 1.50000000e+00 0.00000000e+00 1.50000000e+00 6.18559932e+00 1.50000000e+00 -6.77893352e+00
 1.80000000e+00 0.00000000e+00 1.80000000e+00 6.52737899e+00 1.80000000e+00 -6.90255031e+00
 2.10000000e+00 0.00000000e+00 2.10000000e+00 6.21305548e+00 2.10000000e+00 -6.79193247e+00
 2.40000000e+00 0.00000000e+00 2.40000000e+00 6.62792781e+00 2.40000000e+00 -6.74720979e+00
 2.70000000e+00 0.00000000e+00 2.70000000e+00 6.66827153e+00 2.70000000e+00 -6.90269499e+00
 3.00000000e+00 0.00000000e+00 3.00000000e+00 6.06182983e+00 3.00000000e+00 -7.11844324e+00
 3.30000000e+00 0.00000000e+00 3.30000000e+00 6.22420024e+00 3.30000000e+00 -6.82166002e+00
 3.60000000e+00 0.00000000e+00 3.60000000e+00 6.70908859e+00 3.60000000e+00 -6.79319299e+00
 3.90000000e+00 0.00000000e+00 3.90000000e+00 7.18023690e+00 3.90000000e+00 -6.82693818e+00
 4.20000000e+00 0.00000000e+00 4.20000000e+00 6.65608806e+00 4.20000000e+00 -6.50386826e+00
 4.50000000e+00 0.00000000e+00 4.50000000e+00 6.56028058e+00 4.50000000e+00 -6.61285278e+00
 4.80000000e+00 0.00000000e+00 4.80000000e+00 6.82080040e+00 4.80000000e+00 -6.56574120e+00
 5.10000000e+00 0.00000000e+00 5.10000000e+00 6.34919147e+00 5.10000000e+00 -6.48482306e+00
 5.40000000e+00 0.00000000e+00 5.40000000e+00 5.81060000e+00 5.40000000e+00 -6.69692484e+00
 5.70000000e+00 0.00000000e+00 5.70000000e+00 6.97021855e+00 5.70000000e+00 -6.75189554e+00
 6.00000000e+00 0.00000000e+00 6.00000000e+00 7.03279221e+00 6.00000000e+00 -6.86911136e+00
 6.30000000e+00 0.00000000e+00 6.30000000e+00 6.05244481e+00 6.30000000e+00 -6.88073760e+00
 6.60000000e+00 0.00000000e+00 6.60000000e+00 6.77518339e+00 6.60000000e+00 -6.90517979e+00
 6.90000000e+00 0.00000000e+00 6.90000000e+00 6.18812995e+00 6.90000000e+00 -5.79248716e+00
 7.20000000e+00 0.00000000e+00 7.20000000e+00 6.49018620e+00 7.20000000e+00 -5.99762631e+00
 7.50000000e+00 0.00000000e+00 7.50000000e+00 6.71842159e+00 7.50000000e+00 -7.09264189e+00
 7.80000000e+00 0.00000000e+00 7.80000000e+00 6.24843819e+00 7.80000000e+00 -6.71451786e+00
 8.10000000e+00 0.00000000e+00 8.10000000e+00 7.02284827e+00 8.10000000e+00 -7.32231901e+00
 8.40000000e+00 0.00000000e+00 8.40000000e+00 6.72229420e+00 8.40000000e+00 -6.79051445e+00
 8.70000000e+00 0.00000000e+00 8.70000000e+00 6.40754876e+00 8.70000000e+00 -6.15949445e+00
 9.00000000e+00 0.00000000e+00 9.00000000e+00 6.17902342e+00 9.00000000e+00 -6.60100857e+00
 9.30000000e+00 0.00000000e+00 9.30000000e+00 6.46807371e+00 9.30000000e+00 -6.74464887e+00
 9.60000000e+00 0.00000000e+00 9.60000000e+00 6.10808621e+00 9.60000000e+00 -6.50914387e+00
 9.90000000e+00 0.00000000e+00 9.90000000e+00 6.81623643e+00 9.90000000e+00 -6.36884427e+00
 1.02000000e+01 0.00000000e+00 1.02000000e+01 6.21892366e+00 1.02000000e+01 -6.90882898e+00
 1.05000000e+01 0.00000000e+00 1.05000000e+01 6.73452737e+00 1.05000000e+01 -6.56490654e+00
 1.08000000e+01 0.00000000e+00 1.08000000e+01 6.24583800e+00 1.08000000e+01 -6.57565461e+00
 1.11000000e+01 0.00000000e+00 1.11000000e+01 6.63183269e+00 1.11000000e+01 -6.59926758e+00
 1.14000000e+01 0.00000000e+00 1.14000000e+01 6.75233627e+00 1.14000000e+01 -6.67610250e+00
 1.17000000e+01 0.00000000e+00 1.17000000e+01 6.31446738e+00 1.17000000e+01 -7.19330696e+00
 1.20000000e+01 0.00000000e+00 1.20000000e+01 6.62352194e+00 1.20000000e+01 -6.98328421e+00
 1.23000000e+01 0.00000000e+00 1.23000000e+01 7.11976690e+00 1.23000000e+01 -6.61923049e+00
 1.26000000e+01 0.00000000e+00 1.26000000e+01 7.27601210e+00 1.26000000e+01 -6.20095327e+00
 1.29000000e+01 0.00000000e+00 1.29000000e+01 6.36961311e+00 1.29000000e+01 -5.87104273e+00
 1.32000000e+01 0.00000000e+00 1.32000000e+01 6.56922020e+00 1.32000000e+01 -6.37428713e+00
 1.35000000e+01 0.00000000e+00 1.35000000e+01 6.83920661e+00 1.35000000e+01 -6.20968932e+00
 1.38000000e+01 0.00000000e+00 1.38000000e+01 6.53032197e+00 1.38000000e+01 -6.83774670e+00
 1.41000000e+01 0.00000000e+00 1.41000000e+01 7.28515752e+00 1.41000000e+01 -6.48155749e+00
 1.44000000e+01 0.00000000e+00 1.44000000e+01 6.62352240e+00 1.44000000e+01 -6.77257450e+00
 1.47000000e+01 0.00000000e+00 1.47000000e+01 5.95917176e+00 1.47000000e+01 -6.16299055e+00
 1.50000000e+01 0.00000000e+00 1.50000000e+01 6.92805686e+00 1.50000000e+01 -7.13228552e+00
 1.53000000e+01 0.00000000e+00 1.53000000e+01 2.02882844e+00 1.53000000e+01 -5.82774526e+00
 1.56000000e+01 0.00000000e+00 1.56000000e+01 1.89475918e+00 1.56000000e+01 -5.89012043e+00
 1.59000000e+01 0.00000000e+00 1.59000000e+01 2.44764885e+00 1.59000000e+01 -5.65671124e+00
 1.62000000e+01 0.00000000e+00 1.62000000e+01 1.44189720e+00 1.62000000e+01 -6.31473745e+00
 1.65000000e+01 0.00000000e+00 1.65000000e+01 2.22973073e+00 1.65000000e+01 -5.91913025e+00
 1.68000000e+01 0.00000000e+00 1.68000000e+01 2.31964997e+00 1.68000000e+01 -5.57315590e+00
 1.71000000e+01 0.00000000e+00 1.71000000e+01 1.94068547e+00 1.71000000e+01 -5.45272380e+00
 1.74000000e+01 0.00000000e+00 1.74000000e+01 2.16010532e+00 1.74000000e+01 -6.04770836e+00
 1.77000000e+01 0.00000000e+00 1.77000000e+01 1.68832551e+00 1.77000000e+01 -6.09686552e+00
 1.80000000e+01 0.00000000e+00 1.80000000e+01 1.99817328e+00 1.80000000e+01 -6.05960974e+00
 1.83000000e+01 0.00000000e+00 1.83000000e+01 2.17187032e+00 1.83000000e+01 -6.03436768e+00
 1.86000000e+01 0.00000000e+00 1.86000000e+01 2.03683065e+00 1.86000000e+01 -5.32796197e+00
 1.89000000e+01 0.00000000e+00 1.89000000e+01 2.39356966e+00 1.89000000e+01 -5.43120503e+00
 1.92000000e+01 0.00000000e+00 1.92000000e+01 2.29183702e+00 1.92000000e+01 -5.68716458e+00
 1.95000000e+01 0.00000000e+00 1.95000000e+01 1.88775086e+00 1.95000000e+01 -5.75611550e+00
 1.98000000e+01 0.00000000e+00 1.98000000e+01 2.03610670e+00 1.98000000e+01 -6.02435455e+00
 2.01000000e+01 0.00000000e+00 2.01000000e+01 1.96779406e+00 2.01000000e+01 -6.13301533e+00
 2.04000000e+01 0.00000000e+00 2.04000000e+01 1.93660030e+00 2.04000000e+01 -5.89892046e+00
 2.07000000e+01 0.00000000e+00 2.07000000e+01 2.23471435e+00 2.07000000e+01 -5.76485103e+00
 2.10000000e+01 0.00000000e+00 2.10000000e+01 2.27225088e+00 2.10000000e+01 -6.22769585e+00
 2.13000000e+01 0.00000000e+00 2.13000000e+01 2.00658817e+00 2.13000000e+01 -5.65683695e+00
 2.16000000e+01 0.00000000e+00 2.16000000e+01 1.92208419e+00 2.16000000e+01 -6.23291858e+00
 2.19000000e+01 0.00000000e+00 2.19000000e+01 2.13840597e+00 2.19000000e+01 -5.70804026e+00
 2.22000000e+01 0.00000000e+00 2.22000000e+01 2.04128521e+00 2.22000000e+01 -5.65498174e+00
 2.25000000e+01 0.00000000e+00 2.25000000e+01 1.98901123e+00 2.25000000e+01 -5.03088791e+00
 2.28000000e+01 0.00000000e+00 2.28000000e+01 1.73523163e+00 2.28000000e+01 -5.46615125e+00
 2.31000000e+01 0.00000000e+00 2.31000000e+01 2.00187015e+00 2.31000000e+01 -5.58146175e+00
 2.34000000e+01 0.00000000e+00 2.34000000e+01 2.04432654e+00 2.34000000e+01 -5.38550803e+00
 2.37000000e+01 0.00000000e+00 2.37000000e+01 1.96767002e+00 2.37000000e+01 -5.92825407e+00
 2.40000000e+01 0.00000000e+00 2.40000000e+01 2.47391205e+00 2.40000000e+01 -5.32489124e+00
 2.43000000e+01 0.00000000e+00 2.43000000e+01 1.65608691e+00 2.43000000e+01 -6.55126020e+00
 2.46000000e+01 0.00000000e+00 2.46000000e+01 1.53402782e+00 2.46000000e+01 -5.84720119e+00
 2.49000000e+01 0.00000000e+00 2.49000000e+01 1.74354005e+00 2.49000000e+01 -5.96710492e+00
 2.52000000e+01 0.00000000e+00 2.52000000e+01 1.45676608e+00 2.52000000e+01 -5.56355517e+00
 2.55000000e+01 0.00000000e+00 2.55000000e+01 1.46630371e+00 2.55000000e+01 -5.73447115e+00
 2.58000000e+01 0.00000000e+00 2.58000000e+01 1.57204715e+00 2.58000000e+01 -5.10312471e+00
 2.61000000e+01 0.00000000e+00 2.61000000e+01 1.36151733e+00 2.61000000e+01 -5.90595304e+00
 2.64000000e+01 0.00000000e+00 2.64000000e+01 1.25683901e+00 2.64000000e+01 -5.29519384e+00
 2.67000000e+01 0.00000000e+00 2.67000000e+01 2.01966445e+00 2.67000000e+01 -6.33913480e+00
 2.70000000e+01 0.00000000e+00 2.70000000e+01 1.77787621e+00 2.70000000e+01 -5.62352299e+00
 2.73000000e+01 0.00000000e+00 2.73000000e+01 2.32571847e+00 2.73000000e+01 -5.55600518e+00
 2.76000000e+01 0.00000000e+00 2.76000000e+01 1.70497944e+00 2.76000000e+01 -5.45935346e+00
 2.79000000e+01 0.00000000e+00 2.79000000e+01 1.19023162e+00 2.79000000e+01 -5.66467383e+00
 2.82000000e+01 0.00000000e+00 2.82000000e+01 1.20397695e+00 2.82000000e+01 -6.27940751e+00
 2.85000000e+01 0.00000000e+00 2.85000000e+01 1.07205608e+00 2.85000000e+01 -5.38795924e+00
 2.88000000e+01 0.00000000e+00 2.88000000e+01 1.70333023e+00 2.88000000e+01 -5.86145050e+00
 2.91000000e+01 0.00000000e+00 2.91000000e+01 1.37383059e+00 2.91000000e+01 -5.99659066e+00
 2.94000000e+01 0.00000000e+00 2.94000000e+01 1.31639295e+00 2.94000000e+01 -5.87267574e+00
 2.97000000e+01 0.00000000e+00 2.97000000e+01 1.25647063e+00 2.97000000e+01 -4.86160328e+00
 3.00000000e+01 0.00000000e+00 3.00000000e+01 1.46264065e+00 3.00000000e+01 -5.75153213e+00
 3.03000000e+01 0.00000000e+00 3.03000000e+01 1.02259438e+00 3.03000000e+01 -5.51021878e+00
 3.06000000e+01 0.00000000e+00 3.06000000e+01 1.64311151e+00 3.06000000e+01 -5.50275199e+00
 3.09000000e+01 0.00000000e+00 3.09000000e+01 1.62770032e+00 3.09000000e+01 -5.73631453e+00
 3.12000000e+01 0.00000000e+00 3.12000000e+01 1.33580168e+00 3.12000000e+01 -5.57033484e+00
 3.15000000e+01 0.00000000e+00 3.15000000e+01 1.83351510e+00 3.15000000e+01 -5.65465616e+00
 3.18000000e+01 0.00000000e+00 3.18000000e+01 1.75766606e+00 3.18000000e+01 -5.63745253e+00
 3.21000000e+01 0.00000000e+00 3.21000000e+01 1.44467054e+00 3.21000000e+01 -5.76980316e+00
 3.24000000e+01 0.00000000e+00 3.24000000e+01 1.27648349e+00 3.24000000e+01 -5.12578202e+00
 3.27000000e+01 0.00000000e+00 3.27000000e+01 1.39737365e+00 3.27000000e+01 -6.16531326e+00
 3.30000000e+01 0.00000000e+00 3.30000000e+01 2.21834711e+00 3.30000000e+01 -5.98392548e+00
 3.33000000e+01 0.00000000e+00 3.33000000e+01 1.65351362e+00 3.33000000e+01 -5.48633766e+00
 3.36000000e+01 0.00000000e+00 3.36000000e+01 1.55084532e+00 3.36000000e+01 -5.78426689e+00
 3.39000000e+01 0.00000000e+00 3.39000000e+01 1.11612852e+00 3.39000000e+01 -5.67107185e+00
 3.42000000e+01 0.00000000e+00 3.42000000e+01 1.92312080e+00 3.42000000e+01 -6.23733616e+00
 3.45000000e+01 0.00000000e+00 3.45000000e+01 1.64703415e+00 3.45000000e+01 -5.88456410e+00
 3.48000000e+01 0.00000000e+00 3.48000000e+01 2.04612928e+00 3.48000000e+01 -5.95388667e+00
 3.51000000e+01 0.00000000e+00 3.51000000e+01 5.42703605e+00 3.51000000e+01 -1.04837585e+00
 3.54000000e+01 0.00000000e+00 3.54000000e+01 4.99623580e+00 3.54000000e+01 -1.28647736e+00
 3.57000000e+01 0.00000000e+00 3.57000000e+01 4.81807803e+00 3.57000000e+01 -1.15900618e+00
 3.60000000e+01 0.00000000e+00 3.60000000e+01 5.44289061e+00 3.60000000e+01 -1.29247451e+00
 3.63000000e+01 0.00000000e+00 3.63000000e+01 5.18046724e+00 3.63000000e+01 -1.08181125e+00
 3.66000000e+01 0.00000000e+00 3.66000000e+01 5.40109513e+00 3.66000000e+01 -1.38458520e+00
 3.69000000e+01 0.00000000e+00 3.69000000e+01 5.39709665e+00 3.69000000e+01 -1.81308371e+00
 3.72000000e+01 0.00000000e+00 3.72000000e+01 5.07862758e+00 3.72000000e+01 -1.07486111e+00
 3.75000000e+01 0.00000000e+00 3.75000000e+01 5.55513916e+00 3.75000000e+01 -1.47350978e+00
 3.78000000e+01 0.00000000e+00 3.78000000e+01 4.36288423e+00 3.78000000e+01 -1.07960273e+00
 3.81000000e+01 0.00000000e+00 3.81000000e+01 5.31195008e+00 3.81000000e+01 -1.29361941e+00
 3.84000000e+01 0.00000000e+00 3.84000000e+01 5.60286630e+00 3.84000000e+01 -1.33196696e+00
 3.87000000e+01 0.00000000e+00 3.87000000e+01 4.94901049e+00 3.87000000e+01 -1.11011679e+00
 3.90000000e+01 0.00000000e+00 3.90000000e+01 5.40397767e+00 3.90000000e+01 -1.19972873e+00
 3.93000000e+01 0.00000000e+00 3.93000000e+01 4.45798962e+00 3.93000000e+01 -1.82606316e+00
 3.96000000e+01 0.00000000e+00 3.96000000e+01 4.77057310e+00 3.96000000e+01 -1.69038587e+00
 3.99000000e+01 0.00000000e+00 3.99000000e+01 4.85302641e+00 3.99000000e+01 -1.10428046e+00
 4.02000000e+01 0.00000000e+00 4.02000000e+01 2.68836447e+00 4.02000000e+01 -2.12792005e+00
 4.05000000e+01 0.00000000e+00 4.05000000e+01 2.52918518e+00 4.05000000e+01 -1.99987285e+00
 4.08000000e+01 0.00000000e+00 4.08000000e+01 2.76973795e+00 4.08000000e+01 -2.18718133e+00
 4.11000000e+01 0.00000000e+00 4.11000000e+01 3.02662719e+00 4.11000000e+01 -1.83161531e+00
 4.14000000e+01 0.00000000e+00 4.14000000e+01 2.49917507e+00 4.14000000e+01 -1.45520454e+00
 4.17000000e+01 0.00000000e+00 4.17000000e+01 2.62024547e+00 4.17000000e+01 -1.71652959e+00
 4.20000000e+01 0.00000000e+00 4.20000000e+01 2.37493697e+00 4.20000000e+01 -2.65613655e+00
 4.23000000e+01 0.00000000e+00 4.23000000e+01 1.76097632e+00 4.23000000e+01 -7.85311476e-01
 4.26000000e+01 0.00000000e+00 4.26000000e+01 2.85143387e+00 4.26000000e+01 -1.71744112e+00
 4.29000000e+01 0.00000000e+00 4.29000000e+01 2.70289961e+00 4.29000000e+01 -2.24476473e+00
 4.32000000e+01 0.00000000e+00 4.32000000e+01 1.28291830e+00 4.32000000e+01 -1.50782900e+00
 4.35000000e+01 0.00000000e+00 4.35000000e+01 2.44655726e+00 4.35000000e+01 -1.53811955e+00
 4.38000000e+01 0.00000000e+00 4.38000000e+01 2.77805954e+00 4.38000000e+01 -2.01982207e+00
 4.41000000e+01 0.00000000e+00 4.41000000e+01 2.38181601e+00 4.41000000e+01 -1.26274963e+00
 4.44000000e+01 0.00000000e+00 4.44000000e+01 2.31608793e+00 4.44000000e+01 -1.62147021e+00
 4.47000000e+01 0.00000000e+00 4.47000000e+01 2.37728654e+00 4.47000000e+01 -1.47158026e+00
 4.50000000e+01 0.00000000e+00 4.50000000e+01 2.84005228e+00 4.50000000e+01 -1.50454073e+00
 4.53000000e+01 0.00000000e+00 4.53000000e+01 2.85653801e+00 4.53000000e+01 -2.02420316e+00
 4.56000000e+01 0.00000000e+00 4.56000000e+01 1.79083842e+00 4.56000000e+01 -1.74617345e+00
 4.59000000e+01 0.00000000e+00 4.59000000e+01 1.92542488e+00 4.59000000e+01 -1.21988963e+00
 4.62000000e+01 0.00000000e+00 4.62000000e+01 2.65778709e+00 4.62000000e+01 -2.04470685e+00
 4.65000000e+01 0.00000000e+00 4.65000000e+01 2.50558079e+00 4.65000000e+01 -2.01177883e+00
 4.68000000e+01 0.00000000e+00 4.68000000e+01 2.83405065e+00 4.68000000e+01 -2.28924884e+00
 4.71000000e+01 0.00000000e+00 4.71000000e+01 1.86428123e+00 4.71000000e+01 -1.09238261e+00
 4.74000000e+01 0.00000000e+00 4.74000000e+01 2.09057054e+00 4.74000000e+01 -2.27071460e+00
 4.77000000e+01 0.00000000e+00 4.77000000e+01 2.50377960e+00 4.77000000e+01 -2.01960524e+00
 4.80000000e+01 0.00000000e+00 4.80000000e+01 2.83310345e+00 4.80000000e+01 -1.74518968e+00
 4.83000000e+01 0.00000000e+00 4.83000000e+01 2.89664254e+00 4.83000000e+01 -1.48929752e+00
 4.86000000e+01 0.00000000e+00 4.86000000e+01 2.57406595e+00 4.86000000e+01 -1.18947318e+00
 4.89000000e+01 0.00000000e+00 4.89000000e+01 2.74688554e+00 4.89000000e+01 -1.27188559e+00
 4.92000000e+01 0.00000000e+00 4.92000000e+01 2.49734756e+00 4.92000000e+01 -1.72632208e+00
 4.95000000e+01 0.00000000e+00 4.95000000e+01 1.96972587e+00 4.95000000e+01 -1.79278130e+00
 4.98000000e+01 0.00000000e+00 4.98000000e+01 2.74623363e+00 4.98000000e+01 -1.25112450e+00
 5.01000000e+01 0.00000000e+00 5.01000000e+01 4.11863896e+00 5.01000000e+01 -2.58979248e+00
 5.04000000e+01 0.00000000e+00 5.04000000e+01 4.11816695e+00 5.04000000e+01 -2.08073541e+00
 5.07000000e+01 0.00000000e+00 5.07000000e+01 4.35356703e+00 5.07000000e+01 -2.73026241e+00
 5.10000000e+01 0.00000000e+00 5.10000000e+01 3.63938462e+00 5.10000000e+01 -2.17348267e+00
 5.13000000e+01 0.00000000e+00 5.13000000e+01 4.13451302e+00 5.13000000e+01 -2.82108393e+00
 5.16000000e+01 0.00000000e+00 5.16000000e+01 3.74882622e+00 5.16000000e+01 -2.40526797e+00
 5.19000000e+01 0.00000000e+00 5.19000000e+01 3.82022019e+00 5.19000000e+01 -2.14618754e+00
 5.22000000e+01 0.00000000e+00 5.22000000e+01 3.99868542e+00 5.22000000e+01 -2.44566913e+00
 5.25000000e+01 0.00000000e+00 5.25000000e+01 4.31311740e+00 5.25000000e+01 -2.24948232e+00
 5.28000000e+01 0.00000000e+00 5.28000000e+01 3.75342200e+00 5.28000000e+01 -1.63599521e+00
 5.31000000e+01 0.00000000e+00 5.31000000e+01 4.16189046e+00 5.31000000e+01 -2.87751040e+00
 5.34000000e+01 0.00000000e+00 5.34000000e+01 3.84745510e+00 5.34000000e+01 -2.60910868e+00
 5.37000000e+01 0.00000000e+00 5.37000000e+01 3.52696338e+00 5.37000000e+01 -2.81041098e+00
 5.40000000e+01 0.00000000e+00 5.40000000e+01 4.59863689e+00 5.40000000e+01 -2.63767088e+00
 5.43000000e+01 0.00000000e+00 5.43000000e+01 3.99929585e+00 5.43000000e+01 -1.61173851e+00
 5.46000000e+01 0.00000000e+00 5.46000000e+01 4.07069115e+00 5.46000000e+01 -2.40683311e+00
 5.49000000e+01 0.00000000e+00 5.49000000e+01 4.25695878e+00 5.49000000e+01 -2.11411236e+00
 5.52000000e+01 0.00000000e+00 5.52000000e+01 7.05785489e+00 5.52000000e+01 -6.77035628e+00
 5.55000000e+01 0.00000000e+00 5.55000000e+01 6.58717351e+00 5.55000000e+01 -6.86253909e+00
 5.58000000e+01 0.00000000e+00 5.58000000e+01 6.74255890e+00 5.58000000e+01 -6.26309564e+00
 5.61000000e+01 0.00000000e+00 5.61000000e+01 6.23697738e+00 5.61000000e+01 -6.72568830e+00
 5.64000000e+01 0.00000000e+00 5.64000000e+01 6.59903511e+00 5.64000000e+01 -6.09640393e+00
 5.67000000e+01 0.00000000e+00 5.67000000e+01 6.08324675e+00 5.67000000e+01 -7.09245358e+00
 5.70000000e+01 0.00000000e+00 5.70000000e+01 6.77420215e+00 5.70000000e+01 -6.39759741e+00
 5.73000000e+01 0.00000000e+00 5.73000000e+01 6.63047718e+00 5.73000000e+01 -6.71587560e+00
 5.76000000e+01 0.00000000e+00 5.76000000e+01 6.04391630e+00 5.76000000e+01 -6.73100826e+00
 5.79000000e+01 0.00000000e+00 5.79000000e+01 6.28343497e+00 5.79000000e+01 -6.89415332e+00
 5.82000000e+01 0.00000000e+00 5.82000000e+01 6.60490209e+00 5.82000000e+01 -6.33382845e+00
 5.85000000e+01 0.00000000e+00 5.85000000e+01 5.90863905e+00 5.85000000e+01 -6.72108255e+00
 5.88000000e+01 0.00000000e+00 5.88000000e+01 6.38135877e+00 5.88000000e+01 -6.28980076e+00
 5.91000000e+01 0.00000000e+00 5.91000000e+01 6.37165324e+00 5.91000000e+01 -6.53484757e+00
 5.94000000e+01 0.00000000e+00 5.94000000e+01 7.17349111e+00 5.94000000e+01 -6.77450501e+00
 5.97000000e+01 0.00000000e+00 5.97000000e+01 5.98299026e+00 5.97000000e+01 -6.50047112e+00
