 0.00000000e+00 0.00000000e+00 0.00000000e+00 6.56507179e+00 0.00000000e+00 -4.80987499e+00
 3.00000000e-01 0.00000000e+00 3.00000000e-01 6.14362986e+00 3.00000000e-01 -4.40973181e+00
 6.00000000e-01 0.00000000e+00 6.00000000e-01 6.36547082e+00 6.00000000e-01 -4.28168988e+00
 9.00000000e-01 0.00000000e+00 9.00000000e-01 5.42582077e+00 9.00000000e-01 -4.51915948e+00
 1.20000000e+00 0.00000000e+00 1.20000000e+00 6.31480008e+00 1.20000000e+00 -4.68808731e+00
 1.50000000e+00 0.00000000e+00 1.50000000e+00 6.34162987e+00 1.50000000e+00 -4.28906262e+00
 1.80000000e+00 0.00000000e+00 1.80000000e+00 6.47668490e+00 1.80000000e+00 -4.08246376e+00
 2.10000000e+00 0.00000000e+00 2.10000000e+00 6.68006891e+00 2.10000000e+00 -4.53168054e+00
 2.40000000e+00 0.00000000e+00 2.40000000e+00 6.03234767e+00 2.40000000e+00 -4.40021826e+00
 2.70000000e+00 0.00000000e+00 2.70000000e+00 6.41067550e+00 2.70000000e+00 -4.87181003e+00
 3.00000000e+00 0.00000000e+00 3.00000000e+00 6.10026180e+00 3.00000000e+00 -4.36215800e+00
 3.30000000e+00 0.00000000e+00 3.30000000e+00 6.37494144e+00 3.30000000e+00 -4.52310337e+00
 3.60000000e+00 0.00000000e+00 3.60000000e+00 6.18844710e+00 3.60000000e+00 -4.86226449e+00
 3.90000000e+00 0.00000000e+00 3.90000000e+00 6.19707919e+00 3.90000000e+00 -4.60921399e+00
 4.20000000e+00 0.00000000e+00 4.20000000e+00 6.63721529e+00 4.20000000e+00 -5.04126414e+00
 4.50000000e+00 0.00000000e+00 4.50000000e+00 6.54002644e+00 4.50000000e+00 -4.59604615e+00
 4.80000000e+00 0.00000000e+00 4.80000000e+00 6.43576999e+00 4.80000000e+00 -4.32285549e+00
 5.10000000e+00 0.00000000e+00 5.10000000e+00 5.94520184e+00 5.10000000e+00 -4.52144243e+00
 5.40000000e+00 0.00000000e+00 5.40000000e+00 5.66384581e+00 5.40000000e+00 -4.73986350e+00
 5.70000000e+00 0.00000000e+00 5.70000000e+00 5.74891296e+00 5.70000000e+00 -5.65554870e+00
 6.00000000e+00 0.00000000e+00 6.00000000e+00 6.57006106e+00 6.00000000e+00 -4.35509047e+00
 6.30000000e+00 0.00000000e+00 6.30000000e+00 6.06520738e+00 6.30000000e+00 -4.66809447e+00
 6.60000000e+00 0.00000000e+00 6.60000000e+00 6.35601080e+00 6.60000000e+00 -4.76245323e+00
 6.90000000e+00 0.00000000e+00 6.90000000e+00 5.77891311e+00 6.90000000e+00 -4.93801145e+00
 7.20000000e+00 0.00000000e+00 7.20000000e+00 6.34553662e+00 7.20000000e+00 -4.10456285e+00
 7.50000000e+00 0.00000000e+00 7.50000000e+00 6.24380876e+00 7.50000000e+00 -4.66559112e+00
 7.80000000e+00 0.00000000e+00 7.80000000e+00 5.91021460e+00 7.80000000e+00 -4.55439511e+00
 8.10000000e+00 0.00000000e+00 8.10000000e+00 6.06870122e+00 8.10000000e+00 -5.20942676e+00
 8.40000000e+00 0.00000000e+00 8.40000000e+00 6.06961616e+00 8.40000000e+00 -4.04853611e+00
 8.70000000e+00 0.00000000e+00 8.70000000e+00 6.00954678e+00 8.70000000e+00 -4.85128063e+00
 9.00000000e+00 0.00000000e+00 9.00000000e+00 5.77101297e+00 9.00000000e+00 -4.30276845e+00
 9.30000000e+00 0.00000000e+00 9.30000000e+00 6.14386233e+00 9.30000000e+00 -4.81258587e+00
 9.60000000e+00 0.00000000e+00 9.60000000e+00 6.29501019e+00 9.60000000e+00 -5.05981522e+00
 9.90000000e+00 0.00000000e+00 9.90000000e+00 5.99903507e+00 9.90000000e+00 -4.67547613e+00
 1.02000000e+01 0.00000000e+00 1.02000000e+01 5.66670797e+00 1.02000000e+01 -4.73042366e+00
 1.05000000e+01 0.00000000e+00 1.05000000e+01 6.46321398e+00 1.05000000e+01 -5.07279339e+00
 1.08000000e+01 0.00000000e+00 1.08000000e+01 6.48995136e+00 1.08000000e+01 -5.43176512e+00
 1.11000000e+01 0.00000000e+00 1.11000000e+01 6.18625103e+00 1.11000000e+01 -5.30325487e+00
 1.14000000e+01 0.00000000e+00 1.14000000e+01 6.35366406e+00 1.14000000e+01 -4.90897686e+00
 1.17000000e+01 0.00000000e+00 1.17000000e+01 5.86130770e+00 1.17000000e+01 -4.66435033e+00
 1.20000000e+01 0.00000000e+00 1.20000000e+01 5.97462899e+00 1.20000000e+01 -4.95299429e+00
 1.23000000e+01 0.00000000e+00 1.23000000e+01 6.33931159e+00 1.23000000e+01 -5.39205216e+00
 1.26000000e+01 0.00000000e+00 1.26000000e+01 5.92312079e+00 1.26000000e+01 -5.44576993e+00
 1.29000000e+01 0.00000000e+00 1.29000000e+01 6.18747300e+00 1.29000000e+01 -4.75526787e+00
 1.32000000e+01 0.00000000e+00 1.32000000e+01 6.00817359e+00 1.32000000e+01 -4.25486941e+00
 1.35000000e+01 0.00000000e+00 1.35000000e+01 5.65355722e+00 1.35000000e+01 -4.36703557e+00
 1.38000000e+01 0.00000000e+00 1.38000000e+01 5.77010525e+00 1.38000000e+01 -4.30881669e+00
 1.41000000e+01 0.00000000e+00 1.41000000e+01 5.64795847e+00 1.41000000e+01 -4.71100304e+00
 1.44000000e+01 0.00000000e+00 1.44000000e+01 6.18861979e+00 1.44000000e+01 -4.54137924e+00
 1.47000000e+01 0.00000000e+00 1.47000000e+01 6.90870723e+00 1.47000000e+01 -4.29048539e+00
 1.50000000e+01 0.00000000e+00 1.50000000e+01 6.23241894e+00 1.50000000e+01 -5.22883354e+00
 1.53000000e+01 0.00000000e+00 1.53000000e+01 2.43593745e-01 1.53000000e+01 -4.05537937e+00
 1.56000000e+01 0.00000000e+00 1.56000000e+01 -2.45188782e-02 1.56000000e+01 -4.52157084e+00
 1.59000000e+01 0.00000000e+00 1.59000000e+01 3.76388438e-01 1.59000000e+01 -4.66090193e+00
 1.62000000e+01 0.00000000e+00 1.62000000e+01 1.88565515e-01 1.62000000e+01 -4.81394917e+00
 1.65000000e+01 0.00000000e+00 1.65000000e+01 5.55831297e-01 1.65000000e+01 -4.10563629e+00
 1.68000000e+01 0.00000000e+00 1.68000000e+01 -5.08094013e-01 1.68000000e+01 -4.37988550e+00
 1.71000000e+01 0.00000000e+00 1.71000000e+01 4.45322655e-02 1.71000000e+01 -4.53515465e+00
 1.74000000e+01 0.00000000e+00 1.74000000e+01 1.56968664e-01 1.74000000e+01 -4.85373261e+00
 1.77000000e+01 0.00000000e+00 1.77000000e+01 2.98011768e-01 1.77000000e+01 -4.51308010e+00
 1.80000000e+01 0.00000000e+00 1.80000000e+01 3.29008750e-01 1.80000000e+01 -4.69451557e+00
 1.83000000e+01 0.00000000e+00 1.83000000e+01 5.84605538e-01 1.83000000e+01 -4.26791925e+00
 1.86000000e+01 0.00000000e+00 1.86000000e+01 3.76668818e-02 1.86000000e+01 -4.47626220e+00
 1.89000000e+01 0.00000000e+00 1.89000000e+01 4.54403270e-01 1.89000000e+01 -4.37511191e+00
 1.92000000e+01 0.00000000e+00 1.92000000e+01 1.60826651e-01 1.92000000e+01 -4.50533064e+00
 1.95000000e+01 0.00000000e+00 1.95000000e+01 -1.53660653e-01 1.95000000e+01 -4.58241805e+00
 1.98000000e+01 0.00000000e+00 1.98000000e+01 -1.74273772e-01 1.98000000e+01 -4.64706539e+00
 2.01000000e+01 0.00000000e+00 2.01000000e+01 1.60491751e-01 2.01000000e+01 -4.68496508e+00
 2.04000000e+01 0.00000000e+00 2.04000000e+01 4.52066917e-01 2.04000000e+01 -4.96958703e+00
 2.07000000e+01 0.00000000e+00 2.07000000e+01 1.63213980e-01 2.07000000e+01 -4.62721498e+00
 2.10000000e+01 0.00000000e+00 2.10000000e+01 1.44967973e-01 2.10000000e+01 -4.58221666e+00
 2.13000000e+01 0.00000000e+00 2.13000000e+01 -1.07560859e-01 2.13000000e+01 -4.93148513e+00
 2.16000000e+01 0.00000000e+00 2.16000000e+01 1.03305014e-01 2.16000000e+01 -4.56659198e+00
 2.19000000e+01 0.00000000e+00 2.19000000e+01 -7.51965264e-02 2.19000000e+01 -5.26168040e+00
 2.22000000e+01 0.00000000e+00 2.22000000e+01 3.90418944e-01 2.22000000e+01 -3.97101504e+00
 2.25000000e+01 0.00000000e+00 2.25000000e+01 2.57087225e-01 2.25000000e+01 -4.71993807e+00
 2.28000000e+01 0.00000000e+00 2.28000000e+01 2.93476873e-01 2.28000000e+01 -5.17841153e+00
 2.31000000e+01 0.00000000e+00 2.31000000e+01 6.76079036e-01 2.31000000e+01 -5.20412172e+00
 2.34000000e+01 0.00000000e+00 2.34000000e+01 8.14595759e-01 2.34000000e+01 -5.19255444e+00
 2.37000000e+01 0.00000000e+00 2.37000000e+01 -1.26724365e-01 2.37000000e+01 -5.20874144e+00
 2.40000000e+01 0.00000000e+00 2.40000000e+01 5.79978328e-01 2.40000000e+01 -4.89259002e+00
 2.43000000e+01 0.00000000e+00 2.43000000e+01 2.80241570e-01 2.43000000e+01 -4.80236644e+00
 2.46000000e+01 0.00000000e+00 2.46000000e+01 5.97857708e-01 2.46000000e+01 -4.77874357e+00
 2.49000000e+01 0.00000000e+00 2.49000000e+01 2.96369264e-01 2.49000000e+01 -4.48543098e+00
 2.52000000e+01 0.00000000e+00 2.52000000e+01 3.36390937e+00 2.52000000e+01 -3.90332631e+00
 2.55000000e+01 0.00000000e+00 2.55000000e+01 3.44347597e+00 2.55000000e+01 -3.96538622e+00
 2.58000000e+01 0.00000000e+00 2.58000000e+01 3.44314124e+00 2.58000000e+01 -3.64740837e+00
 2.61000000e+01 0.00000000e+00 2.61000000e+01 3.21160677e+00 2.61000000e+01 -4.07424831e+00
 2.64000000e+01 0.00000000e+00 2.64000000e+01 3.30228246e+00 2.64000000e+01 -4.06873674e+00
 2.67000000e+01 0.00000000e+00 2.67000000e+01 2.61423621e+00 2.67000000e+01 -4.12000845e+00
 2.70000000e+01 0.00000000e+00 2.70000000e+01 2.79070638e+00 2.70000000e+01 -3.85679852e+00
 2.73000000e+01 0.00000000e+00 2.73000000e+01 3.05004605e+00 2.73000000e+01 -4.10822185e+00
 2.76000000e+01 0.00000000e+00 2.76000000e+01 3.07904942e+00 2.76000000e+01 -3.99224580e+00
 2.79000000e+01 0.00000000e+00 2.79000000e+01 3.57726222e+00 2.79000000e+01 -4.05403030e+00
 2.82000000e+01 0.00000000e+00 2.82000000e+01 3.73019083e+00 2.82000000e+01 -3.50622825e+00
 2.85000000e+01 0.00000000e+00 2.85000000e+01 2.43609659e+00 2.85000000e+01 -3.80004510e+00
 2.88000000e+01 0.00000000e+00 2.88000000e+01 2.74818984e+00 2.88000000e+01 -4.20188316e+00
 2.91000000e+01 0.00000000e+00 2.91000000e+01 3.54044434e+00 2.91000000e+01 -4.02824724e+00
 2.94000000e+01 0.00000000e+00 2.94000000e+01 2.98738165e+00 2.94000000e+01 -3.11925887e+00
 2.97000000e+01 0.00000000e+00 2.97000000e+01 3.13838777e+00 2.97000000e+01 -3.92638666e+00
 3.00000000e+01 0.00000000e+00 3.00000000e+01 3.20851828e+00 3.00000000e+01 -4.22626728e+00
 3.03000000e+01 0.00000000e+00 3.03000000e+01 3.20136329e+00 3.03000000e+01 -3.77358794e+00
 3.06000000e+01 0.00000000e+00 3.06000000e+01 3.20995053e+00 3.06000000e+01 -4.35630689e+00
 3.09000000e+01 0.00000000e+00 3.09000000e+01 2.66514513e+00 3.09000000e+01 -3.51242745e+00
 3.12000000e+01 0.00000000e+00 3.12000000e+01 2.81186828e+00 3.12000000e+01 -3.71121901e+00
 3.15000000e+01 0.00000000e+00 3.15000000e+01 3.24763566e+00 3.15000000e+01 -4.49849597e+00
 3.18000000e+01 0.00000000e+00 3.18000000e+01 3.09361041e+00 3.18000000e+01 -3.26741067e+00
 3.21000000e+01 0.00000000e+00 3.21000000e+01 3.07693617e+00 3.21000000e+01 -4.27903585e+00
 3.24000000e+01 0.00000000e+00 3.24000000e+01 3.34473495e+00 3.24000000e+01 -3.72478381e+00
 3.27000000e+01 0.00000000e+00 3.27000000e+01 3.24201979e+00 3.27000000e+01 -3.78979048e+00
 3.30000000e+01 0.00000000e+00 3.30000000e+01 3.04332206e+00 3.30000000e+01 -4.03442035e+00
 3.33000000e+01 0.00000000e+00 3.33000000e+01 3.65102575e+00 3.33000000e+01 -4.30925750e+00
 3.36000000e+01 0.00000000e+00 3.36000000e+01 2.71185462e+00 3.36000000e+01 -3.78648497e+00
 3.39000000e+01 0.00000000e+00 3.39000000e+01 3.29258689e+00 3.39000000e+01 -4.17892661e+00
 3.42000000e+01 0.00000000e+00 3.42000000e+01 3.19362211e+00 3.42000000e+01 -3.81626630e+00
 3.45000000e+01 0.00000000e+00 3.45000000e+01 3.25903316e+00 3.45000000e+01 -3.77130345e+00
 3.48000000e+01 0.00000000e+00 3.48000000e+01 2.71444729e+00 3.48000000e+01 -3.97806063e+00
 3.51000000e+01 0.00000000e+00 3.51000000e+01 6.39290780e+00 3.51000000e+01 -2.16261944e+00
 3.54000000e+01 0.00000000e+00 3.54000000e+01 6.56297358e+00 3.54000000e+01 -2.31408144e+00
 3.57000000e+01 0.00000000e+00 3.57000000e+01 6.27351123e+00 3.57000000e+01 -2.93108293e+00
 3.60000000e+01 0.00000000e+00 3.60000000e+01 6.62754530e+00 3.60000000e+01 -2.50115656e+00
 3.63000000e+01 0.00000000e+00 3.63000000e+01 6.35371525e+00 3.63000000e+01 -2.59222111e+00
 3.66000000e+01 0.00000000e+00 3.66000000e+01 6.03636262e+00 3.66000000e+01 -2.74859497e+00
 3.69000000e+01 0.00000000e+00 3.69000000e+01 6.76279643e+00 3.69000000e+01 -2.28627395e+00
 3.72000000e+01 0.00000000e+00 3.72000000e+01 6.16697786e+00 3.72000000e+01 -2.41084001e+00
 3.75000000e+01 0.00000000e+00 3.75000000e+01 6.05986833e+00 3.75000000e+01 -2.85186509e+00
 3.78000000e+01 0.00000000e+00 3.78000000e+01 6.63901462e+00 3.78000000e+01 -2.73102817e+00
 3.81000000e+01 0.00000000e+00 3.81000000e+01 7.07791995e+00 3.81000000e+01 -2.59473042e+00
 3.84000000e+01 0.00000000e+00 3.84000000e+01 6.68173264e+00 3.84000000e+01 -2.59341618e+00
 3.87000000e+01 0.00000000e+00 3.87000000e+01 6.53697819e+00 3.87000000e+01 -2.32757827e+00
 3.90000000e+01 0.00000000e+00 3.90000000e+01 6.59397356e+00 3.90000000e+01 -2.20266674e+00
 3.93000000e+01 0.00000000e+00 3.93000000e+01 6.08192714e+00 3.93000000e+01 -2.59837953e+00
 3.96000000e+01 0.00000000e+00 3.96000000e+01 6.84034891e+00 3.96000000e+01 -2.48575771e+00
 3.99000000e+01 0.00000000e+00 3.99000000e+01 6.41964655e+00 3.99000000e+01 -2.71981117e+00
 4.02000000e+01 0.00000000e+00 4.02000000e+01 6.08996129e+00 4.02000000e+01 -2.14416823e+00
 4.05000000e+01 0.00000000e+00 4.05000000e+01 5.88231117e+00 4.05000000e+01 -2.52775363e+00
 4.08000000e+01 0.00000000e+00 4.08000000e+01 5.68693469e+00 4.08000000e+01 -2.05973696e+00
 4.11000000e+01 0.00000000e+00 4.11000000e+01 6.18741133e+00 4.11000000e+01 -2.77769410e+00
 4.14000000e+01 0.00000000e+00 4.14000000e+01 5.34689773e+00 4.14000000e+01 -2.26564487e+00
 4.17000000e+01 0.00000000e+00 4.17000000e+01 5.84570703e+00 4.17000000e+01 -2.20668484e+00
 4.20000000e+01 0.00000000e+00 4.20000000e+01 6.19207984e+00 4.20000000e+01 -2.00672454e+00
 4.23000000e+01 0.00000000e+00 4.23000000e+01 6.13933201e+00 4.23000000e+01 -2.85021045e+00
 4.26000000e+01 0.00000000e+00 4.26000000e+01 5.83281581e+00 4.26000000e+01 -2.11173421e+00
 4.29000000e+01 0.00000000e+00 4.29000000e+01 5.77745099e+00 4.29000000e+01 -1.92538283e+00
 4.32000000e+01 0.00000000e+00 4.32000000e+01 6.13442491e+00 4.32000000e+01 -2.35339938e+00
 4.35000000e+01 0.00000000e+00 4.35000000e+01 5.61904759e+00 4.35000000e+01 -2.37227906e+00
 4.38000000e+01 0.00000000e+00 4.38000000e+01 5.97066213e+00 4.38000000e+01 -2.33364544e+00
 4.41000000e+01 0.00000000e+00 4.41000000e+01 6.59293958e+00 4.41000000e+01 -2.49100634e+00
 4.44000000e+01 0.00000000e+00 4.44000000e+01 5.92284419e+00 4.44000000e+01 -2.49694514e+00
 4.47000000e+01 0.00000000e+00 4.47000000e+01 5.57700175e+00 4.47000000e+01 -2.31876442e+00
 4.50000000e+01 0.00000000e+00 4.50000000e+01 6.20984227e+00 4.50000000e+01 -2.14092243e+00
 4.53000000e+01 0.00000000e+00 4.53000000e+01 6.31246609e+00 4.53000000e+01 -2.20194046e+00
 4.56000000e+01 0.00000000e+00 4.56000000e+01 5.34589367e+00 4.56000000e+01 -1.88356192e+00
 4.59000000e+01 0.00000000e+00 4.59000000e+01 6.26035552e+00 4.59000000e+01 -2.02398066e+00
 4.62000000e+01 0.00000000e+00 4.62000000e+01 6.36671259e+00 4.62000000e+01 -2.01381641e+00
 4.65000000e+01 0.00000000e+00 4.65000000e+01 6.41510387e+00 4.65000000e+01 -2.03700259e+00
 4.68000000e+01 0.00000000e+00 4.68000000e+01 5.43638052e+00 4.68000000e+01 -2.71011630e+00
 4.71000000e+01 0.00000000e+00 4.71000000e+01 5.86989043e+00 4.71000000e+01 -2.16306363e+00
 4.74000000e+01 0.00000000e+00 4.74000000e+01 6.16611098e+00 4.74000000e+01 -2.00715158e+00
 4.77000000e+01 0.00000000e+00 4.77000000e+01 6.47831789e+00 4.77000000e+01 -2.01198085e+00
 4.80000000e+01 0.00000000e+00 4.80000000e+01 5.81100871e+00 4.80000000e+01 -1.64628299e+00
 4.83000000e+01 0.00000000e+00 4.83000000e+01 6.04846524e+00 4.83000000e+01 -1.83728297e+00
 4.86000000e+01 0.00000000e+00 4.86000000e+01 5.56678497e+00 4.86000000e+01 -2.60076153e+00
 4.89000000e+01 0.00000000e+00 4.89000000e+01 6.00163970e+00 4.89000000e+01 -2.21093799e+00
 4.92000000e+01 0.00000000e+00 4.92000000e+01 6.56831661e+00 4.92000000e+01 -3.09540871e+00
 4.95000000e+01 0.00000000e+00 4.95000000e+01 5.38758074e+00 4.95000000e+01 -2.28923482e+00
 4.98000000e+01 0.00000000e+00 4.98000000e+01 5.67046583e+00 4.98000000e+01 -1.42735048e+00
 5.01000000e+01 0.00000000e+00 5.01000000e+01 2.00791647e+00 5.01000000e+01 -2.27054401e+00
 5.04000000e+01 0.00000000e+00 5.04000000e+01 1.63687123e+00 5.04000000e+01 -3.38599843e+00
 5.07000000e+01 0.00000000e+00 5.07000000e+01 1.64975416e+00 5.07000000e+01 -2.83793804e+00
 5.10000000e+01 0.00000000e+00 5.10000000e+01 2.15890463e+00 5.10000000e+01 -2.57356279e+00
 5.13000000e+01 0.00000000e+00 5.13000000e+01 1.83641167e+00 5.13000000e+01 -2.57542447e+00
 5.16000000e+01 0.00000000e+00 5.16000000e+01 1.48506605e+00 5.16000000e+01 -2.99017586e+00
 5.19000000e+01 0.00000000e+00 5.19000000e+01 1.61548178e+00 5.19000000e+01 -2.58241035e+00
 5.22000000e+01 0.00000000e+00 5.22000000e+01 2.07165954e+00 5.22000000e+01 -3.37804733e+00
 5.25000000e+01 0.00000000e+00 5.25000000e+01 1.59748296e+00 5.25000000e+01 -3.53282409e+00
 5.28000000e+01 0.00000000e+00 5.28000000e+01 1.91628624e+00 5.28000000e+01 -3.01128241e+00
 5.31000000e+01 0.00000000e+00 5.31000000e+01 2.12284637e+00 5.31000000e+01 -2.81403631e+00
 5.34000000e+01 0.00000000e+00 5.34000000e+01 2.53944081e+00 5.34000000e+01 -3.46843455e+00
 5.37000000e+01 0.00000000e+00 5.37000000e+01 1.74367670e+00 5.37000000e+01 -2.97169983e+00
 5.40000000e+01 0.00000000e+00 5.40000000e+01 2.07397930e+00 5.40000000e+01 -2.73231594e+00
 5.43000000e+01 0.00000000e+00 5.43000000e+01 2.22562612e+00 5.43000000e+01 -3.20546188e+00
 5.46000000e+01 0.00000000e+00 5.46000000e+01 2.08375217e+00 5.46000000e+01 -3.08393455e+00
 5.49000000e+01 0.00000000e+00 5.49000000e+01 1.90555075e+00 5.49000000e+01 -2.71002752e+00
 5.52000000e+01 0.00000000e+00 5.52000000e+01 6.26634545e+00 5.52000000e+01 -4.19108180e+00
 5.55000000e+01 0.00000000e+00 5.55000000e+01 6.63619370e+00 5.55000000e+01 -4.25512962e+00
 5.58000000e+01 0.00000000e+00 5.58000000e+01 6.39491380e+00 5.58000000e+01 -4.85726722e+00
 5.61000000e+01 0.00000000e+00 5.61000000e+01 6.16095285e+00 5.61000000e+01 -5.00577687e+00
 5.64000000e+01 0.00000000e+00 5.64000000e+01 6.33666940e+00 5.64000000e+01 -4.03666593e+00
 5.67000000e+01 0.00000000e+00 5.67000000e+01 5.46482758e+00 5.67000000e+01 -4.33456099e+00
 5.70000000e+01 0.00000000e+00 5.70000000e+01 6.29790269e+00 5.70000000e+01 -4.45122813e+00
 5.73000000e+01 0.00000000e+00 5.73000000e+01 6.53596947e+00 5.73000000e+01 -5.17661104e+00
 5.76000000e+01 0.00000000e+00 5.76000000e+01 6.04546482e+00 5.76000000e+01 -4.71524929e+00
 5.79000000e+01 0.00000000e+00 5.79000000e+01 5.89414005e+00 5.79000000e+01 -4.38248817e+00
 5.82000000e+01 0.00000000e+00 5.82000000e+01 6.16832622e+00 5.82000000e+01 -5.24233024e+00
 5.85000000e+01 0.00000000e+00 5.85000000e+01 6.12219106e+00 5.85000000e+01 -4.52869288e+00
 5.88000000e+01 0.00000000e+00 5.88000000e+01 6.26634183e+00 5.88000000e+01 -4.31393637e+00
 5.91000000e+01 0.00000000e+00 5.91000000e+01 6.07858230e+00 5.91000000e+01 -5.07017375e+00
 5.94000000e+01 0.00000000e+00 5.94000000e+01 6.44829318e+00 5.94000000e+01 -4.89495789e+00
 5.97000000e+01 0.00000000e+00 5.97000000e+01 5.97225716e+00 5.97000000e+01 -5.19716576e+00
