 0.00000000e+00 0.00000000e+00 0.00000000e+00 7.20590368e+00 0.00000000e+00 -5.31268328e+00
 3.00000000e-01 0.00000000e+00 3.00000000e-01 8.02087540e+00 3.00000000e-01 -5.50581711e+00
 6.00000000e-01 0.00000000e+00 6.00000000e-01 7.00877831e+00 6.00000000e-01 -5.38829173e+00
 9.00000000e-01 0.00000000e+00 9.00000000e-01 6.62521851e+00 9.00000000e-01 -5.61142472e+00
 1.20000000e+00 0.00000000e+00 1.20000000e+00 7.12005010e+00 1.20000000e+00 -6.21698195e+00
 1.50000000e+00 0.00000000e+00 1.50000000e+00 7.01978421e+00 1.50000000e+00 -5.23189319e+00
 1.80000000e+00 0.00000000e+00 1.80000000e+00 7.08327813e+00 1.80000000e+00 -5.64614669e+00
 2.10000000e+00 0.00000000e+00 2.10000000e+00 6.77057227e+00 2.10000000e+00 -5.18673844e+00
 2.40000000e+00 0.00000000e+00 2.40000000e+00 7.08527270e+00 2.40000000e+00 -5.71041429e+00
 2.70000000e+00 0.00000000e+00 2.70000000e+00 7.26740614e+00 2.70000000e+00 -5.41251486e+00
 3.00000000e+00 0.00000000e+00 3.00000000e+00 7.27449146e+00 3.00000000e+00 -5.39872408e+00
 3.30000000e+00 0.00000000e+00 3.30000000e+00 7.23167954e+00 3.30000000e+00 -5.93774319e+00
 3.60000000e+00 0.00000000e+00 3.60000000e+00 7.48376283e+00 3.60000000e+00 -6.35952171e+00
 3.90000000e+00 0.00000000e+00 3.90000000e+00 6.82825253e+00 3.90000000e+00 -5.47033469e+00
 4.20000000e+00 0.00000000e+00 4.20000000e+00 6.97428524e+00 4.20000000e+00 -5.33932034e+00
 4.50000000e+00 0.00000000e+00 4.50000000e+00 7.14075141e+00 4.50000000e+00 -6.14473318e+00
 4.80000000e+00 0.00000000e+00 4.80000000e+00 7.50683146e+00 4.80000000e+00 -5.50043100e+00
 5.10000000e+00 0.00000000e+00 5.10000000e+00 7.19075236e+00 5.10000000e+00 -5.51877593e+00
 5.40000000e+00 0.00000000e+00 5.40000000e+00 6.93280334e+00 5.40000000e+00 -6.01234075e+00
 5.70000000e+00 0.00000000e+00 5.70000000e+00 7.00546515e+00 5.70000000e+00 -5.40260564e+00
 6.00000000e+00 0.00000000e+00 6.00000000e+00 7.14136470e+00 6.00000000e+00 -5.63507707e+00
 6.30000000e+00 0.00000000e+00 6.30000000e+00 6.80024366e+00 6.30000000e+00 -6.03987473e+00
 6.60000000e+00 0.00000000e+00 6.60000000e+00 7.15581624e+00 6.60000000e+00 -5.53768964e+00
 6.90000000e+00 0.00000000e+00 6.90000000e+00 6.96111153e+00 6.90000000e+00 -6.42337060e+00
 7.20000000e+00 0.00000000e+00 7.20000000e+00 7.12547724e+00 7.20000000e+00 -5.33447568e+00
 7.50000000e+00 0.00000000e+00 7.50000000e+00 7.20664765e+00 7.50000000e+00 -6.24631698e+00
 7.80000000e+00 0.00000000e+00 7.80000000e+00 6.62479358e+00 7.80000000e+00 -5.72737592e+00
 8.10000000e+00 0.00000000e+00 8.10000000e+00 7.10233627e+00 8.10000000e+00 -5.43973260e+00
 8.40000000e+00 0.00000000e+00 8.40000000e+00 7.45781018e+00 8.40000000e+00 -5.86389788e+00
 8.70000000e+00 0.00000000e+00 8.70000000e+00 6.86358517e+00 8.70000000e+00 -5.79201717e+00
 9.00000000e+00 0.00000000e+00 9.00000000e+00 6.98690661e+00 9.00000000e+00 -5.98258958e+00
 9.30000000e+00 0.00000000e+00 9.30000000e+00 7.49926176e+00 9.30000000e+00 -5.76620591e+00
 9.60000000e+00 0.00000000e+00 9.60000000e+00 6.83688947e+00 9.60000000e+00 -5.89771759e+00
 9.90000000e+00 0.00000000e+00 9.90000000e+00 7.37466540e+00 9.90000000e+00 -5.61178306e+00
 1.02000000e+01 0.00000000e+00 1.02000000e+01 7.11556035e+00 1.02000000e+01 -6.12471307e+00
 1.05000000e+01 0.00000000e+00 1.05000000e+01 6.43636829e+00 1.05000000e+01 -5.91413656e+00
 1.08000000e+01 0.00000000e+00 1.08000000e+01 7.49221106e+00 1.08000000e+01 -5.62404322e+00
 1.11000000e+01 0.00000000e+00 1.11000000e+01 6.81294987e+00 1.11000000e+01 -4.87838770e+00
 1.14000000e+01 0.00000000e+00 1.14000000e+01 7.16221084e+00 1.14000000e+01 -5.66274353e+00
 1.17000000e+01 0.00000000e+00 1.17000000e+01 7.33997598e+00 1.17000000e+01 -5.64786131e+00
 1.20000000e+01 0.00000000e+00 1.20000000e+01 6.75807719e+00 1.20000000e+01 -5.49413550e+00
 1.23000000e+01 0.00000000e+00 1.23000000e+01 8.07476581e+00 1.23000000e+01 -5.75747250e+00
 1.26000000e+01 0.00000000e+00 1.26000000e+01 7.42729597e+00 1.26000000e+01 -4.89442989e+00
 1.29000000e+01 0.00000000e+00 1.29000000e+01 7.04368991e+00 1.29000000e+01 -5.45682080e+00
 1.32000000e+01 0.00000000e+00 1.32000000e+01 7.22485879e+00 1.32000000e+01 -5.08057667e+00
 1.35000000e+01 0.00000000e+00 1.35000000e+01 7.50254616e+00 1.35000000e+01 -5.52775916e+00
 1.38000000e+01 0.00000000e+00 1.38000000e+01 6.92313362e+00 1.38000000e+01 -5.56674457e+00
 1.41000000e+01 0.00000000e+00 1.41000000e+01 7.50137336e+00 1.41000000e+01 -5.29653965e+00
 1.44000000e+01 0.00000000e+00 1.44000000e+01 6.82969213e+00 1.44000000e+01 -5.73965304e+00
 1.47000000e+01 0.00000000e+00 1.47000000e+01 7.47404569e+00 1.47000000e+01 -5.87999986e+00
 1.50000000e+01 0.00000000e+00 1.50000000e+01 7.28947771e+00 1.50000000e+01 -6.07253899e+00
 1.53000000e+01 0.00000000e+00 1.53000000e+01 6.81409982e-01 1.53000000e+01 -5.19067209e+00
 1.56000000e+01 0.00000000e+00 1.56000000e+01 1.11469475e+00 1.56000000e+01 -5.52222945e+00
 1.59000000e+01 0.00000000e+00 1.59000000e+01 5.71666718e-01 1.59000000e+01 -5.14559276e+00
 1.62000000e+01 0.00000000e+00 1.62000000e+01 6.94693160e-01 1.62000000e+01 -5.21393116e+00
 1.65000000e+01 0.00000000e+00 1.65000000e+01 5.40490086e-01 1.65000000e+01 -5.28291148e+00
 1.68000000e+01 0.00000000e+00 1.68000000e+01 9.16408241e-01 1.68000000e+01 -5.36460800e+00
 1.71000000e+01 0.00000000e+00 1.71000000e+01 4.03319576e-01 1.71000000e+01 -5.67677917e+00
 1.74000000e+01 0.00000000e+00 1.74000000e+01 4.30108597e-01 1.74000000e+01 -5.80023076e+00
 1.77000000e+01 0.00000000e+00 1.77000000e+01 1.08890139e+00 1.77000000e+01 -5.31445503e+00
 1.80000000e+01 0.00000000e+00 1.80000000e+01 6.72383745e-01 1.80000000e+01 -5.14702274e+00
 1.83000000e+01 0.00000000e+00 1.83000000e+01 9.27696777e-01 1.83000000e+01 -5.41596666e+00
 1.86000000e+01 0.00000000e+00 1.86000000e+01 6.84650148e-01 1.86000000e+01 -5.45544455e+00
 1.89000000e+01 0.00000000e+00 1.89000000e+01 1.19440943e+00 1.89000000e+01 -4.76578821e+00
 1.92000000e+01 0.00000000e+00 1.92000000e+01 5.46640430e-01 1.92000000e+01 -5.43866559e+00
 1.95000000e+01 0.00000000e+00 1.95000000e+01 4.48832063e-01 1.95000000e+01 -5.42070364e+00
 1.98000000e+01 0.00000000e+00 1.98000000e+01 5.28114679e-01 1.98000000e+01 -5.01503034e+00
 2.01000000e+01 0.00000000e+00 2.01000000e+01 1.01797779e+00 2.01000000e+01 -5.49961442e+00
 2.04000000e+01 0.00000000e+00 2.04000000e+01 1.06587133e+00 2.04000000e+01 -5.70228654e+00
 2.07000000e+01 0.00000000e+00 2.07000000e+01 5.77792607e-01 2.07000000e+01 -4.77738298e+00
 2.10000000e+01 0.00000000e+00 2.10000000e+01 7.57176880e-01 2.10000000e+01 -5.27752483e+00
 2.13000000e+01 0.00000000e+00 2.13000000e+01 3.93294164e-01 2.13000000e+01 -5.23204610e+00
 2.16000000e+01 0.00000000e+00 2.16000000e+01 8.18505990e-01 2.16000000e+01 -5.44181607e+00
 2.19000000e+01 0.00000000e+00 2.19000000e+01 -1.07449267e-01 2.19000000e+01 -5.58660584e+00
 2.22000000e+01 0.00000000e+00 2.22000000e+01 6.38331585e-01 2.22000000e+01 -5.03979162e+00
 2.25000000e+01 0.00000000e+00 2.25000000e+01 5.53518645e-01 2.25000000e+01 -5.50295496e+00
 2.28000000e+01 0.00000000e+00 2.28000000e+01 4.37033510e-01 2.28000000e+01 -5.40284753e+00
 2.31000000e+01 0.00000000e+00 2.31000000e+01 4.14658134e-01 2.31000000e+01 -4.98044660e+00
 2.34000000e+01 0.00000000e+00 2.34000000e+01 7.13201489e-01 2.34000000e+01 -5.60833171e+00
 2.37000000e+01 0.00000000e+00 2.37000000e+01 3.64754302e-01 2.37000000e+01 -5.95814216e+00
 2.40000000e+01 0.00000000e+00 2.40000000e+01 5.78567563e-01 2.40000000e+01 -5.48949104e+00
 2.43000000e+01 0.00000000e+00 2.43000000e+01 1.19808392e+00 2.43000000e+01 -4.95772567e+00
 2.46000000e+01 0.00000000e+00 2.46000000e+01 9.50718582e-01 2.46000000e+01 -5.47991456e+00
 2.49000000e+01 0.00000000e+00 2.49000000e+01 5.96338076e-01 2.49000000e+01 -5.93463664e+00
 2.52000000e+01 0.00000000e+00 2.52000000e+01 2.86213999e+00 2.52000000e+01 -4.21619299e+00
 2.55000000e+01 0.00000000e+00 2.55000000e+01 2.06665929e+00 2.55000000e+01 -5.55872131e+00
 2.58000000e+01 0.00000000e+00 2.58000000e+01 2.04744060e+00 2.58000000e+01 -4.77515667e+00
 2.61000000e+01 0.00000000e+00 2.61000000e+01 2.57784177e+00 2.61000000e+01 -5.75863030e+00
 2.64000000e+01 0.00000000e+00 2.64000000e+01 2.47308223e+00 2.64000000e+01 -5.25575404e+00
 2.67000000e+01 0.00000000e+00 2.67000000e+01 2.27895310e+00 2.67000000e+01 -5.01965100e+00
 2.70000000e+01 0.00000000e+00 2.70000000e+01 2.26710110e+00 2.70000000e+01 -4.73833060e+00
 2.73000000e+01 0.00000000e+00 2.73000000e+01 2.32538016e+00 2.73000000e+01 -5.33148277e+00
 2.76000000e+01 0.00000000e+00 2.76000000e+01 2.14851707e+00 2.76000000e+01 -4.92539254e+00
 2.79000000e+01 0.00000000e+00 2.79000000e+01 2.86540327e+00 2.79000000e+01 -5.55074848e+00
 2.82000000e+01 0.00000000e+00 2.82000000e+01 2.63842931e+00 2.82000000e+01 -4.59316890e+00
 2.85000000e+01 0.00000000e+00 2.85000000e+01 2.41747292e+00 2.85000000e+01 -4.71455369e+00
 2.88000000e+01 0.00000000e+00 2.88000000e+01 2.36612311e+00 2.88000000e+01 -5.15166471e+00
 2.91000000e+01 0.00000000e+00 2.91000000e+01 1.85843877e+00 2.91000000e+01 -5.33214388e+00
 2.94000000e+01 0.00000000e+00 2.94000000e+01 2.14211897e+00 2.94000000e+01 -5.14407373e+00
 2.97000000e+01 0.00000000e+00 2.97000000e+01 2.26479679e+00 2.97000000e+01 -4.78633017e+00
 3.00000000e+01 0.00000000e+00 3.00000000e+01 1.69460070e+00 3.00000000e+01 -5.35422650e+00
 3.03000000e+01 0.00000000e+00 3.03000000e+01 2.33888617e+00 3.03000000e+01 -5.35876791e+00
 3.06000000e+01 0.00000000e+00 3.06000000e+01 2.71578773e+00 3.06000000e+01 -4.93741265e+00
 3.09000000e+01 0.00000000e+00 3.09000000e+01 2.66788146e+00 3.09000000e+01 -4.53949348e+00
 3.12000000e+01 0.00000000e+00 3.12000000e+01 2.58688654e+00 3.12000000e+01 -4.94724915e+00
 3.15000000e+01 0.00000000e+00 3.15000000e+01 2.12591261e+00 3.15000000e+01 -4.87790498e+00
 3.18000000e+01 0.00000000e+00 3.18000000e+01 2.56801397e+00 3.18000000e+01 -5.33554135e+00
 3.21000000e+01 0.00000000e+00 3.21000000e+01 2.01870122e+00 3.21000000e+01 -4.94603381e+00
 3.24000000e+01 0.00000000e+00 3.24000000e+01 2.36406738e+00 3.24000000e+01 -4.85134131e+00
 3.27000000e+01 0.00000000e+00 3.27000000e+01 2.28408624e+00 3.27000000e+01 -5.39365193e+00
 3.30000000e+01 0.00000000e+00 3.30000000e+01 2.62930148e+00 3.30000000e+01 -5.17848549e+00
 3.33000000e+01 0.00000000e+00 3.33000000e+01 2.31876356e+00 3.33000000e+01 -5.55250027e+00
 3.36000000e+01 0.00000000e+00 3.36000000e+01 2.09969296e+00 3.36000000e+01 -5.12681620e+00
 3.39000000e+01 0.00000000e+00 3.39000000e+01 2.16731560e+00 3.39000000e+01 -5.21602865e+00
 3.42000000e+01 0.00000000e+00 3.42000000e+01 1.94560581e+00 3.42000000e+01 -5.00765589e+00
 3.45000000e+01 0.00000000e+00 3.45000000e+01 2.64472555e+00 3.45000000e+01 -5.52169080e+00
 3.48000000e+01 0.00000000e+00 3.48000000e+01 2.87559636e+00 3.48000000e+01 -5.51249275e+00
 3.51000000e+01 0.00000000e+00 3.51000000e+01 6.03332619e+00 3.51000000e+01 -1.03734713e+00
 3.54000000e+01 0.00000000e+00 3.54000000e+01 5.92686193e+00 3.54000000e+01 -9.02877121e-01
 3.57000000e+01 0.00000000e+00 3.57000000e+01 6.19077758e+00 3.57000000e+01 -5.06024088e-01
 3.60000000e+01 0.00000000e+00 3.60000000e+01 6.01333020e+00 3.60000000e+01 -7.50978216e-01
 3.63000000e+01 0.00000000e+00 3.63000000e+01 6.22664699e+00 3.63000000e+01 -9.69092581e-01
 3.66000000e+01 0.00000000e+00 3.66000000e+01 6.43143148e+00 3.66000000e+01 -3.74530057e-01
 3.69000000e+01 0.00000000e+00 3.69000000e+01 6.54949311e+00 3.69000000e+01 -6.39739180e-01
 3.72000000e+01 0.00000000e+00 3.72000000e+01 6.13845031e+00 3.72000000e+01 -1.30249536e+00
 3.75000000e+01 0.00000000e+00 3.75000000e+01 6.89430962e+00 3.75000000e+01 -1.16085080e+00
 3.78000000e+01 0.00000000e+00 3.78000000e+01 6.37725843e+00 3.78000000e+01 -1.73449620e-01
 3.81000000e+01 0.00000000e+00 3.81000000e+01 6.91174402e+00 3.81000000e+01 -9.63666565e-01
 3.84000000e+01 0.00000000e+00 3.84000000e+01 6.76508021e+00 3.84000000e+01 -5.22380941e-01
 3.87000000e+01 0.00000000e+00 3.87000000e+01 6.07687359e+00 3.87000000e+01 -7.45393585e-01
 3.90000000e+01 0.00000000e+00 3.90000000e+01 6.62445662e+00 3.90000000e+01 -1.03696966e+00
 3.93000000e+01 0.00000000e+00 3.93000000e+01 6.66924753e+00 3.93000000e+01 -1.25654200e+00
 3.96000000e+01 0.00000000e+00 3.96000000e+01 6.50770464e+00 3.96000000e+01 -4.49069041e-01
 3.99000000e+01 0.00000000e+00 3.99000000e+01 6.73265282e+00 3.99000000e+01 -4.71051500e-01
 4.02000000e+01 0.00000000e+00 4.02000000e+01 5.66137247e+00 4.02000000e+01 -3.26981809e+00
 4.05000000e+01 0.00000000e+00 4.05000000e+01 5.55289680e+00 4.05000000e+01 -3.17535403e+00
 4.08000000e+01 0.00000000e+00 4.08000000e+01 5.13078303e+00 4.08000000e+01 -2.83588700e+00
 4.11000000e+01 0.00000000e+00 4.11000000e+01 5.35788372e+00 4.11000000e+01 -3.27355662e+00
 4.14000000e+01 0.00000000e+00 4.14000000e+01 5.42866040e+00 4.14000000e+01 -2.42400738e+00
 4.17000000e+01 0.00000000e+00 4.17000000e+01 5.87042445e+00 4.17000000e+01 -3.07156431e+00
 4.20000000e+01 0.00000000e+00 4.20000000e+01 5.38407986e+00 4.20000000e+01 -3.24633141e+00
 4.23000000e+01 0.00000000e+00 4.23000000e+01 5.55571836e+00 4.23000000e+01 -3.14374025e+00
 4.26000000e+01 0.00000000e+00 4.26000000e+01 5.68023529e+00 4.26000000e+01 -2.94075458e+00
 4.29000000e+01 0.00000000e+00 4.29000000e+01 5.49201663e+00 4.29000000e+01 -3.26328499e+00
 4.32000000e+01 0.00000000e+00 4.32000000e+01 5.58853946e+00 4.32000000e+01 -3.43628891e+00
 4.35000000e+01 0.00000000e+00 4.35000000e+01 5.29901141e+00 4.35000000e+01 -3.24079022e+00
 4.38000000e+01 0.00000000e+00 4.38000000e+01 5.62514458e+00 4.38000000e+01 -3.32155475e+00
 4.41000000e+01 0.00000000e+00 4.41000000e+01 4.88347764e+00 4.41000000e+01 -2.91733759e+00
 4.44000000e+01 0.00000000e+00 4.44000000e+01 5.94252858e+00 4.44000000e+01 -2.52050731e+00
 4.47000000e+01 0.00000000e+00 4.47000000e+01 5.14201301e+00 4.47000000e+01 -2.61717624e+00
 4.50000000e+01 0.00000000e+00 4.50000000e+01 5.38300000e+00 4.50000000e+01 -2.67323510e+00
 4.53000000e+01 0.00000000e+00 4.53000000e+01 5.34096900e+00 4.53000000e+01 -3.13224595e+00
 4.56000000e+01 0.00000000e+00 4.56000000e+01 5.47214464e+00 4.56000000e+01 -3.21097609e+00
 4.59000000e+01 0.00000000e+00 4.59000000e+01 5.89578924e+00 4.59000000e+01 -2.95090649e+00
 4.62000000e+01 0.00000000e+00 4.62000000e+01 5.57294061e+00 4.62000000e+01 -2.87979937e+00
 4.65000000e+01 0.00000000e+00 4.65000000e+01 5.10886340e+00 4.65000000e+01 -2.80104228e+00
 4.68000000e+01 0.00000000e+00 4.68000000e+01 4.97275134e+00 4.68000000e+01 -3.35667672e+00
 4.71000000e+01 0.00000000e+00 4.71000000e+01 4.84664838e+00 4.71000000e+01 -2.62311732e+00
 4.74000000e+01 0.00000000e+00 4.74000000e+01 5.39036378e+00 4.74000000e+01 -3.25971683e+00
 4.77000000e+01 0.00000000e+00 4.77000000e+01 5.36201877e+00 4.77000000e+01 -3.47234588e+00
 4.80000000e+01 0.00000000e+00 4.80000000e+01 5.03573126e+00 4.80000000e+01 -2.44349108e+00
 4.83000000e+01 0.00000000e+00 4.83000000e+01 5.56326793e+00 4.83000000e+01 -3.04707497e+00
 4.86000000e+01 0.00000000e+00 4.86000000e+01 5.19686707e+00 4.86000000e+01 -2.47985077e+00
 4.89000000e+01 0.00000000e+00 4.89000000e+01 5.58813159e+00 4.89000000e+01 -2.97483203e+00
 4.92000000e+01 0.00000000e+00 4.92000000e+01 5.72314047e+00 4.92000000e+01 -3.31889301e+00
 4.95000000e+01 0.00000000e+00 4.95000000e+01 5.96921656e+00 4.95000000e+01 -2.83357581e+00
 4.98000000e+01 0.00000000e+00 4.98000000e+01 5.19036544e+00 4.98000000e+01 -3.20864535e+00
 5.01000000e+01 0.00000000e+00 5.01000000e+01 1.79791732e+00 5.01000000e+01 -4.06027233e+00
 5.04000000e+01 0.00000000e+00 5.04000000e+01 2.04637998e+00 5.04000000e+01 -3.94100310e+00
 5.07000000e+01 0.00000000e+00 5.07000000e+01 2.16415399e+00 5.07000000e+01 -3.72762903e+00
 5.10000000e+01 0.00000000e+00 5.10000000e+01 2.03002647e+00 5.10000000e+01 -3.47166633e+00
 5.13000000e+01 0.00000000e+00 5.13000000e+01 2.52602083e+00 5.13000000e+01 -3.66879522e+00
 5.16000000e+01 0.00000000e+00 5.16000000e+01 2.27573333e+00 5.16000000e+01 -3.67769075e+00
 5.19000000e+01 0.00000000e+00 5.19000000e+01 1.84141920e+00 5.19000000e+01 -4.04917521e+00
 5.22000000e+01 0.00000000e+00 5.22000000e+01 2.31328006e+00 5.22000000e+01 -3.57026383e+00
 5.25000000e+01 0.00000000e+00 5.25000000e+01 1.98737617e+00 5.25000000e+01 -4.47654099e+00
 5.28000000e+01 0.00000000e+00 5.28000000e+01 2.64540668e+00 5.28000000e+01 -4.44960077e+00
 5.31000000e+01 0.00000000e+00 5.31000000e+01 2.05931254e+00 5.31000000e+01 -3.47549556e+00
 5.34000000e+01 0.00000000e+00 5.34000000e+01 2.35016972e+00 5.34000000e+01 -3.29513364e+00
 5.37000000e+01 0.00000000e+00 5.37000000e+01 2.25346476e+00 5.37000000e+01 -3.43113095e+00
 5.40000000e+01 0.00000000e+00 5.40000000e+01 1.54047159e+00 5.40000000e+01 -4.04172878e+00
 5.43000000e+01 0.00000000e+00 5.43000000e+01 2.16057239e+00 5.43000000e+01 -3.57824155e+00
 5.46000000e+01 0.00000000e+00 5.46000000e+01 2.26254387e+00 5.46000000e+01 -3.44194606e+00
 5.49000000e+01 0.00000000e+00 5.49000000e+01 2.06473794e+00 5.49000000e+01 -3.61952525e+00
 5.52000000e+01 0.00000000e+00 5.52000000e+01 7.07238094e+00 5.52000000e+01 -5.32761610e+00
 5.55000000e+01 0.00000000e+00 5.55000000e+01 6.57151686e+00 5.55000000e+01 -5.68795449e+00
 5.58000000e+01 0.00000000e+00 5.58000000e+01 6.71893490e+00 5.58000000e+01 -6.10244920e+00
 5.61000000e+01 0.00000000e+00 5.61000000e+01 7.44043295e+00 5.61000000e+01 -5.09644102e+00
 5.64000000e+01 0.00000000e+00 5.64000000e+01 7.02841220e+00 5.64000000e+01 -6.00847696e+00
 5.67000000e+01 0.00000000e+00 5.67000000e+01 7.33130922e+00 5.67000000e+01 -5.27286632e+00
 5.70000000e+01 0.00000000e+00 5.70000000e+01 6.96544237e+00 5.70000000e+01 -6.10029887e+00
 5.73000000e+01 0.00000000e+00 5.73000000e+01 7.06312559e+00 5.73000000e+01 -6.05856655e+00
 5.76000000e+01 0.00000000e+00 5.76000000e+01 7.53121948e+00 5.76000000e+01 -5.57421744e+00
 5.79000000e+01 0.00000000e+00 5.79000000e+01 6.76970425e+00 5.79000000e+01 -5.30045018e+00
 5.82000000e+01 0.00000000e+00 5.82000000e+01 6.74715209e+00 5.82000000e+01 -5.90883441e+00
 5.85000000e+01 0.00000000e+00 5.85000000e+01 6.91714841e+00 5.85000000e+01 -5.50950476e+00
 5.88000000e+01 0.00000000e+00 5.88000000e+01 7.00237821e+00 5.88000000e+01 -5.68857384e+00
 5.91000000e+01 0.00000000e+00 5.91000000e+01 7.46784913e+00 5.91000000e+01 -5.35021728e+00
 5.94000000e+01 0.00000000e+00 5.94000000e+01 6.94564950e+00 5.94000000e+01 -5.34084259e+00
 5.97000000e+01 0.00000000e+00 5.97000000e+01 7.46977561e+00 5.97000000e+01 -5.22761552e+00
