 0.00000000e+00 0.00000000e+00 0.00000000e+00 7.93275878e+00 0.00000000e+00 -4.89909575e+00
 3.00000000e-01 0.00000000e+00 3.00000000e-01 7.48967818e+00 3.00000000e-01 -4.60152482e+00
 6.00000000e-01 0.00000000e+00 6.00000000e-01 7.90595743e+00 6.00000000e-01 -4.95484501e+00
 9.00000000e-01 0.00000000e+00 9.00000000e-01 7.73936194e+00 9.00000000e-01 -4.80811838e+00
 1.20000000e+00 0.00000000e+00 1.20000000e+00 8.24464224e+00 1.20000000e+00 -5.22766638e+00
 1.50000000e+00 0.00000000e+00 1.50000000e+00 7.93269707e+00 1.50000000e+00 -4.73105707e+00
 1.80000000e+00 0.00000000e+00 1.80000000e+00 8.18065660e+00 1.80000000e+00 -4.78105878e+00
 2.10000000e+00 0.00000000e+00 2.10000000e+00 8.05500785e+00 2.10000000e+00 -4.47669778e+00
 2.40000000e+00 0.00000000e+00 2.40000000e+00 7.47779236e+00 2.40000000e+00 -4.01874064e+00
 2.70000000e+00 0.00000000e+00 2.70000000e+00 8.41425264e+00 2.70000000e+00 -4.84863098e+00
 3.00000000e+00 0.00000000e+00 3.00000000e+00 7.70963051e+00 3.00000000e+00 -4.88675052e+00
 3.30000000e+00 0.00000000e+00 3.30000000e+00 8.27071015e+00 3.30000000e+00 -4.94013776e+00
 3.60000000e+00 0.00000000e+00 3.60000000e+00 7.93801426e+00 3.60000000e+00 -4.44725010e+00
 3.90000000e+00 0.00000000e+00 3.90000000e+00 8.39966877e+00 3.90000000e+00 -5.13795991e+00
 4.20000000e+00 0.00000000e+00 4.20000000e+00 7.98844133e+00 4.20000000e+00 -4.75315842e+00
 4.50000000e+00 0.00000000e+00 4.50000000e+00 7.84148631e+00 4.50000000e+00 -5.09669217e+00
 4.80000000e+00 0.00000000e+00 4.80000000e+00 7.80217417e+00 4.80000000e+00 -4.99078477e+00
 5.10000000e+00 0.00000000e+00 5.10000000e+00 8.25251828e+00 5.10000000e+00 -5.07342993e+00
 5.40000000e+00 0.00000000e+00 5.40000000e+00 7.99751345e+00 5.40000000e+00 -4.97809359e+00
 5.70000000e+00 0.00000000e+00 5.70000000e+00 7.59886726e+00 5.70000000e+00 -5.00041918e+00
 6.00000000e+00 0.00000000e+00 6.00000000e+00 7.88801705e+00 6.00000000e+00 -4.80518835e+00
 6.30000000e+00 0.00000000e+00 6.30000000e+00 8.21408766e+00 6.30000000e+00 -4.39804335e+00
 6.60000000e+00 0.00000000e+00 6.60000000e+00 8.07747070e+00 6.60000000e+00 -5.26407908e+00
 6.90000000e+00 0.00000000e+00 6.90000000e+00 8.50343244e+00 6.90000000e+00 -4.38871475e+00
 7.20000000e+00 0.00000000e+00 7.20000000e+00 8.15689754e+00 7.20000000e+00 -4.07636900e+00
 7.50000000e+00 0.00000000e+00 7.50000000e+00 7.56751651e+00 7.50000000e+00 -4.71000310e+00
 7.80000000e+00 0.00000000e+00 7.80000000e+00 8.12082107e+00 7.80000000e+00 -4.20161353e+00
 8.10000000e+00 0.00000000e+00 8.10000000e+00 8.39065644e+00 8.10000000e+00 -5.10349021e+00
 8.40000000e+00 0.00000000e+00 8.40000000e+00 8.25609621e+00 8.40000000e+00 -4.65439304e+00
 8.70000000e+00 0.00000000e+00 8.70000000e+00 7.81934619e+00 8.70000000e+00 -4.71357247e+00
 9.00000000e+00 0.00000000e+00 9.00000000e+00 8.07654257e+00 9.00000000e+00 -5.04364404e+00
 9.30000000e+00 0.00000000e+00 9.30000000e+00 7.52201279e+00 9.30000000e+00 -4.65925817e+00
 9.60000000e+00 0.00000000e+00 9.60000000e+00 8.14571012e+00 9.60000000e+00 -5.15352930e+00
 9.90000000e+00 0.00000000e+00 9.90000000e+00 7.37412101e+00 9.90000000e+00 -4.94718171e+00
 1.02000000e+01 0.00000000e+00 1.02000000e+01 8.06925542e+00 1.02000000e+01 -4.72716974e+00
 1.05000000e+01 0.00000000e+00 1.05000000e+01 7.54707585e+00 1.05000000e+01 -5.13800914e+00
 1.08000000e+01 0.00000000e+00 1.08000000e+01 8.45597824e+00 1.08000000e+01 -5.03326610e+00
 1.11000000e+01 0.00000000e+00 1.11000000e+01 7.91294754e+00 1.11000000e+01 -4.66129906e+00
 1.14000000e+01 0.00000000e+00 1.14000000e+01 8.25450038e+00 1.14000000e+01 -4.65252072e+00
 1.17000000e+01 0.00000000e+00 1.17000000e+01 8.06407382e+00 1.17000000e+01 -5.31340860e+00
 1.20000000e+01 0.00000000e+00 1.20000000e+01 8.47106692e+00 1.20000000e+01 -4.07572897e+00
 1.23000000e+01 0.00000000e+00 1.23000000e+01 7.55901533e+00 1.23000000e+01 -4.24616813e+00
 1.26000000e+01 0.00000000e+00 1.26000000e+01 7.54015779e+00 1.26000000e+01 -4.70645485e+00
 1.29000000e+01 0.00000000e+00 1.29000000e+01 8.15901385e+00 1.29000000e+01 -5.30669853e+00
 1.32000000e+01 0.00000000e+00 1.32000000e+01 7.73252129e+00 1.32000000e+01 -5.06883716e+00
 1.35000000e+01 0.00000000e+00 1.35000000e+01 8.11251104e+00 1.35000000e+01 -4.70084615e+00
 1.38000000e+01 0.00000000e+00 1.38000000e+01 7.57599898e+00 1.38000000e+01 -4.13340959e+00
 1.41000000e+01 0.00000000e+00 1.41000000e+01 8.76320616e+00 1.41000000e+01 -4.58509057e+00
 1.44000000e+01 0.00000000e+00 1.44000000e+01 7.64667638e+00 1.44000000e+01 -4.46496559e+00
 1.47000000e+01 0.00000000e+00 1.47000000e+01 7.92857032e+00 1.47000000e+01 -4.37421347e+00
 1.50000000e+01 0.00000000e+00 1.50000000e+01 7.84711105e+00 1.50000000e+01 -4.79131316e+00
 1.53000000e+01 0.00000000e+00 1.53000000e+01 1.06675276e+00 1.53000000e+01 -4.22049272e+00
 1.56000000e+01 0.00000000e+00 1.56000000e+01 1.33746933e+00 1.56000000e+01 -5.27390655e+00
 1.59000000e+01 0.00000000e+00 1.59000000e+01 1.20222383e+00 1.59000000e+01 -5.10937442e+00
 1.62000000e+01 0.00000000e+00 1.62000000e+01 1.16165093e+00 1.62000000e+01 -5.11564170e+00
 1.65000000e+01 0.00000000e+00 1.65000000e+01 1.09831177e+00 1.65000000e+01 -5.00370294e+00
 1.68000000e+01 0.00000000e+00 1.68000000e+01 8.05475387e-01 1.68000000e+01 -4.89193019e+00
 1.71000000e+01 0.00000000e+00 1.71000000e+01 1.31658215e+00 1.71000000e+01 -5.58112552e+00
 1.74000000e+01 0.00000000e+00 1.74000000e+01 8.24643433e-01 1.74000000e+01 -5.06398080e+00
 1.77000000e+01 0.00000000e+00 1.77000000e+01 1.73153920e+00 1.77000000e+01 -5.06346852e+00
 1.80000000e+01 0.00000000e+00 1.80000000e+01 1.53678219e+00 1.80000000e+01 -5.36086086e+00
 1.83000000e+01 0.00000000e+00 1.83000000e+01 7.66431868e-01 1.83000000e+01 -5.14109394e+00
 1.86000000e+01 0.00000000e+00 1.86000000e+01 1.18192444e+00 1.86000000e+01 -5.19396530e+00
 1.89000000e+01 0.00000000e+00 1.89000000e+01 7.06738604e-01 1.89000000e+01 -5.38543731e+00
 1.92000000e+01 0.00000000e+00 1.92000000e+01 1.67625169e+00 1.92000000e+01 -4.88663819e+00
 1.95000000e+01 0.00000000e+00 1.95000000e+01 1.16862724e+00 1.95000000e+01 -5.25354687e+00
 1.98000000e+01 0.00000000e+00 1.98000000e+01 1.21984570e+00 1.98000000e+01 -4.69106795e+00
 2.01000000e+01 0.00000000e+00 2.01000000e+01 1.29497776e+00 2.01000000e+01 -5.10395684e+00
 2.04000000e+01 0.00000000e+00 2.04000000e+01 2.14701119e+00 2.04000000e+01 -5.66371816e+00
 2.07000000e+01 0.00000000e+00 2.07000000e+01 1.15893138e+00 2.07000000e+01 -5.46831644e+00
 2.10000000e+01 0.00000000e+00 2.10000000e+01 1.05171442e+00 2.10000000e+01 -5.54075854e+00
 2.13000000e+01 0.00000000e+00 2.13000000e+01 8.19895738e-01 2.13000000e+01 -4.96186382e+00
 2.16000000e+01 0.00000000e+00 2.16000000e+01 1.40376885e+00 2.16000000e+01 -5.54627014e+00
 2.19000000e+01 0.00000000e+00 2.19000000e+01 6.41533041e-01 2.19000000e+01 -5.47054886e+00
 2.22000000e+01 0.00000000e+00 2.22000000e+01 8.14154979e-01 2.22000000e+01 -4.93258882e+00
 2.25000000e+01 0.00000000e+00 2.25000000e+01 1.75171410e+00 2.25000000e+01 -5.24324764e+00
 2.28000000e+01 0.00000000e+00 2.28000000e+01 1.23525444e+00 2.28000000e+01 -5.35309229e+00
 2.31000000e+01 0.00000000e+00 2.31000000e+01 1.42923038e+00 2.31000000e+01 -4.93169171e+00
 2.34000000e+01 0.00000000e+00 2.34000000e+01 1.10962202e+00 2.34000000e+01 -5.56685151e+00
 2.37000000e+01 0.00000000e+00 2.37000000e+01 1.52201842e+00 2.37000000e+01 -5.03890922e+00
 2.40000000e+01 0.00000000e+00 2.40000000e+01 1.67746499e+00 2.40000000e+01 -5.17764813e+00
 2.43000000e+01 0.00000000e+00 2.43000000e+01 1.37987645e+00 2.43000000e+01 -5.01621272e+00
 2.46000000e+01 0.00000000e+00 2.46000000e+01 8.52528081e-01 2.46000000e+01 -5.18481576e+00
 2.49000000e+01 0.00000000e+00 2.49000000e+01 6.34857902e-01 2.49000000e+01 -5.07225852e+00
 2.52000000e+01 0.00000000e+00 2.52000000e+01 2.95654787e+00 2.52000000e+01 -4.56300933e+00
 2.55000000e+01 0.00000000e+00 2.55000000e+01 3.62033842e+00 2.55000000e+01 -5.03210767e+00
 2.58000000e+01 0.00000000e+00 2.58000000e+01 2.49687739e+00 2.58000000e+01 -4.42393010e+00
 2.61000000e+01 0.00000000e+00 2.61000000e+01 3.84100156e+00 2.61000000e+01 -5.10221064e+00
 2.64000000e+01 0.00000000e+00 2.64000000e+01 3.19373583e+00 2.64000000e+01 -4.11600043e+00
 2.67000000e+01 0.00000000e+00 2.67000000e+01 2.96690893e+00 2.67000000e+01 -4.55282727e+00
 2.70000000e+01 0.00000000e+00 2.70000000e+01 3.20921871e+00 2.70000000e+01 -5.04618617e+00
 2.73000000e+01 0.00000000e+00 2.73000000e+01 3.03024396e+00 2.73000000e+01 -4.60416356e+00
 2.76000000e+01 0.00000000e+00 2.76000000e+01 3.35861946e+00 2.76000000e+01 -4.66746171e+00
 2.79000000e+01 0.00000000e+00 2.79000000e+01 2.64648701e+00 2.79000000e+01 -4.69093856e+00
 2.82000000e+01 0.00000000e+00 2.82000000e+01 4.05714670e+00 2.82000000e+01 -4.65847498e+00
 2.85000000e+01 0.00000000e+00 2.85000000e+01 3.28377178e+00 2.85000000e+01 -4.64840655e+00
 2.88000000e+01 0.00000000e+00 2.88000000e+01 3.86970976e+00 2.88000000e+01 -5.15177950e+00
 2.91000000e+01 0.00000000e+00 2.91000000e+01 3.70784792e+00 2.91000000e+01 -4.74532026e+00
 2.94000000e+01 0.00000000e+00 2.94000000e+01 3.10564681e+00 2.94000000e+01 -5.13847747e+00
 2.97000000e+01 0.00000000e+00 2.97000000e+01 3.23121171e+00 2.97000000e+01 -4.90659926e+00
 3.00000000e+01 0.00000000e+00 3.00000000e+01 3.07054428e+00 3.00000000e+01 -4.82140602e+00
 3.03000000e+01 0.00000000e+00 3.03000000e+01 3.23588139e+00 3.03000000e+01 -4.81603052e+00
 3.06000000e+01 0.00000000e+00 3.06000000e+01 3.20576630e+00 3.06000000e+01 -4.68704112e+00
 3.09000000e+01 0.00000000e+00 3.09000000e+01 3.50083932e+00 3.09000000e+01 -5.11458862e+00
 3.12000000e+01 0.00000000e+00 3.12000000e+01 3.26765646e+00 3.12000000e+01 -4.84411458e+00
 3.15000000e+01 0.00000000e+00 3.15000000e+01 3.36202505e+00 3.15000000e+01 -5.26163686e+00
 3.18000000e+01 0.00000000e+00 3.18000000e+01 3.52943956e+00 3.18000000e+01 -4.85757618e+00
 3.21000000e+01 0.00000000e+00 3.21000000e+01 3.70909926e+00 3.21000000e+01 -5.09665501e+00
 3.24000000e+01 0.00000000e+00 3.24000000e+01 3.69179432e+00 3.24000000e+01 -4.60499869e+00
 3.27000000e+01 0.00000000e+00 3.27000000e+01 3.88562422e+00 3.27000000e+01 -5.36322553e+00
 3.30000000e+01 0.00000000e+00 3.30000000e+01 3.05934684e+00 3.30000000e+01 -4.80249895e+00
 3.33000000e+01 0.00000000e+00 3.33000000e+01 3.45061258e+00 3.33000000e+01 -4.77939692e+00
 3.36000000e+01 0.00000000e+00 3.36000000e+01 3.15019205e+00 3.36000000e+01 -4.67747285e+00
 3.39000000e+01 0.00000000e+00 3.39000000e+01 2.12962046e+00 3.39000000e+01 -4.78372900e+00
 3.42000000e+01 0.00000000e+00 3.42000000e+01 3.29334294e+00 3.42000000e+01 -4.80751633e+00
 3.45000000e+01 0.00000000e+00 3.45000000e+01 3.32728318e+00 3.45000000e+01 -4.47971079e+00
 3.48000000e+01 0.00000000e+00 3.48000000e+01 2.85394942e+00 3.48000000e+01 -4.71019915e+00
 3.51000000e+01 0.00000000e+00 3.51000000e+01 5.15163197e+00 3.51000000e+01 -4.61691234e+00
 3.54000000e+01 0.00000000e+00 3.54000000e+01 4.67827910e+00 3.54000000e+01 -3.95714450e+00
 3.57000000e+01 0.00000000e+00 3.57000000e+01 4.34957823e+00 3.57000000e+01 -4.26102767e+00
 3.60000000e+01 0.00000000e+00 3.60000000e+01 4.92694695e+00 3.60000000e+01 -3.77995157e+00
 3.63000000e+01 0.00000000e+00 3.63000000e+01 4.35585287e+00 3.63000000e+01 -3.60160344e+00
 3.66000000e+01 0.00000000e+00 3.66000000e+01 5.26317231e+00 3.66000000e+01 -4.29641206e+00
 3.69000000e+01 0.00000000e+00 3.69000000e+01 4.70093627e+00 3.69000000e+01 -4.04617049e+00
 3.72000000e+01 0.00000000e+00 3.72000000e+01 4.51557647e+00 3.72000000e+01 -3.68182534e+00
 3.75000000e+01 0.00000000e+00 3.75000000e+01 4.90851743e+00 3.75000000e+01 -3.36996462e+00
 3.78000000e+01 0.00000000e+00 3.78000000e+01 5.18702351e+00 3.78000000e+01 -4.40701810e+00
 3.81000000e+01 0.00000000e+00 3.81000000e+01 4.65648765e+00 3.81000000e+01 -3.59806025e+00
 3.84000000e+01 0.00000000e+00 3.84000000e+01 4.58561522e+00 3.84000000e+01 -2.98501012e+00
 3.87000000e+01 0.00000000e+00 3.87000000e+01 4.60526814e+00 3.87000000e+01 -4.45177668e+00
 3.90000000e+01 0.00000000e+00 3.90000000e+01 4.85410513e+00 3.90000000e+01 -3.79329839e+00
 3.93000000e+01 0.00000000e+00 3.93000000e+01 4.97661997e+00 3.93000000e+01 -4.45196912e+00
 3.96000000e+01 0.00000000e+00 3.96000000e+01 4.89182447e+00 3.96000000e+01 -3.93672592e+00
 3.99000000e+01 0.00000000e+00 3.99000000e+01 4.07670284e+00 3.99000000e+01 -4.11598644e+00
 4.02000000e+01 0.00000000e+00 4.02000000e+01 5.08844834e+00 4.02000000e+01 -1.62684050e+00
 4.05000000e+01 0.00000000e+00 4.05000000e+01 5.15590987e+00 4.05000000e+01 -1.50051623e+00
 4.08000000e+01 0.00000000e+00 4.08000000e+01 5.29823975e+00 4.08000000e+01 -1.26235358e+00
 4.11000000e+01 0.00000000e+00 4.11000000e+01 5.33334578e+00 4.11000000e+01 -1.47322632e+00
 4.14000000e+01 0.00000000e+00 4.14000000e+01 5.09203803e+00 4.14000000e+01 -2.02430975e+00
 4.17000000e+01 0.00000000e+00 4.17000000e+01 5.52388656e+00 4.17000000e+01 -2.34906691e+00
 4.20000000e+01 0.00000000e+00 4.20000000e+01 5.15299680e+00 4.20000000e+01 -1.48630267e+00
 4.23000000e+01 0.00000000e+00 4.23000000e+01 5.08256560e+00 4.23000000e+01 -1.31900931e+00
 4.26000000e+01 0.00000000e+00 4.26000000e+01 4.48010639e+00 4.26000000e+01 -2.19565131e+00
 4.29000000e+01 0.00000000e+00 4.29000000e+01 5.04221494e+00 4.29000000e+01 -1.67824883e+00
 4.32000000e+01 0.00000000e+00 4.32000000e+01 4.82861731e+00 4.32000000e+01 -1.59761390e+00
 4.35000000e+01 0.00000000e+00 4.35000000e+01 4.85770721e+00 4.35000000e+01 -1.63147323e+00
 4.38000000e+01 0.00000000e+00 4.38000000e+01 5.20930048e+00 4.38000000e+01 -1.70084392e+00
 4.41000000e+01 0.00000000e+00 4.41000000e+01 5.44057751e+00 4.41000000e+01 -1.59184171e+00
 4.44000000e+01 0.00000000e+00 4.44000000e+01 5.20970014e+00 4.44000000e+01 -1.56732531e+00
 4.47000000e+01 0.00000000e+00 4.47000000e+01 5.19520549e+00 4.47000000e+01 -1.68008010e+00
 4.50000000e+01 0.00000000e+00 4.50000000e+01 4.91588608e+00 4.50000000e+01 -1.64468365e+00
 4.53000000e+01 0.00000000e+00 4.53000000e+01 4.84365980e+00 4.53000000e+01 -1.75939743e+00
 4.56000000e+01 0.00000000e+00 4.56000000e+01 5.08918605e+00 4.56000000e+01 -1.54407416e+00
 4.59000000e+01 0.00000000e+00 4.59000000e+01 5.41548637e+00 4.59000000e+01 -1.84227915e+00
 4.62000000e+01 0.00000000e+00 4.62000000e+01 5.19810188e+00 4.62000000e+01 -2.44131086e+00
 4.65000000e+01 0.00000000e+00 4.65000000e+01 4.66256408e+00 4.65000000e+01 -1.75125384e+00
 4.68000000e+01 0.00000000e+00 4.68000000e+01 4.77097740e+00 4.68000000e+01 -1.85398249e+00
 4.71000000e+01 0.00000000e+00 4.71000000e+01 4.93792042e+00 4.71000000e+01 -1.15480851e+00
 4.74000000e+01 0.00000000e+00 4.74000000e+01 4.67303926e+00 4.74000000e+01 -1.74277866e+00
 4.77000000e+01 0.00000000e+00 4.77000000e+01 4.66398407e+00 4.77000000e+01 -2.37916543e+00
 4.80000000e+01 0.00000000e+00 4.80000000e+01 5.03929077e+00 4.80000000e+01 -1.47812569e+00
 4.83000000e+01 0.00000000e+00 4.83000000e+01 5.77555405e+00 4.83000000e+01 -1.65464596e+00
 4.86000000e+01 0.00000000e+00 4.86000000e+01 5.16502272e+00 4.86000000e+01 -2.09999877e+00
 4.89000000e+01 0.00000000e+00 4.89000000e+01 4.96781294e+00 4.89000000e+01 -2.27413576e+00
 4.92000000e+01 0.00000000e+00 4.92000000e+01 4.92329605e+00 4.92000000e+01 -1.25399397e+00
 4.95000000e+01 0.00000000e+00 4.95000000e+01 5.80571313e+00 4.95000000e+01 -1.48971491e+00
 4.98000000e+01 0.00000000e+00 4.98000000e+01 4.77854769e+00 4.98000000e+01 -1.42608185e+00
 5.01000000e+01 0.00000000e+00 5.01000000e+01 4.79311740e+00 5.01000000e+01 -6.32630305e+00
 5.04000000e+01 0.00000000e+00 5.04000000e+01 4.97961755e+00 5.04000000e+01 -5.37781378e+00
 5.07000000e+01 0.00000000e+00 5.07000000e+01 4.69045441e+00 5.07000000e+01 -6.09376121e+00
 5.10000000e+01 0.00000000e+00 5.10000000e+01 4.72450609e+00 5.10000000e+01 -5.45365471e+00
 5.13000000e+01 0.00000000e+00 5.13000000e+01 5.41627141e+00 5.13000000e+01 -6.19734937e+00
 5.16000000e+01 0.00000000e+00 5.16000000e+01 5.59638938e+00 5.16000000e+01 -6.42781215e+00
 5.19000000e+01 0.00000000e+00 5.19000000e+01 4.81295326e+00 5.19000000e+01 -5.78321384e+00
 5.22000000e+01 0.00000000e+00 5.22000000e+01 5.11318147e+00 5.22000000e+01 -5.85282411e+00
 5.25000000e+01 0.00000000e+00 5.25000000e+01 4.68251564e+00 5.25000000e+01 -6.09520693e+00
 5.28000000e+01 0.00000000e+00 5.28000000e+01 5.19694221e+00 5.28000000e+01 -5.62745774e+00
 5.31000000e+01 0.00000000e+00 5.31000000e+01 4.85237542e+00 5.31000000e+01 -5.68908419e+00
 5.34000000e+01 0.00000000e+00 5.34000000e+01 4.74443918e+00 5.34000000e+01 -5.70994530e+00
 5.37000000e+01 0.00000000e+00 5.37000000e+01 5.07775277e+00 5.37000000e+01 -6.18613656e+00
 5.40000000e+01 0.00000000e+00 5.40000000e+01 4.43391860e+00 5.40000000e+01 -6.09529412e+00
 5.43000000e+01 0.00000000e+00 5.43000000e+01 4.71649680e+00 5.43000000e+01 -6.26252917e+00
 5.46000000e+01 0.00000000e+00 5.46000000e+01 4.83604958e+00 5.46000000e+01 -5.83997785e+00
 5.49000000e+01 0.00000000e+00 5.49000000e+01 4.68230345e+00 5.49000000e+01 -6.32435562e+00
 5.52000000e+01 0.00000000e+00 5.52000000e+01 8.06733769e+00 5.52000000e+01 -5.59010211e+00
 5.55000000e+01 0.00000000e+00 5.55000000e+01 7.53527609e+00 5.55000000e+01 -4.49410681e+00
 5.58000000e+01 0.00000000e+00 5.58000000e+01 7.85915385e+00 5.58000000e+01 -4.50676485e+00
 5.61000000e+01 0.00000000e+00 5.61000000e+01 8.46603565e+00 5.61000000e+01 -4.40785799e+00
 5.64000000e+01 0.00000000e+00 5.64000000e+01 7.80493558e+00 5.64000000e+01 -4.24862255e+00
 5.67000000e+01 0.00000000e+00 5.67000000e+01 8.12162038e+00 5.67000000e+01 -4.32462240e+00
 5.70000000e+01 0.00000000e+00 5.70000000e+01 8.07681597e+00 5.70000000e+01 -5.03143251e+00
 5.73000000e+01 0.00000000e+00 5.73000000e+01 7.65499461e+00 5.73000000e+01 -4.76374757e+00
 5.76000000e+01 0.00000000e+00 5.76000000e+01 7.18498055e+00 5.76000000e+01 -4.88790033e+00
 5.79000000e+01 0.00000000e+00 5.79000000e+01 8.39789549e+00 5.79000000e+01 -5.12513105e+00
 5.82000000e+01 0.00000000e+00 5.82000000e+01 8.27136083e+00 5.82000000e+01 -4.71292531e+00
 5.85000000e+01 0.00000000e+00 5.85000000e+01 8.05029236e+00 5.85000000e+01 -5.06362255e+00
 5.88000000e+01 0.00000000e+00 5.88000000e+01 7.68389143e+00 5.88000000e+01 -4.85551384e+00
 5.91000000e+01 0.00000000e+00 5.91000000e+01 8.27349923e+00 5.91000000e+01 -5.04252148e+00
 5.94000000e+01 0.00000000e+00 5.94000000e+01 7.80123069e+00 5.94000000e+01 -5.21978377e+00
 5.97000000e+01 0.00000000e+00 5.97000000e+01 8.06906272e+00 5.97000000e+01 -5.18486550e+00
