 0.00000000e+00 0.00000000e+00 0.00000000e+00 7.44571238e+00 0.00000000e+00 -3.32654439e+00
 3.00000000e-01 0.00000000e+00 3.00000000e-01 7.34414323e+00 3.00000000e-01 -4.05728914e+00
 6.00000000e-01 0.00000000e+00 6.00000000e-01 6.96964852e+00 6.00000000e-01 -3.28242274e+00
 9.00000000e-01 0.00000000e+00 9.00000000e-01 7.31487966e+00 9.00000000e-01 -3.29359097e+00
 1.20000000e+00 0.00000000e+00 1.20000000e+00 7.28302347e+00 1.20000000e+00 -3.65750449e+00
 1.50000000e+00 0.00000000e+00 1.50000000e+00 7.63912617e+00 1.50000000e+00 -2.91797641e+00
 1.80000000e+00 0.00000000e+00 1.80000000e+00 6.97198394e+00 1.80000000e+00 -3.36940911e+00
 2.10000000e+00 0.00000000e+00 2.10000000e+00 7.42048135e+00 2.10000000e+00 -3.37490331e+00
 2.40000000e+00 0.00000000e+00 2.40000000e+00 7.24589105e+00 2.40000000e+00 -3.40723618e+00
 2.70000000e+00 0.00000000e+00 2.70000000e+00 7.41564101e+00 2.70000000e+00 -3.96197859e+00
 3.00000000e+00 0.00000000e+00 3.00000000e+00 7.36964399e+00 3.00000000e+00 -3.03511626e+00
 3.30000000e+00 0.00000000e+00 3.30000000e+00 7.22040469e+00 3.30000000e+00 -3.02302376e+00
 3.60000000e+00 0.00000000e+00 3.60000000e+00 6.99090119e+00 3.60000000e+00 -2.72512165e+00
 3.90000000e+00 0.00000000e+00 3.90000000e+00 6.78485769e+00 3.90000000e+00 -3.28826401e+00
 4.20000000e+00 0.00000000e+00 4.20000000e+00 6.99993222e+00 4.20000000e+00 -3.24629053e+00
 4.50000000e+00 0.00000000e+00 4.50000000e+00 6.96588675e+00 4.50000000e+00 -3.33011223e+00
 4.80000000e+00 0.00000000e+00 4.80000000e+00 7.37430131e+00 4.80000000e+00 -3.39802020e+00
 5.10000000e+00 0.00000000e+00 5.10000000e+00 7.43469652e+00 5.10000000e+00 -3.58789422e+00
 5.40000000e+00 0.00000000e+00 5.40000000e+00 6.69492753e+00 5.40000000e+00 -3.30502192e+00
 5.70000000e+00 0.00000000e+00 5.70000000e+00 6.99394718e+00 5.70000000e+00 -3.01845833e+00
 6.00000000e+00 0.00000000e+00 6.00000000e+00 7.04898795e+00 6.00000000e+00 -3.49243301e+00
 6.30000000e+00 0.00000000e+00 6.30000000e+00 6.61020016e+00 6.30000000e+00 -3.10220128e+00
 6.60000000e+00 0.00000000e+00 6.60000000e+00 7.45366806e+00 6.60000000e+00 -3.81688958e+00
 6.90000000e+00 0.00000000e+00 6.90000000e+00 7.03686747e+00 6.90000000e+00 -3.78006833e+00
 7.20000000e+00 0.00000000e+00 7.20000000e+00 6.81150457e+00 7.20000000e+00 -3.90894568e+00
 7.50000000e+00 0.00000000e+00 7.50000000e+00 6.64823879e+00 7.50000000e+00 -3.25651376e+00
 7.80000000e+00 0.00000000e+00 7.80000000e+00 7.15924831e+00 7.80000000e+00 -3.54315364e+00
 8.10000000e+00 0.00000000e+00 8.10000000e+00 7.15121671e+00 8.10000000e+00 -3.40684859e+00
 8.40000000e+00 0.00000000e+00 8.40000000e+00 7.19865747e+00 8.40000000e+00 -4.09835111e+00
 8.70000000e+00 0.00000000e+00 8.70000000e+00 6.94922785e+00 8.70000000e+00 -3.90731377e+00
 9.00000000e+00 0.00000000e+00 9.00000000e+00 6.75721613e+00 9.00000000e+00 -2.79417310e+00
 9.30000000e+00 0.00000000e+00 9.30000000e+00 7.13771207e+00 9.30000000e+00 -3.65266603e+00
 9.60000000e+00 0.00000000e+00 9.60000000e+00 6.74438500e+00 9.60000000e+00 -3.15713653e+00
 9.90000000e+00 0.00000000e+00 9.90000000e+00 7.00848900e+00 9.90000000e+00 -3.04222506e+00
 1.02000000e+01 0.00000000e+00 1.02000000e+01 6.91563110e+00 1.02000000e+01 -3.06075434e+00
 1.05000000e+01 0.00000000e+00 1.05000000e+01 6.82420718e+00 1.05000000e+01 -3.12973595e+00
 1.08000000e+01 0.00000000e+00 1.08000000e+01 6.79481669e+00 1.08000000e+01 -3.25407645e+00
 1.11000000e+01 0.00000000e+00 1.11000000e+01 7.32467402e+00 1.11000000e+01 -4.11467462e+00
 1.14000000e+01 0.00000000e+00 1.14000000e+01 7.12721106e+00 1.14000000e+01 -3.96055096e+00
 1.17000000e+01 0.00000000e+00 1.17000000e+01 6.51110541e+00 1.17000000e+01 -3.31477842e+00
 1.20000000e+01 0.00000000e+00 1.20000000e+01 7.65103821e+00 1.20000000e+01 -3.60260065e+00
 1.23000000e+01 0.00000000e+00 1.23000000e+01 7.16976640e+00 1.23000000e+01 -2.92523318e+00
 1.26000000e+01 0.00000000e+00 1.26000000e+01 6.56796750e+00 1.26000000e+01 -3.01836474e+00
 1.29000000e+01 0.00000000e+00 1.29000000e+01 6.73585356e+00 1.29000000e+01 -2.10659404e+00
 1.32000000e+01 0.00000000e+00 1.32000000e+01 7.21051096e+00 1.32000000e+01 -2.99056305e+00
 1.35000000e+01 0.00000000e+00 1.35000000e+01 6.47366457e+00 1.35000000e+01 -2.57106630e+00
 1.38000000e+01 0.00000000e+00 1.38000000e+01 7.31145290e+00 1.38000000e+01 -3.62614616e+00
 1.41000000e+01 0.00000000e+00 1.41000000e+01 7.79772397e+00 1.41000000e+01 -3.65813013e+00
 1.44000000e+01 0.00000000e+00 1.44000000e+01 7.35575847e+00 1.44000000e+01 -3.34312701e+00
 1.47000000e+01 0.00000000e+00 1.47000000e+01 6.84007517e+00 1.47000000e+01 -3.14389945e+00
 1.50000000e+01 0.00000000e+00 1.50000000e+01 7.46315107e+00 1.50000000e+01 -3.43349824e+00
 1.53000000e+01 0.00000000e+00 1.53000000e+01 2.84421812e+00 1.53000000e+01 -4.03502266e+00
 1.56000000e+01 0.00000000e+00 1.56000000e+01 3.16137250e+00 1.56000000e+01 -4.01484583e+00
 1.59000000e+01 0.00000000e+00 1.59000000e+01 3.16972075e+00 1.59000000e+01 -3.91697035e+00
 1.62000000e+01 0.00000000e+00 1.62000000e+01 2.43408454e+00 1.62000000e+01 -4.07075244e+00
 1.65000000e+01 0.00000000e+00 1.65000000e+01 3.08860607e+00 1.65000000e+01 -4.50091835e+00
 1.68000000e+01 0.00000000e+00 1.68000000e+01 2.55708043e+00 1.68000000e+01 -3.28942443e+00
 1.71000000e+01 0.00000000e+00 1.71000000e+01 3.02739279e+00 1.71000000e+01 -4.36546668e+00
 1.74000000e+01 0.00000000e+00 1.74000000e+01 3.54275640e+00 1.74000000e+01 -4.45063334e+00
 1.77000000e+01 0.00000000e+00 1.77000000e+01 3.09104502e+00 1.77000000e+01 -3.90162495e+00
 1.80000000e+01 0.00000000e+00 1.80000000e+01 2.94047414e+00 1.80000000e+01 -3.82318558e+00
 1.83000000e+01 0.00000000e+00 1.83000000e+01 2.19704010e+00 1.83000000e+01 -4.03233193e+00
 1.86000000e+01 0.00000000e+00 1.86000000e+01 2.70505875e+00 1.86000000e+01 -3.40737172e+00
 1.89000000e+01 0.00000000e+00 1.89000000e+01 2.54472266e+00 1.89000000e+01 -4.06790310e+00
 1.92000000e+01 0.00000000e+00 1.92000000e+01 2.07923817e+00 1.92000000e+01 -4.30981060e+00
 1.95000000e+01 0.00000000e+00 1.95000000e+01 2.46704663e+00 1.95000000e+01 -3.81113719e+00
 1.98000000e+01 0.00000000e+00 1.98000000e+01 2.83994083e+00 1.98000000e+01 -3.63502966e+00
 2.01000000e+01 0.00000000e+00 2.01000000e+01 2.79461460e+00 2.01000000e+01 -4.53046809e+00
 2.04000000e+01 0.00000000e+00 2.04000000e+01 3.45791071e+00 2.04000000e+01 -4.38035065e+00
 2.07000000e+01 0.00000000e+00 2.07000000e+01 3.03309627e+00 2.07000000e+01 -3.73961032e+00
 2.10000000e+01 0.00000000e+00 2.10000000e+01 1.96499682e+00 2.10000000e+01 -3.41152105e+00
 2.13000000e+01 0.00000000e+00 2.13000000e+01 3.49985794e+00 2.13000000e+01 -3.94574234e+00
 2.16000000e+01 0.00000000e+00 2.16000000e+01 3.45606898e+00 2.16000000e+01 -4.38309618e+00
 2.19000000e+01 0.00000000e+00 2.19000000e+01 2.41546857e+00 2.19000000e+01 -4.45407835e+00
 2.22000000e+01 0.00000000e+00 2.22000000e+01 3.32867376e+00 2.22000000e+01 -3.34535508e+00
 2.25000000e+01 0.00000000e+00 2.25000000e+01 2.66150375e+00 2.25000000e+01 -4.57348853e+00
 2.28000000e+01 0.00000000e+00 2.28000000e+01 3.03972963e+00 2.28000000e+01 -4.10762254e+00
 2.31000000e+01 0.00000000e+00 2.31000000e+01 2.38833517e+00 2.31000000e+01 -4.05331014e+00
 2.34000000e+01 0.00000000e+00 2.34000000e+01 2.81234405e+00 2.34000000e+01 -4.12157406e+00
 2.37000000e+01 0.00000000e+00 2.37000000e+01 2.89359699e+00 2.37000000e+01 -4.24021014e+00
 2.40000000e+01 0.00000000e+00 2.40000000e+01 2.93113543e+00 2.40000000e+01 -4.03313332e+00
 2.43000000e+01 0.00000000e+00 2.43000000e+01 2.71060414e+00 2.43000000e+01 -4.53983388e+00
 2.46000000e+01 0.00000000e+00 2.46000000e+01 2.46887351e+00 2.46000000e+01 -3.77508684e+00
 2.49000000e+01 0.00000000e+00 2.49000000e+01 3.35071456e+00 2.49000000e+01 -4.14878498e+00
 2.52000000e+01 0.00000000e+00 2.52000000e+01 1.59488635e+00 2.52000000e+01 -5.92100743e+00
 2.55000000e+01 0.00000000e+00 2.55000000e+01 2.44049636e+00 2.55000000e+01 -5.59245599e+00
 2.58000000e+01 0.00000000e+00 2.58000000e+01 1.58734333e+00 2.58000000e+01 -5.76466927e+00
 2.61000000e+01 0.00000000e+00 2.61000000e+01 2.26970559e+00 2.61000000e+01 -5.70420490e+00
 2.64000000e+01 0.00000000e+00 2.64000000e+01 1.30350262e+00 2.64000000e+01 -5.46682452e+00
 2.67000000e+01 0.00000000e+00 2.67000000e+01 1.52534455e+00 2.67000000e+01 -6.06091585e+00
 2.70000000e+01 0.00000000e+00 2.70000000e+01 1.90617307e+00 2.70000000e+01 -5.41487298e+00
 2.73000000e+01 0.00000000e+00 2.73000000e+01 1.57666397e+00 2.73000000e+01 -5.49129082e+00
 2.76000000e+01 0.00000000e+00 2.76000000e+01 1.70341202e+00 2.76000000e+01 -5.98473739e+00
 2.79000000e+01 0.00000000e+00 2.79000000e+01 1.46313087e+00 2.79000000e+01 -5.61851241e+00
 2.82000000e+01 0.00000000e+00 2.82000000e+01 1.69669680e+00 2.82000000e+01 -5.74265298e+00
 2.85000000e+01 0.00000000e+00 2.85000000e+01 1.73372946e+00 2.85000000e+01 -5.87879517e+00
 2.88000000e+01 0.00000000e+00 2.88000000e+01 1.47820379e+00 2.88000000e+01 -5.96701727e+00
 2.91000000e+01 0.00000000e+00 2.91000000e+01 1.80616971e+00 2.91000000e+01 -5.32721243e+00
 2.94000000e+01 0.00000000e+00 2.94000000e+01 1.87568866e+00 2.94000000e+01 -5.34236314e+00
 2.97000000e+01 0.00000000e+00 2.97000000e+01 2.29955885e+00 2.97000000e+01 -6.05249460e+00
 3.00000000e+01 0.00000000e+00 3.00000000e+01 1.20437543e+00 3.00000000e+01 -5.72886801e+00
 3.03000000e+01 0.00000000e+00 3.03000000e+01 1.56903173e+00 3.03000000e+01 -5.65267928e+00
 3.06000000e+01 0.00000000e+00 3.06000000e+01 1.72825182e+00 3.06000000e+01 -5.83780187e+00
 3.09000000e+01 0.00000000e+00 3.09000000e+01 1.35526260e+00 3.09000000e+01 -5.92408459e+00
 3.12000000e+01 0.00000000e+00 3.12000000e+01 1.86041188e+00 3.12000000e+01 -6.19294349e+00
 3.15000000e+01 0.00000000e+00 3.15000000e+01 2.25694828e+00 3.15000000e+01 -6.53522307e+00
 3.18000000e+01 0.00000000e+00 3.18000000e+01 1.93579880e+00 3.18000000e+01 -6.25291219e+00
 3.21000000e+01 0.00000000e+00 3.21000000e+01 1.23528489e+00 3.21000000e+01 -6.04395950e+00
 3.24000000e+01 0.00000000e+00 3.24000000e+01 1.92161491e+00 3.24000000e+01 -6.14372585e+00
 3.27000000e+01 0.00000000e+00 3.27000000e+01 1.65416417e+00 3.27000000e+01 -5.56136231e+00
 3.30000000e+01 0.00000000e+00 3.30000000e+01 1.17219224e+00 3.30000000e+01 -6.13377077e+00
 3.33000000e+01 0.00000000e+00 3.33000000e+01 1.25856607e+00 3.33000000e+01 -6.46439722e+00
 3.36000000e+01 0.00000000e+00 3.36000000e+01 1.49116418e+00 3.36000000e+01 -5.61419022e+00
 3.39000000e+01 0.00000000e+00 3.39000000e+01 1.28249233e+00 3.39000000e+01 -6.56554630e+00
 3.42000000e+01 0.00000000e+00 3.42000000e+01 1.91719165e+00 3.42000000e+01 -5.87969933e+00
 3.45000000e+01 0.00000000e+00 3.45000000e+01 2.84276409e+00 3.45000000e+01 -6.55000339e+00
 3.48000000e+01 0.00000000e+00 3.48000000e+01 1.86361836e+00 3.48000000e+01 -5.82195144e+00
 3.51000000e+01 0.00000000e+00 3.51000000e+01 5.54325483e+00 3.51000000e+01 -2.57397478e+00
 3.54000000e+01 0.00000000e+00 3.54000000e+01 5.84429452e+00 3.54000000e+01 -2.71797192e+00
 3.57000000e+01 0.00000000e+00 3.57000000e+01 5.29220135e+00 3.57000000e+01 -2.77872773e+00
 3.60000000e+01 0.00000000e+00 3.60000000e+01 5.02131213e+00 3.60000000e+01 -2.81953172e+00
 3.63000000e+01 0.00000000e+00 3.63000000e+01 5.29840221e+00 3.63000000e+01 -2.49633851e+00
 3.66000000e+01 0.00000000e+00 3.66000000e+01 5.68527202e+00 3.66000000e+01 -2.36891129e+00
 3.69000000e+01 0.00000000e+00 3.69000000e+01 5.02487644e+00 3.69000000e+01 -3.50336376e+00
 3.72000000e+01 0.00000000e+00 3.72000000e+01 5.63685074e+00 3.72000000e+01 -2.97434965e+00
 3.75000000e+01 0.00000000e+00 3.75000000e+01 5.19800114e+00 3.75000000e+01 -2.84978664e+00
 3.78000000e+01 0.00000000e+00 3.78000000e+01 4.69539492e+00 3.78000000e+01 -3.10285881e+00
 3.81000000e+01 0.00000000e+00 3.81000000e+01 5.40267844e+00 3.81000000e+01 -2.24822985e+00
 3.84000000e+01 0.00000000e+00 3.84000000e+01 5.42994686e+00 3.84000000e+01 -2.82551535e+00
 3.87000000e+01 0.00000000e+00 3.87000000e+01 5.07796851e+00 3.87000000e+01 -3.00108688e+00
 3.90000000e+01 0.00000000e+00 3.90000000e+01 6.18511501e+00 3.90000000e+01 -2.70205031e+00
 3.93000000e+01 0.00000000e+00 3.93000000e+01 4.84562951e+00 3.93000000e+01 -2.51422312e+00
 3.96000000e+01 0.00000000e+00 3.96000000e+01 5.31498421e+00 3.96000000e+01 -2.38190808e+00
 3.99000000e+01 0.00000000e+00 3.99000000e+01 5.37888944e+00 3.99000000e+01 -2.77915255e+00
 4.02000000e+01 0.00000000e+00 4.02000000e+01 3.35889318e+00 4.02000000e+01 -2.88693833e+00
 4.05000000e+01 0.00000000e+00 4.05000000e+01 4.29205436e+00 4.05000000e+01 -3.45187591e+00
 4.08000000e+01 0.00000000e+00 4.08000000e+01 4.19235251e+00 4.08000000e+01 -3.70534140e+00
 4.11000000e+01 0.00000000e+00 4.11000000e+01 4.39890858e+00 4.11000000e+01 -3.56990641e+00
 4.14000000e+01 0.00000000e+00 4.14000000e+01 4.16334172e+00 4.14000000e+01 -3.34578744e+00
 4.17000000e+01 0.00000000e+00 4.17000000e+01 4.56592491e+00 4.17000000e+01 -3.00735707e+00
 4.20000000e+01 0.00000000e+00 4.20000000e+01 4.65590942e+00 4.20000000e+01 -3.03560345e+00
 4.23000000e+01 0.00000000e+00 4.23000000e+01 3.64326889e+00 4.23000000e+01 -3.77713817e+00
 4.26000000e+01 0.00000000e+00 4.26000000e+01 3.74678463e+00 4.26000000e+01 -3.25352687e+00
 4.29000000e+01 0.00000000e+00 4.29000000e+01 3.97438468e+00 4.29000000e+01 -3.03608156e+00
 4.32000000e+01 0.00000000e+00 4.32000000e+01 3.78495894e+00 4.32000000e+01 -2.92809092e+00
 4.35000000e+01 0.00000000e+00 4.35000000e+01 4.26012584e+00 4.35000000e+01 -3.53872553e+00
 4.38000000e+01 0.00000000e+00 4.38000000e+01 4.15495285e+00 4.38000000e+01 -3.51579688e+00
 4.41000000e+01 0.00000000e+00 4.41000000e+01 3.73655691e+00 4.41000000e+01 -3.12357862e+00
 4.44000000e+01 0.00000000e+00 4.44000000e+01 4.20974903e+00 4.44000000e+01 -2.57133552e+00
 4.47000000e+01 0.00000000e+00 4.47000000e+01 4.15932751e+00 4.47000000e+01 -2.82871496e+00
 4.50000000e+01 0.00000000e+00 4.50000000e+01 4.08676561e+00 4.50000000e+01 -2.94683332e+00
 4.53000000e+01 0.00000000e+00 4.53000000e+01 4.51294337e+00 4.53000000e+01 -2.90370109e+00
 4.56000000e+01 0.00000000e+00 4.56000000e+01 3.86400292e+00 4.56000000e+01 -3.61412383e+00
 4.59000000e+01 0.00000000e+00 4.59000000e+01 4.11813852e+00 4.59000000e+01 -3.25640480e+00
 4.62000000e+01 0.00000000e+00 4.62000000e+01 3.66839837e+00 4.62000000e+01 -3.60658984e+00
 4.65000000e+01 0.00000000e+00 4.65000000e+01 3.95729239e+00 4.65000000e+01 -3.39844238e+00
 4.68000000e+01 0.00000000e+00 4.68000000e+01 3.66028808e+00 4.68000000e+01 -2.76519994e+00
 4.71000000e+01 0.00000000e+00 4.71000000e+01 4.04080038e+00 4.71000000e+01 -3.11107584e+00
 4.74000000e+01 0.00000000e+00 4.74000000e+01 4.21008983e+00 4.74000000e+01 -3.57734025e+00
 4.77000000e+01 0.00000000e+00 4.77000000e+01 4.17076696e+00 4.77000000e+01 -2.88432892e+00
 4.80000000e+01 0.00000000e+00 4.80000000e+01 4.19588949e+00 4.80000000e+01 -3.18363239e+00
 4.83000000e+01 0.00000000e+00 4.83000000e+01 4.21279907e+00 4.83000000e+01 -3.35455335e+00
 4.86000000e+01 0.00000000e+00 4.86000000e+01 4.34130518e+00 4.86000000e+01 -3.20854725e+00
 4.89000000e+01 0.00000000e+00 4.89000000e+01 3.94626266e+00 4.89000000e+01 -3.86452784e+00
 4.92000000e+01 0.00000000e+00 4.92000000e+01 4.46905714e+00 4.92000000e+01 -2.82262802e+00
 4.95000000e+01 0.00000000e+00 4.95000000e+01 4.39127893e+00 4.95000000e+01 -2.95183771e+00
 4.98000000e+01 0.00000000e+00 4.98000000e+01 4.03495821e+00 4.98000000e+01 -3.12467647e+00
 5.01000000e+01 0.00000000e+00 5.01000000e+01 3.08431128e+00 5.01000000e+01 -4.15835625e+00
 5.04000000e+01 0.00000000e+00 5.04000000e+01 3.84492624e+00 5.04000000e+01 -2.94327413e+00
 5.07000000e+01 0.00000000e+00 5.07000000e+01 2.92040251e+00 5.07000000e+01 -3.54611138e+00
 5.10000000e+01 0.00000000e+00 5.10000000e+01 3.53223478e+00 5.10000000e+01 -3.89898520e+00
 5.13000000e+01 0.00000000e+00 5.13000000e+01 3.49432262e+00 5.13000000e+01 -3.77650656e+00
 5.16000000e+01 0.00000000e+00 5.16000000e+01 3.39879266e+00 5.16000000e+01 -3.37798801e+00
 5.19000000e+01 0.00000000e+00 5.19000000e+01 3.58496205e+00 5.19000000e+01 -3.45752216e+00
 5.22000000e+01 0.00000000e+00 5.22000000e+01 3.85006531e+00 5.22000000e+01 -3.41832910e+00
 5.25000000e+01 0.00000000e+00 5.25000000e+01 2.91110909e+00 5.25000000e+01 -3.72371465e+00
 5.28000000e+01 0.00000000e+00 5.28000000e+01 3.84249421e+00 5.28000000e+01 -3.17049141e+00
 5.31000000e+01 0.00000000e+00 5.31000000e+01 3.88281867e+00 5.31000000e+01 -3.32555028e+00
 5.34000000e+01 0.00000000e+00 5.34000000e+01 2.36432745e+00 5.34000000e+01 -3.72390001e+00
 5.37000000e+01 0.00000000e+00 5.37000000e+01 3.55652981e+00 5.37000000e+01 -3.82493696e+00
 5.40000000e+01 0.00000000e+00 5.40000000e+01 3.57486651e+00 5.40000000e+01 -3.56470987e+00
 5.43000000e+01 0.00000000e+00 5.43000000e+01 3.04489606e+00 5.43000000e+01 -3.20348115e+00
 5.46000000e+01 0.00000000e+00 5.46000000e+01 3.51057339e+00 5.46000000e+01 -3.17619391e+00
 5.49000000e+01 0.00000000e+00 5.49000000e+01 3.06175261e+00 5.49000000e+01 -3.10684309e+00
 5.52000000e+01 0.00000000e+00 5.52000000e+01 7.16494067e+00 5.52000000e+01 -2.85722018e+00
 5.55000000e+01 0.00000000e+00 5.55000000e+01 7.17605092e+00 5.55000000e+01 -3.25094520e+00
 5.58000000e+01 0.00000000e+00 5.58000000e+01 7.10575129e+00 5.58000000e+01 -3.66950489e+00
 5.61000000e+01 0.00000000e+00 5.61000000e+01 6.83370069e+00 5.61000000e+01 -3.15976742e+00
 5.64000000e+01 0.00000000e+00 5.64000000e+01 7.40712859e+00 5.64000000e+01 -3.02350113e+00
 5.67000000e+01 0.00000000e+00 5.67000000e+01 6.50818286e+00 5.67000000e+01 -3.47420168e+00
 5.70000000e+01 0.00000000e+00 5.70000000e+01 7.27094895e+00 5.70000000e+01 -3.62359582e+00
 5.73000000e+01 0.00000000e+00 5.73000000e+01 7.30252046e+00 5.73000000e+01 -3.52428016e+00
 5.76000000e+01 0.00000000e+00 5.76000000e+01 7.46916179e+00 5.76000000e+01 -3.15857579e+00
 5.79000000e+01 0.00000000e+00 5.79000000e+01 6.98890945e+00 5.79000000e+01 -2.85838125e+00
 5.82000000e+01 0.00000000e+00 5.82000000e+01 7.36011870e+00 5.82000000e+01 -3.44884744e+00
 5.85000000e+01 0.00000000e+00 5.85000000e+01 6.86607336e+00 5.85000000e+01 -3.88251910e+00
 5.88000000e+01 0.00000000e+00 5.88000000e+01 6.58768611e+00 5.88000000e+01 -3.19109956e+00
 5.91000000e+01 0.00000000e+00 5.91000000e+01 7.13388594e+00 5.91000000e+01 -3.65138261e+00
 5.94000000e+01 0.00000000e+00 5.94000000e+01 6.78713796e+00 5.94000000e+01 -3.55748706e+00
 5.97000000e+01 0.00000000e+00 5.97000000e+01 7.16147026e+00 5.97000000e+01 -3.48435540e+00
