 0.00000000e+00 0.00000000e+00 0.00000000e+00 8.06883451e+00 0.00000000e+00 -3.80497448e+00
 3.00000000e-01 0.00000000e+00 3.00000000e-01 6.94340474e+00 3.00000000e-01 -3.67938887e+00
 6.00000000e-01 0.00000000e+00 6.00000000e-01 8.10104235e+00 6.00000000e-01 -4.66440454e+00
 9.00000000e-01 0.00000000e+00 9.00000000e-01 7.64402647e+00 9.00000000e-01 -4.21615239e+00
 1.20000000e+00 0.00000000e+00 1.20000000e+00 8.02935777e+00 1.20000000e+00 -4.12491133e+00
 1.50000000e+00 0.00000000e+00 1.50000000e+00 8.08173760e+00 1.50000000e+00 -4.10680424e+00
 1.80000000e+00 0.00000000e+00 1.80000000e+00 7.40532439e+00 1.80000000e+00 -4.12697360e+00
 2.10000000e+00 0.00000000e+00 2.10000000e+00 7.73094824e+00 2.10000000e+00 -4.27745209e+00
 2.40000000e+00 0.00000000e+00 2.40000000e+00 7.43822344e+00 2.40000000e+00 -4.01791086e+00
 2.70000000e+00 0.00000000e+00 2.70000000e+00 7.08000362e+00 2.70000000e+00 -3.63780096e+00
 3.00000000e+00 0.00000000e+00 3.00000000e+00 7.73021063e+00 3.00000000e+00 -3.87524961e+00
 3.30000000e+00 0.00000000e+00 3.30000000e+00 7.81523358e+00 3.30000000e+00 -3.64238108e+00
 3.60000000e+00 0.00000000e+00 3.60000000e+00 7.48238760e+00 3.60000000e+00 -4.67418823e+00
 3.90000000e+00 0.00000000e+00 3.90000000e+00 7.71842328e+00 3.90000000e+00 -4.55875793e+00
 4.20000000e+00 0.00000000e+00 4.20000000e+00 7.53401564e+00 4.20000000e+00 -4.11232502e+00
 4.50000000e+00 0.00000000e+00 4.50000000e+00 7.49167212e+00 4.50000000e+00 -4.33825499e+00
 4.80000000e+00 0.00000000e+00 4.80000000e+00 7.83630133e+00 4.80000000e+00 -3.88626892e+00
 5.10000000e+00 0.00000000e+00 5.10000000e+00 8.25162285e+00 5.10000000e+00 -3.78204313e+00
 5.40000000e+00 0.00000000e+00 5.40000000e+00 8.48844365e+00 5.40000000e+00 -4.61980779e+00
 5.70000000e+00 0.00000000e+00 5.70000000e+00 6.88829814e+00 5.70000000e+00 -3.87500332e+00
 6.00000000e+00 0.00000000e+00 6.00000000e+00 7.51688982e+00 6.00000000e+00 -4.00367599e+00
 6.30000000e+00 0.00000000e+00 6.30000000e+00 8.03001040e+00 6.30000000e+00 -4.72594227e+00
 6.60000000e+00 0.00000000e+00 6.60000000e+00 8.05873522e+00 6.60000000e+00 -4.34520365e+00
 6.90000000e+00 0.00000000e+00 6.90000000e+00 7.53898257e+00 6.90000000e+00 -4.26156936e+00
 7.20000000e+00 0.00000000e+00 7.20000000e+00 8.12072565e+00 7.20000000e+00 -4.40171261e+00
 7.50000000e+00 0.00000000e+00 7.50000000e+00 8.41697909e+00 7.50000000e+00 -4.47154790e+00
 7.80000000e+00 0.00000000e+00 7.80000000e+00 7.29450153e+00 7.80000000e+00 -3.75899137e+00
 8.10000000e+00 0.00000000e+00 8.10000000e+00 8.07324765e+00 8.10000000e+00 -4.21068812e+00
 8.40000000e+00 0.00000000e+00 8.40000000e+00 7.88219420e+00 8.40000000e+00 -4.65635227e+00
 8.70000000e+00 0.00000000e+00 8.70000000e+00 7.98569297e+00 8.70000000e+00 -4.07368268e+00
 9.00000000e+00 0.00000000e+00 9.00000000e+00 7.96491873e+00 9.00000000e+00 -3.92195004e+00
 9.30000000e+00 0.00000000e+00 9.30000000e+00 7.45136491e+00 9.30000000e+00 -3.81243737e+00
 9.60000000e+00 0.00000000e+00 9.60000000e+00 7.73990847e+00 9.60000000e+00 -4.72956403e+00
 9.90000000e+00 0.00000000e+00 9.90000000e+00 7.75881757e+00 9.90000000e+00 -4.23158018e+00
 1.02000000e+01 0.00000000e+00 1.02000000e+01 8.49730914e+00 1.02000000e+01 -4.11604004e+00
 1.05000000e+01 0.00000000e+00 1.05000000e+01 8.34298946e+00 1.05000000e+01 -4.11562624e+00
 1.08000000e+01 0.00000000e+00 1.08000000e+01 8.21463311e+00 1.08000000e+01 -4.03008016e+00
 1.11000000e+01 0.00000000e+00 1.11000000e+01 7.68031336e+00 1.11000000e+01 -4.10028355e+00
 1.14000000e+01 0.00000000e+00 1.14000000e+01 7.52400783e+00 1.14000000e+01 -4.22971499e+00
 1.17000000e+01 0.00000000e+00 1.17000000e+01 7.65211355e+00 1.17000000e+01 -3.95785085e+00
 1.20000000e+01 0.00000000e+00 1.20000000e+01 7.47277125e+00 1.20000000e+01 -3.56445195e+00
 1.23000000e+01 0.00000000e+00 1.23000000e+01 7.47272514e+00 1.23000000e+01 -4.18081596e+00
 1.26000000e+01 0.00000000e+00 1.26000000e+01 7.77300489e+00 1.26000000e+01 -4.16185659e+00
 1.29000000e+01 0.00000000e+00 1.29000000e+01 8.70468029e+00 1.29000000e+01 -3.90525701e+00
 1.32000000e+01 0.00000000e+00 1.32000000e+01 7.33731909e+00 1.32000000e+01 -4.11415729e+00
 1.35000000e+01 0.00000000e+00 1.35000000e+01 8.40104953e+00 1.35000000e+01 -4.18601896e+00
 1.38000000e+01 0.00000000e+00 1.38000000e+01 7.43891573e+00 1.38000000e+01 -4.31390131e+00
 1.41000000e+01 0.00000000e+00 1.41000000e+01 7.89890051e+00 1.41000000e+01 -4.21239361e+00
 1.44000000e+01 0.00000000e+00 1.44000000e+01 8.52926069e+00 1.44000000e+01 -4.39607622e+00
 1.47000000e+01 0.00000000e+00 1.47000000e+01 7.94271278e+00 1.47000000e+01 -4.13456350e+00
 1.50000000e+01 0.00000000e+00 1.50000000e+01 7.31375981e+00 1.50000000e+01 -4.13879905e+00
 1.53000000e+01 0.00000000e+00 1.53000000e+01 3.47267757e+00 1.53000000e+01 -5.28769181e+00
 1.56000000e+01 0.00000000e+00 1.56000000e+01 3.87130079e+00 1.56000000e+01 -5.88595081e+00
 1.59000000e+01 0.00000000e+00 1.59000000e+01 3.43521736e+00 1.59000000e+01 -5.45649768e+00
 1.62000000e+01 0.00000000e+00 1.62000000e+01 3.55134233e+00 1.62000000e+01 -5.40742082e+00
 1.65000000e+01 0.00000000e+00 1.65000000e+01 3.29864134e+00 1.65000000e+01 -5.82157841e+00
 1.68000000e+01 0.00000000e+00 1.68000000e+01 3.24367120e+00 1.68000000e+01 -5.92129104e+00
 1.71000000e+01 0.00000000e+00 1.71000000e+01 3.35108462e+00 1.71000000e+01 -5.73941329e+00
 1.74000000e+01 0.00000000e+00 1.74000000e+01 3.10702112e+00 1.74000000e+01 -5.41021658e+00
 1.77000000e+01 0.00000000e+00 1.77000000e+01 3.20723352e+00 1.77000000e+01 -5.90620180e+00
 1.80000000e+01 0.00000000e+00 1.80000000e+01 3.34271124e+00 1.80000000e+01 -5.99455448e+00
 1.83000000e+01 0.00000000e+00 1.83000000e+01 3.29629049e+00 1.83000000e+01 -5.66408416e+00
 1.86000000e+01 0.00000000e+00 1.86000000e+01 3.38497426e+00 1.86000000e+01 -5.71493938e+00
 1.89000000e+01 0.00000000e+00 1.89000000e+01 3.79943623e+00 1.89000000e+01 -5.91475970e+00
 1.92000000e+01 0.00000000e+00 1.92000000e+01 3.65099939e+00 1.92000000e+01 -5.75477484e+00
 1.95000000e+01 0.00000000e+00 1.95000000e+01 3.45944577e+00 1.95000000e+01 -5.80068641e+00
 1.98000000e+01 0.00000000e+00 1.98000000e+01 3.36113376e+00 1.98000000e+01 -5.63367211e+00
 2.01000000e+01 0.00000000e+00 2.01000000e+01 3.40212411e+00 2.01000000e+01 -6.01788410e+00
 2.04000000e+01 0.00000000e+00 2.04000000e+01 3.15091795e+00 2.04000000e+01 -6.24475950e+00
 2.07000000e+01 0.00000000e+00 2.07000000e+01 3.41552228e+00 2.07000000e+01 -5.72687283e+00
 2.10000000e+01 0.00000000e+00 2.10000000e+01 3.44519705e+00 2.10000000e+01 -5.47000928e+00
 2.13000000e+01 0.00000000e+00 2.13000000e+01 3.39144573e+00 2.13000000e+01 -5.76988056e+00
 2.16000000e+01 0.00000000e+00 2.16000000e+01 3.01967528e+00 2.16000000e+01 -5.68934160e+00
 2.19000000e+01 0.00000000e+00 2.19000000e+01 3.20912030e+00 2.19000000e+01 -5.70222959e+00
 2.22000000e+01 0.00000000e+00 2.22000000e+01 3.27864128e+00 2.22000000e+01 -5.25994419e+00
 2.25000000e+01 0.00000000e+00 2.25000000e+01 3.87670697e+00 2.25000000e+01 -5.56695722e+00
 2.28000000e+01 0.00000000e+00 2.28000000e+01 3.77552657e+00 2.28000000e+01 -5.83852332e+00
 2.31000000e+01 0.00000000e+00 2.31000000e+01 3.22696520e+00 2.31000000e+01 -5.21299335e+00
 2.34000000e+01 0.00000000e+00 2.34000000e+01 4.03946911e+00 2.34000000e+01 -5.73582007e+00
 2.37000000e+01 0.00000000e+00 2.37000000e+01 3.06604390e+00 2.37000000e+01 -6.00213966e+00
 2.40000000e+01 0.00000000e+00 2.40000000e+01 3.08379900e+00 2.40000000e+01 -5.78165243e+00
 2.43000000e+01 0.00000000e+00 2.43000000e+01 2.84615606e+00 2.43000000e+01 -5.60251884e+00
 2.46000000e+01 0.00000000e+00 2.46000000e+01 3.38566206e+00 2.46000000e+01 -5.77089056e+00
 2.49000000e+01 0.00000000e+00 2.49000000e+01 4.49138205e+00 2.49000000e+01 -5.46681799e+00
 2.52000000e+01 0.00000000e+00 2.52000000e+01 1.27082764e+00 2.52000000e+01 -4.96402536e+00
 2.55000000e+01 0.00000000e+00 2.55000000e+01 5.66626144e-01 2.55000000e+01 -4.84764629e+00
 2.58000000e+01 0.00000000e+00 2.58000000e+01 1.12010269e+00 2.58000000e+01 -5.20145500e+00
 2.61000000e+01 0.00000000e+00 2.61000000e+01 9.12695817e-01 2.61000000e+01 -4.77480564e+00
 2.64000000e+01 0.00000000e+00 2.64000000e+01 9.12558272e-01 2.64000000e+01 -5.28717482e+00
 2.67000000e+01 0.00000000e+00 2.67000000e+01 6.91578296e-01 2.67000000e+01 -5.54532953e+00
 2.70000000e+01 0.00000000e+00 2.70000000e+01 8.83266944e-01 2.70000000e+01 -5.50421665e+00
 2.73000000e+01 0.00000000e+00 2.73000000e+01 -2.95569230e-02 2.73000000e+01 -5.27134029e+00
 2.76000000e+01 0.00000000e+00 2.76000000e+01 4.43068451e-01 2.76000000e+01 -5.19040142e+00
 2.79000000e+01 0.00000000e+00 2.79000000e+01 1.25679595e+00 2.79000000e+01 -5.20803493e+00
 2.82000000e+01 0.00000000e+00 2.82000000e+01 1.08673302e+00 2.82000000e+01 -5.10082999e+00
 2.85000000e+01 0.00000000e+00 2.85000000e+01 1.14546558e+00 2.85000000e+01 -5.60890582e+00
 2.88000000e+01 0.00000000e+00 2.88000000e+01 1.14418731e+00 2.88000000e+01 -5.38565166e+00
 2.91000000e+01 0.00000000e+00 2.91000000e+01 4.38333999e-01 2.91000000e+01 -4.95262905e+00
 2.94000000e+01 0.00000000e+00 2.94000000e+01 1.27305850e+00 2.94000000e+01 -4.54645571e+00
 2.97000000e+01 0.00000000e+00 2.97000000e+01 1.04837730e+00 2.97000000e+01 -5.22511617e+00
 3.00000000e+01 0.00000000e+00 3.00000000e+01 1.59570545e+00 3.00000000e+01 -5.30452955e+00
 3.03000000e+01 0.00000000e+00 3.03000000e+01 7.79057240e-01 3.03000000e+01 -5.37941786e+00
 3.06000000e+01 0.00000000e+00 3.06000000e+01 1.29036607e+00 3.06000000e+01 -5.41789554e+00
 3.09000000e+01 0.00000000e+00 3.09000000e+01 1.13247798e+00 3.09000000e+01 -5.25505482e+00
 3.12000000e+01 0.00000000e+00 3.12000000e+01 1.33239838e+00 3.12000000e+01 -5.64790915e+00
 3.15000000e+01 0.00000000e+00 3.15000000e+01 6.71687276e-01 3.15000000e+01 -5.09426276e+00
 3.18000000e+01 0.00000000e+00 3.18000000e+01 1.15504768e+00 3.18000000e+01 -5.18245610e+00
 3.21000000e+01 0.00000000e+00 3.21000000e+01 6.69201539e-01 3.21000000e+01 -5.39580070e+00
 3.24000000e+01 0.00000000e+00 3.24000000e+01 1.03990554e+00 3.24000000e+01 -5.34762961e+00
 3.27000000e+01 0.00000000e+00 3.27000000e+01 8.61138368e-01 3.27000000e+01 -5.59716184e+00
 3.30000000e+01 0.00000000e+00 3.30000000e+01 5.88381190e-01 3.30000000e+01 -5.31139261e+00
 3.33000000e+01 0.00000000e+00 3.33000000e+01 1.03662458e+00 3.33000000e+01 -4.76526366e+00
 3.36000000e+01 0.00000000e+00 3.36000000e+01 7.67182057e-01 3.36000000e+01 -5.29207632e+00
 3.39000000e+01 0.00000000e+00 3.39000000e+01 9.39899009e-01 3.39000000e+01 -5.56845401e+00
 3.42000000e+01 0.00000000e+00 3.42000000e+01 1.03687941e+00 3.42000000e+01 -4.85302487e+00
 3.45000000e+01 0.00000000e+00 3.45000000e+01 1.70342313e+00 3.45000000e+01 -5.47165822e+00
 3.48000000e+01 0.00000000e+00 3.48000000e+01 1.22138453e+00 3.48000000e+01 -5.39219262e+00
 3.51000000e+01 0.00000000e+00 3.51000000e+01 5.14098428e+00 3.51000000e+01 -1.77782873e+00
 3.54000000e+01 0.00000000e+00 3.54000000e+01 5.26429185e+00 3.54000000e+01 -1.46104121e+00
 3.57000000e+01 0.00000000e+00 3.57000000e+01 4.90742412e+00 3.57000000e+01 -2.14656168e+00
 3.60000000e+01 0.00000000e+00 3.60000000e+01 5.05250002e+00 3.60000000e+01 -2.12407897e+00
 3.63000000e+01 0.00000000e+00 3.63000000e+01 5.24751329e+00 3.63000000e+01 -2.09727870e+00
 3.66000000e+01 0.00000000e+00 3.66000000e+01 5.14590643e+00 3.66000000e+01 -2.33600568e+00
 3.69000000e+01 0.00000000e+00 3.69000000e+01 5.21027142e+00 3.69000000e+01 -1.84151005e+00
 3.72000000e+01 0.00000000e+00 3.72000000e+01 5.49253101e+00 3.72000000e+01 -2.36068419e+00
 3.75000000e+01 0.00000000e+00 3.75000000e+01 4.96466322e+00 3.75000000e+01 -2.03290419e+00
 3.78000000e+01 0.00000000e+00 3.78000000e+01 4.82779431e+00 3.78000000e+01 -2.22256602e+00
 3.81000000e+01 0.00000000e+00 3.81000000e+01 4.82737208e+00 3.81000000e+01 -1.99824163e+00
 3.84000000e+01 0.00000000e+00 3.84000000e+01 5.10865918e+00 3.84000000e+01 -2.07033260e+00
 3.87000000e+01 0.00000000e+00 3.87000000e+01 5.53722264e+00 3.87000000e+01 -2.16201896e+00
 3.90000000e+01 0.00000000e+00 3.90000000e+01 5.35364194e+00 3.90000000e+01 -2.08973369e+00
 3.93000000e+01 0.00000000e+00 3.93000000e+01 5.24809885e+00 3.93000000e+01 -1.94475756e+00
 3.96000000e+01 0.00000000e+00 3.96000000e+01 4.87303776e+00 3.96000000e+01 -1.77808650e+00
 3.99000000e+01 0.00000000e+00 3.99000000e+01 5.21986208e+00 3.99000000e+01 -1.75563740e+00
 4.02000000e+01 0.00000000e+00 4.02000000e+01 5.21148056e+00 4.02000000e+01 -2.91542629e+00
 4.05000000e+01 0.00000000e+00 4.05000000e+01 4.93617920e+00 4.05000000e+01 -2.61365359e+00
 4.08000000e+01 0.00000000e+00 4.08000000e+01 5.32282659e+00 4.08000000e+01 -2.53413410e+00
 4.11000000e+01 0.00000000e+00 4.11000000e+01 5.69625396e+00 4.11000000e+01 -2.70046806e+00
 4.14000000e+01 0.00000000e+00 4.14000000e+01 5.21405520e+00 4.14000000e+01 -2.48856949e+00
 4.17000000e+01 0.00000000e+00 4.17000000e+01 5.06524100e+00 4.17000000e+01 -2.69130755e+00
 4.20000000e+01 0.00000000e+00 4.20000000e+01 5.37005354e+00 4.20000000e+01 -2.93691176e+00
 4.23000000e+01 0.00000000e+00 4.23000000e+01 4.66940054e+00 4.23000000e+01 -2.27366448e+00
 4.26000000e+01 0.00000000e+00 4.26000000e+01 4.49039146e+00 4.26000000e+01 -2.73004123e+00
 4.29000000e+01 0.00000000e+00 4.29000000e+01 5.78138122e+00 4.29000000e+01 -3.09807574e+00
 4.32000000e+01 0.00000000e+00 4.32000000e+01 4.99656002e+00 4.32000000e+01 -2.96270278e+00
 4.35000000e+01 0.00000000e+00 4.35000000e+01 5.11940939e+00 4.35000000e+01 -2.51873210e+00
 4.38000000e+01 0.00000000e+00 4.38000000e+01 4.95751597e+00 4.38000000e+01 -2.94965393e+00
 4.41000000e+01 0.00000000e+00 4.41000000e+01 4.80812284e+00 4.41000000e+01 -2.06619119e+00
 4.44000000e+01 0.00000000e+00 4.44000000e+01 4.38230858e+00 4.44000000e+01 -2.51263477e+00
 4.47000000e+01 0.00000000e+00 4.47000000e+01 5.20977570e+00 4.47000000e+01 -3.32144035e+00
 4.50000000e+01 0.00000000e+00 4.50000000e+01 4.47845710e+00 4.50000000e+01 -2.60424170e+00
 4.53000000e+01 0.00000000e+00 4.53000000e+01 4.51505411e+00 4.53000000e+01 -2.88081519e+00
 4.56000000e+01 0.00000000e+00 4.56000000e+01 5.67798306e+00 4.56000000e+01 -2.36669089e+00
 4.59000000e+01 0.00000000e+00 4.59000000e+01 5.77619530e+00 4.59000000e+01 -2.49478244e+00
 4.62000000e+01 0.00000000e+00 4.62000000e+01 5.30167286e+00 4.62000000e+01 -2.87000446e+00
 4.65000000e+01 0.00000000e+00 4.65000000e+01 5.00182829e+00 4.65000000e+01 -2.73707423e+00
 4.68000000e+01 0.00000000e+00 4.68000000e+01 5.09817898e+00 4.68000000e+01 -2.78504959e+00
 4.71000000e+01 0.00000000e+00 4.71000000e+01 4.48872028e+00 4.71000000e+01 -2.43651131e+00
 4.74000000e+01 0.00000000e+00 4.74000000e+01 4.99308219e+00 4.74000000e+01 -2.93567444e+00
 4.77000000e+01 0.00000000e+00 4.77000000e+01 5.19818182e+00 4.77000000e+01 -2.89549066e+00
 4.80000000e+01 0.00000000e+00 4.80000000e+01 5.35421952e+00 4.80000000e+01 -3.29452523e+00
 4.83000000e+01 0.00000000e+00 4.83000000e+01 5.00893811e+00 4.83000000e+01 -2.62156731e+00
 4.86000000e+01 0.00000000e+00 4.86000000e+01 4.77818716e+00 4.86000000e+01 -2.05141352e+00
 4.89000000e+01 0.00000000e+00 4.89000000e+01 5.60967796e+00 4.89000000e+01 -2.58050900e+00
 4.92000000e+01 0.00000000e+00 4.92000000e+01 5.50976388e+00 4.92000000e+01 -2.64618056e+00
 4.95000000e+01 0.00000000e+00 4.95000000e+01 4.70436775e+00 4.95000000e+01 -3.23542114e+00
 4.98000000e+01 0.00000000e+00 4.98000000e+01 4.78407099e+00 4.98000000e+01 -2.66278040e+00
 5.01000000e+01 0.00000000e+00 5.01000000e+01 1.46001762e+00 5.01000000e+01 -3.28082569e+00
 5.04000000e+01 0.00000000e+00 5.04000000e+01 1.09769733e+00 5.04000000e+01 -3.31747215e+00
 5.07000000e+01 0.00000000e+00 5.07000000e+01 1.02250649e+00 5.07000000e+01 -3.96132269e+00
 5.10000000e+01 0.00000000e+00 5.10000000e+01 4.64432721e-01 5.10000000e+01 -3.65371426e+00
 5.13000000e+01 0.00000000e+00 5.13000000e+01 9.40613597e-01 5.13000000e+01 -3.02353348e+00
 5.16000000e+01 0.00000000e+00 5.16000000e+01 8.28994239e-01 5.16000000e+01 -3.24000173e+00
 5.19000000e+01 0.00000000e+00 5.19000000e+01 1.14065004e+00 5.19000000e+01 -3.32410478e+00
 5.22000000e+01 0.00000000e+00 5.22000000e+01 7.33591451e-01 5.22000000e+01 -3.78211629e+00
 5.25000000e+01 0.00000000e+00 5.25000000e+01 1.23453003e+00 5.25000000e+01 -3.43415609e+00
 5.28000000e+01 0.00000000e+00 5.28000000e+01 1.11058028e+00 5.28000000e+01 -3.30914419e+00
 5.31000000e+01 0.00000000e+00 5.31000000e+01 1.10220335e+00 5.31000000e+01 -3.30164548e+00
 5.34000000e+01 0.00000000e+00 5.34000000e+01 9.99689337e-01 5.34000000e+01 -3.08984034e+00
 5.37000000e+01 0.00000000e+00 5.37000000e+01 4.14257897e-01 5.37000000e+01 -3.82606675e+00
 5.40000000e+01 0.00000000e+00 5.40000000e+01 6.90145816e-01 5.40000000e+01 -3.23343658e+00
 5.43000000e+01 0.00000000e+00 5.43000000e+01 1.35873544e+00 5.43000000e+01 -3.19067911e+00
 5.46000000e+01 0.00000000e+00 5.46000000e+01 1.37475659e+00 5.46000000e+01 -3.15723140e+00
 5.49000000e+01 0.00000000e+00 5.49000000e+01 1.17297628e+00 5.49000000e+01 -3.19341465e+00
 5.52000000e+01 0.00000000e+00 5.52000000e+01 8.46894461e+00 5.52000000e+01 -3.85512528e+00
 5.55000000e+01 0.00000000e+00 5.55000000e+01 7.61699703e+00 5.55000000e+01 -3.53931923e+00
 5.58000000e+01 0.00000000e+00 5.58000000e+01 8.16711906e+00 5.58000000e+01 -3.84911447e+00
 5.61000000e+01 0.00000000e+00 5.61000000e+01 8.33643543e+00 5.61000000e+01 -4.12024213e+00
 5.64000000e+01 0.00000000e+00 5.64000000e+01 8.02140114e+00 5.64000000e+01 -3.37619489e+00
 5.67000000e+01 0.00000000e+00 5.67000000e+01 7.53885041e+00 5.67000000e+01 -4.06557940e+00
 5.70000000e+01 0.00000000e+00 5.70000000e+01 8.13170577e+00 5.70000000e+01 -4.26404444e+00
 5.73000000e+01 0.00000000e+00 5.73000000e+01 7.44718777e+00 5.73000000e+01 -3.71302137e+00
 5.76000000e+01 0.00000000e+00 5.76000000e+01 8.29573076e+00 5.76000000e+01 -4.35684087e+00
 5.79000000e+01 0.00000000e+00 5.79000000e+01 7.29343459e+00 5.79000000e+01 -3.50083368e+00
 5.82000000e+01 0.00000000e+00 5.82000000e+01 7.97336975e+00 5.82000000e+01 -4.02558217e+00
 5.85000000e+01 0.00000000e+00 5.85000000e+01 8.15177385e+00 5.85000000e+01 -3.45509657e+00
 5.88000000e+01 0.00000000e+00 5.88000000e+01 7.86725685e+00 5.88000000e+01 -3.61129506e+00
 5.91000000e+01 0.00000000e+00 5.91000000e+01 8.05778931e+00 5.91000000e+01 -4.18340003e+00
 5.94000000e+01 0.00000000e+00 5.94000000e+01 8.62891479e+00 5.94000000e+01 -3.40579954e+00
 5.97000000e+01 0.00000000e+00 5.97000000e+01 7.97139294e+00 5.97000000e+01 -3.78757307e+00
