 0.00000000e+00 0.00000000e+00 0.00000000e+00 6.68988321e+00 0.00000000e+00 -3.68829982e+00
 3.00000000e-01 0.00000000e+00 3.00000000e-01 6.07789021e+00 3.00000000e-01 -3.88797561e+00
 6.00000000e-01 0.00000000e+00 6.00000000e-01 6.62355782e+00 6.00000000e-01 -3.72970931e+00
 9.00000000e-01 0.00000000e+00 9.00000000e-01 6.90396846e+00 9.00000000e-01 -3.44539141e+00
 1.20000000e+00 0.00000000e+00 1.20000000e+00 6.51889076e+00 1.20000000e+00 -3.87928062e+00
 1.50000000e+00 0.00000000e+00 1.50000000e+00 6.52708517e+00 1.50000000e+00 -4.10810431e+00
 1.80000000e+00 0.00000000e+00 1.80000000e+00 6.60046755e+00 1.80000000e+00 -4.04484298e+00
 2.10000000e+00 0.00000000e+00 2.10000000e+00 6.61161224e+00 2.10000000e+00 -3.77372255e+00
 2.40000000e+00 0.00000000e+00 2.40000000e+00 7.15115625e+00 2.40000000e+00 -4.05518520e+00
 2.70000000e+00 0.00000000e+00 2.70000000e+00 7.01831181e+00 2.70000000e+00 -3.90315950e+00
 3.00000000e+00 0.00000000e+00 3.00000000e+00 7.35323827e+00 3.00000000e+00 -4.17078984e+00
 3.30000000e+00 0.00000000e+00 3.30000000e+00 6.57733114e+00 3.30000000e+00 -4.38303369e+00
 3.60000000e+00 0.00000000e+00 3.60000000e+00 6.51720607e+00 3.60000000e+00 -3.77362752e+00
 3.90000000e+00 0.00000000e+00 3.90000000e+00 6.72278210e+00 3.90000000e+00 -4.51651061e+00
 4.20000000e+00 0.00000000e+00 4.20000000e+00 6.56578045e+00 4.20000000e+00 -3.20078490e+00
 4.50000000e+00 0.00000000e+00 4.50000000e+00 7.02186547e+00 4.50000000e+00 -4.19085974e+00
 4.80000000e+00 0.00000000e+00 4.80000000e+00 6.68651151e+00 4.80000000e+00 -3.92445425e+00
 5.10000000e+00 0.00000000e+00 5.10000000e+00 7.21216830e+00 5.10000000e+00 -3.96466174e+00
 5.40000000e+00 0.00000000e+00 5.40000000e+00 6.40902439e+00 5.40000000e+00 -4.22246423e+00
 5.70000000e+00 0.00000000e+00 5.70000000e+00 6.36136428e+00 5.70000000e+00 -3.96431585e+00
 6.00000000e+00 0.00000000e+00 6.00000000e+00 6.64702328e+00 6.00000000e+00 -4.61590291e+00
 6.30000000e+00 0.00000000e+00 6.30000000e+00 6.71694676e+00 6.30000000e+00 -4.61736766e+00
 6.60000000e+00 0.00000000e+00 6.60000000e+00 6.84767199e+00 6.60000000e+00 -4.22530960e+00
 6.90000000e+00 0.00000000e+00 6.90000000e+00 6.30491336e+00 6.90000000e+00 -4.09536657e+00
 7.20000000e+00 0.00000000e+00 7.20000000e+00 6.21293311e+00 7.20000000e+00 -3.44405388e+00
 7.50000000e+00 0.00000000e+00 7.50000000e+00 7.01120596e+00 7.50000000e+00 -3.89151218e+00
 7.80000000e+00 0.00000000e+00 7.80000000e+00 6.52522427e+00 7.80000000e+00 -4.10546323e+00
 8.10000000e+00 0.00000000e+00 8.10000000e+00 6.68940563e+00 8.10000000e+00 -3.81691863e+00
 8.40000000e+00 0.00000000e+00 8.40000000e+00 6.20433439e+00 8.40000000e+00 -4.52008156e+00
 8.70000000e+00 0.00000000e+00 8.70000000e+00 6.55614033e+00 8.70000000e+00 -4.43761571e+00
 9.00000000e+00 0.00000000e+00 9.00000000e+00 6.91868615e+00 9.00000000e+00 -4.16453599e+00
 9.30000000e+00 0.00000000e+00 9.30000000e+00 6.05373696e+00 9.30000000e+00 -4.36571073e+00
 9.60000000e+00 0.00000000e+00 9.60000000e+00 6.64192687e+00 9.60000000e+00 -3.57765844e+00
 9.90000000e+00 0.00000000e+00 9.90000000e+00 6.43861947e+00 9.90000000e+00 -4.38743901e+00
 1.02000000e+01 0.00000000e+00 1.02000000e+01 7.17780834e+00 1.02000000e+01 -4.16828488e+00
 1.05000000e+01 0.00000000e+00 1.05000000e+01 6.30553931e+00 1.05000000e+01 -3.68581275e+00
 1.08000000e+01 0.00000000e+00 1.08000000e+01 6.50748812e+00 1.08000000e+01 -3.49345893e+00
 1.11000000e+01 0.00000000e+00 1.11000000e+01 6.58194816e+00 1.11000000e+01 -4.10641246e+00
 1.14000000e+01 0.00000000e+00 1.14000000e+01 6.98548252e+00 1.14000000e+01 -4.09265254e+00
 1.17000000e+01 0.00000000e+00 1.17000000e+01 6.41571178e+00 1.17000000e+01 -4.40865417e+00
 1.20000000e+01 0.00000000e+00 1.20000000e+01 6.30583654e+00 1.20000000e+01 -4.30438801e+00
 1.23000000e+01 0.00000000e+00 1.23000000e+01 6.60118406e+00 1.23000000e+01 -4.30019333e+00
 1.26000000e+01 0.00000000e+00 1.26000000e+01 6.86483283e+00 1.26000000e+01 -3.75354134e+00
 1.29000000e+01 0.00000000e+00 1.29000000e+01 6.34182841e+00 1.29000000e+01 -4.00042148e+00
 1.32000000e+01 0.00000000e+00 1.32000000e+01 6.90933528e+00 1.32000000e+01 -3.86854449e+00
 1.35000000e+01 0.00000000e+00 1.35000000e+01 6.48069278e+00 1.35000000e+01 -3.84162051e+00
 1.38000000e+01 0.00000000e+00 1.38000000e+01 7.14904984e+00 1.38000000e+01 -4.16867412e+00
 1.41000000e+01 0.00000000e+00 1.41000000e+01 6.65521983e+00 1.41000000e+01 -3.82960553e+00
 1.44000000e+01 0.00000000e+00 1.44000000e+01 6.97366774e+00 1.44000000e+01 -4.32288327e+00
 1.47000000e+01 0.00000000e+00 1.47000000e+01 6.71659822e+00 1.47000000e+01 -3.72983861e+00
 1.50000000e+01 0.00000000e+00 1.50000000e+01 6.75772779e+00 1.50000000e+01 -3.48110571e+00
 1.53000000e+01 0.00000000e+00 1.53000000e+01 2.76431779e+00 1.53000000e+01 -4.91708398e+00
 1.56000000e+01 0.00000000e+00 1.56000000e+01 2.17518472e+00 1.56000000e+01 -5.26587523e+00
 1.59000000e+01 0.00000000e+00 1.59000000e+01 2.67624204e+00 1.59000000e+01 -4.45762547e+00
 1.62000000e+01 0.00000000e+00 1.62000000e+01 3.28430667e+00 1.62000000e+01 -5.00383305e+00
 1.65000000e+01 0.00000000e+00 1.65000000e+01 3.49482594e+00 1.65000000e+01 -5.20935471e+00
 1.68000000e+01 0.00000000e+00 1.68000000e+01 3.08374368e+00 1.68000000e+01 -5.05438627e+00
 1.71000000e+01 0.00000000e+00 1.71000000e+01 2.14216195e+00 1.71000000e+01 -5.06098665e+00
 1.74000000e+01 0.00000000e+00 1.74000000e+01 3.34459895e+00 1.74000000e+01 -5.32319102e+00
 1.77000000e+01 0.00000000e+00 1.77000000e+01 2.86026022e+00 1.77000000e+01 -5.12491699e+00
 1.80000000e+01 0.00000000e+00 1.80000000e+01 2.70594689e+00 1.80000000e+01 -5.03752318e+00
 1.83000000e+01 0.00000000e+00 1.83000000e+01 2.86080851e+00 1.83000000e+01 -5.39472212e+00
 1.86000000e+01 0.00000000e+00 1.86000000e+01 3.38735771e+00 1.86000000e+01 -4.99550619e+00
 1.89000000e+01 0.00000000e+00 1.89000000e+01 2.63274264e+00 1.89000000e+01 -5.68398321e+00
 1.92000000e+01 0.00000000e+00 1.92000000e+01 2.78177332e+00 1.92000000e+01 -4.76245433e+00
 1.95000000e+01 0.00000000e+00 1.95000000e+01 3.19389725e+00 1.95000000e+01 -4.81880490e+00
 1.98000000e+01 0.00000000e+00 1.98000000e+01 3.27654150e+00 1.98000000e+01 -4.95648154e+00
 2.01000000e+01 0.00000000e+00 2.01000000e+01 2.24236516e+00 2.01000000e+01 -4.81958760e+00
 2.04000000e+01 0.00000000e+00 2.04000000e+01 2.89245900e+00 2.04000000e+01 -5.40233952e+00
 2.07000000e+01 0.00000000e+00 2.07000000e+01 2.38010917e+00 2.07000000e+01 -4.92377056e+00
 2.10000000e+01 0.00000000e+00 2.10000000e+01 2.81908221e+00 2.10000000e+01 -5.00579699e+00
 2.13000000e+01 0.00000000e+00 2.13000000e+01 3.05418980e+00 2.13000000e+01 -4.61848000e+00
 2.16000000e+01 0.00000000e+00 2.16000000e+01 3.14910710e+00 2.16000000e+01 -5.04299231e+00
 2.19000000e+01 0.00000000e+00 2.19000000e+01 3.69381269e+00 2.19000000e+01 -4.89981966e+00
 2.22000000e+01 0.00000000e+00 2.22000000e+01 2.82470545e+00 2.22000000e+01 -4.67181185e+00
 2.25000000e+01 0.00000000e+00 2.25000000e+01 2.71661869e+00 2.25000000e+01 -5.09454552e+00
 2.28000000e+01 0.00000000e+00 2.28000000e+01 3.33192129e+00 2.28000000e+01 -5.40620497e+00
 2.31000000e+01 0.00000000e+00 2.31000000e+01 3.39185758e+00 2.31000000e+01 -5.06252940e+00
 2.34000000e+01 0.00000000e+00 2.34000000e+01 3.35982469e+00 2.34000000e+01 -4.54604745e+00
 2.37000000e+01 0.00000000e+00 2.37000000e+01 3.11342929e+00 2.37000000e+01 -5.20641998e+00
 2.40000000e+01 0.00000000e+00 2.40000000e+01 2.81338461e+00 2.40000000e+01 -4.89638235e+00
 2.43000000e+01 0.00000000e+00 2.43000000e+01 3.37509564e+00 2.43000000e+01 -4.91927818e+00
 2.46000000e+01 0.00000000e+00 2.46000000e+01 2.61992476e+00 2.46000000e+01 -4.91996921e+00
 2.49000000e+01 0.00000000e+00 2.49000000e+01 3.36644962e+00 2.49000000e+01 -4.46387835e+00
 2.52000000e+01 0.00000000e+00 2.52000000e+01 3.91434363e+00 2.52000000e+01 -3.44719529e+00
 2.55000000e+01 0.00000000e+00 2.55000000e+01 4.15956293e+00 2.55000000e+01 -4.34083907e+00
 2.58000000e+01 0.00000000e+00 2.58000000e+01 4.00476933e+00 2.58000000e+01 -4.18173865e+00
 2.61000000e+01 0.00000000e+00 2.61000000e+01 4.40101168e+00 2.61000000e+01 -4.27997048e+00
 2.64000000e+01 0.00000000e+00 2.64000000e+01 4.71621696e+00 2.64000000e+01 -4.20693571e+00
 2.67000000e+01 0.00000000e+00 2.67000000e+01 3.96272071e+00 2.67000000e+01 -4.05374982e+00
 2.70000000e+01 0.00000000e+00 2.70000000e+01 3.95502547e+00 2.70000000e+01 -4.25536930e+00
 2.73000000e+01 0.00000000e+00 2.73000000e+01 4.52531977e+00 2.73000000e+01 -4.75154356e+00
 2.76000000e+01 0.00000000e+00 2.76000000e+01 3.66260735e+00 2.76000000e+01 -4.79794449e+00
 2.79000000e+01 0.00000000e+00 2.79000000e+01 3.97202888e+00 2.79000000e+01 -5.03654136e+00
 2.82000000e+01 0.00000000e+00 2.82000000e+01 3.78021038e+00 2.82000000e+01 -3.81394159e+00
 2.85000000e+01 0.00000000e+00 2.85000000e+01 4.28106811e+00 2.85000000e+01 -4.35227581e+00
 2.88000000e+01 0.00000000e+00 2.88000000e+01 4.31609233e+00 2.88000000e+01 -4.16122672e+00
 2.91000000e+01 0.00000000e+00 2.91000000e+01 3.79619417e+00 2.91000000e+01 -4.43778046e+00
 2.94000000e+01 0.00000000e+00 2.94000000e+01 3.31957067e+00 2.94000000e+01 -4.16082364e+00
 2.97000000e+01 0.00000000e+00 2.97000000e+01 4.28668187e+00 2.97000000e+01 -4.40502326e+00
 3.00000000e+01 0.00000000e+00 3.00000000e+01 3.56367641e+00 3.00000000e+01 -4.26116116e+00
 3.03000000e+01 0.00000000e+00 3.03000000e+01 3.92879639e+00 3.03000000e+01 -4.66883494e+00
 3.06000000e+01 0.00000000e+00 3.06000000e+01 4.72377073e+00 3.06000000e+01 -4.33138402e+00
 3.09000000e+01 0.00000000e+00 3.09000000e+01 4.55507936e+00 3.09000000e+01 -4.54617689e+00
 3.12000000e+01 0.00000000e+00 3.12000000e+01 3.75428025e+00 3.12000000e+01 -4.35067284e+00
 3.15000000e+01 0.00000000e+00 3.15000000e+01 4.33595713e+00 3.15000000e+01 -4.12464677e+00
 3.18000000e+01 0.00000000e+00 3.18000000e+01 4.39076049e+00 3.18000000e+01 -3.65415012e+00
 3.21000000e+01 0.00000000e+00 3.21000000e+01 3.99207376e+00 3.21000000e+01 -4.05765379e+00
 3.24000000e+01 0.00000000e+00 3.24000000e+01 5.29039289e+00 3.24000000e+01 -4.17115960e+00
 3.27000000e+01 0.00000000e+00 3.27000000e+01 3.97036128e+00 3.27000000e+01 -4.56871997e+00
 3.30000000e+01 0.00000000e+00 3.30000000e+01 3.79043126e+00 3.30000000e+01 -4.30782865e+00
 3.33000000e+01 0.00000000e+00 3.33000000e+01 3.55440999e+00 3.33000000e+01 -3.96925581e+00
 3.36000000e+01 0.00000000e+00 3.36000000e+01 4.04020129e+00 3.36000000e+01 -3.59184245e+00
 3.39000000e+01 0.00000000e+00 3.39000000e+01 3.38280774e+00 3.39000000e+01 -3.91135300e+00
 3.42000000e+01 0.00000000e+00 3.42000000e+01 4.21719145e+00 3.42000000e+01 -4.10038808e+00
 3.45000000e+01 0.00000000e+00 3.45000000e+01 4.02519620e+00 3.45000000e+01 -4.58361659e+00
 3.48000000e+01 0.00000000e+00 3.48000000e+01 4.61364140e+00 3.48000000e+01 -3.61812000e+00
 3.51000000e+01 0.00000000e+00 3.51000000e+01 6.11566875e+00 3.51000000e+01 -1.70071544e+00
 3.54000000e+01 0.00000000e+00 3.54000000e+01 5.27258304e+00 3.54000000e+01 -1.19088243e+00
 3.57000000e+01 0.00000000e+00 3.57000000e+01 5.89450133e+00 3.57000000e+01 -1.82754986e+00
 3.60000000e+01 0.00000000e+00 3.60000000e+01 6.21289287e+00 3.60000000e+01 -1.49894529e+00
 3.63000000e+01 0.00000000e+00 3.63000000e+01 6.10816639e+00 3.63000000e+01 -1.46195889e+00
 3.66000000e+01 0.00000000e+00 3.66000000e+01 5.54627714e+00 3.66000000e+01 -1.36832419e+00
 3.69000000e+01 0.00000000e+00 3.69000000e+01 5.84143958e+00 3.69000000e+01 -1.64614175e+00
 3.72000000e+01 0.00000000e+00 3.72000000e+01 5.83972688e+00 3.72000000e+01 -1.74869811e+00
 3.75000000e+01 0.00000000e+00 3.75000000e+01 6.09133680e+00 3.75000000e+01 -1.37729030e+00
 3.78000000e+01 0.00000000e+00 3.78000000e+01 5.56009992e+00 3.78000000e+01 -1.13025033e+00
 3.81000000e+01 0.00000000e+00 3.81000000e+01 5.75131497e+00 3.81000000e+01 -1.31891488e+00
 3.84000000e+01 0.00000000e+00 3.84000000e+01 5.23548609e+00 3.84000000e+01 -3.96331627e-01
 3.87000000e+01 0.00000000e+00 3.87000000e+01 6.07814909e+00 3.87000000e+01 -1.52840249e+00
 3.90000000e+01 0.00000000e+00 3.90000000e+01 5.37056102e+00 3.90000000e+01 -2.02681240e+00
 3.93000000e+01 0.00000000e+00 3.93000000e+01 6.19871157e+00 3.93000000e+01 -1.35588002e+00
 3.96000000e+01 0.00000000e+00 3.96000000e+01 6.02424293e+00 3.96000000e+01 -1.43751926e+00
 3.99000000e+01 0.00000000e+00 3.99000000e+01 6.26850352e+00 3.99000000e+01 -1.50530655e+00
 4.02000000e+01 0.00000000e+00 4.02000000e+01 6.46130702e+00 4.02000000e+01 -5.62125204e-01
 4.05000000e+01 0.00000000e+00 4.05000000e+01 6.37702964e+00 4.05000000e+01 -3.80477150e-02
 4.08000000e+01 0.00000000e+00 4.08000000e+01 6.02155644e+00 4.08000000e+01 -9.59925962e-01
 4.11000000e+01 0.00000000e+00 4.11000000e+01 6.06961581e+00 4.11000000e+01 -5.20245987e-01
 4.14000000e+01 0.00000000e+00 4.14000000e+01 6.69667337e+00 4.14000000e+01 5.66318205e-02
 4.17000000e+01 0.00000000e+00 4.17000000e+01 6.04863004e+00 4.17000000e+01 -4.46119401e-01
 4.20000000e+01 0.00000000e+00 4.20000000e+01 6.74902698e+00 4.20000000e+01 -2.77977991e-01
 4.23000000e+01 0.00000000e+00 4.23000000e+01 6.55909708e+00 4.23000000e+01 -7.19138056e-01
 4.26000000e+01 0.00000000e+00 4.26000000e+01 6.77212024e+00 4.26000000e+01 -1.01543657e+00
 4.29000000e+01 0.00000000e+00 4.29000000e+01 6.91777519e+00 4.29000000e+01 -6.77907325e-01
 4.32000000e+01 0.00000000e+00 4.32000000e+01 6.36877371e+00 4.32000000e+01 -1.95725929e-01
 4.35000000e+01 0.00000000e+00 4.35000000e+01 6.39138258e+00 4.35000000e+01 -5.43976984e-01
 4.38000000e+01 0.00000000e+00 4.38000000e+01 6.79728676e+00 4.38000000e+01 -6.25428469e-01
 4.41000000e+01 0.00000000e+00 4.41000000e+01 6.12822031e+00 4.41000000e+01 -6.67332084e-01
 4.44000000e+01 0.00000000e+00 4.44000000e+01 6.22783720e+00 4.44000000e+01 -9.52335194e-01
 4.47000000e+01 0.00000000e+00 4.47000000e+01 6.37243613e+00 4.47000000e+01 1.45567657e-01
 4.50000000e+01 0.00000000e+00 4.50000000e+01 6.18848127e+00 4.50000000e+01 -7.38209905e-01
 4.53000000e+01 0.00000000e+00 4.53000000e+01 7.19435491e+00 4.53000000e+01 -1.85588107e-01
 4.56000000e+01 0.00000000e+00 4.56000000e+01 6.33859635e+00 4.56000000e+01 -5.35104422e-01
 4.59000000e+01 0.00000000e+00 4.59000000e+01 6.77446872e+00 4.59000000e+01 -1.07950281e+00
 4.62000000e+01 0.00000000e+00 4.62000000e+01 5.98802632e+00 4.62000000e+01 -4.71838049e-01
 4.65000000e+01 0.00000000e+00 4.65000000e+01 6.47298128e+00 4.65000000e+01 -9.62619109e-01
 4.68000000e+01 0.00000000e+00 4.68000000e+01 6.87530601e+00 4.68000000e+01 -8.71441976e-01
 4.71000000e+01 0.00000000e+00 4.71000000e+01 6.52568000e+00 4.71000000e+01 -9.47461527e-01
 4.74000000e+01 0.00000000e+00 4.74000000e+01 6.24705079e+00 4.74000000e+01 -1.03795891e+00
 4.77000000e+01 0.00000000e+00 4.77000000e+01 6.39629909e+00 4.77000000e+01 -2.66594001e-01
 4.80000000e+01 0.00000000e+00 4.80000000e+01 6.84830185e+00 4.80000000e+01 -6.13077664e-01
 4.83000000e+01 0.00000000e+00 4.83000000e+01 6.24156603e+00 4.83000000e+01 -1.39710325e-01
 4.86000000e+01 0.00000000e+00 4.86000000e+01 6.38376120e+00 4.86000000e+01 -5.35042679e-01
 4.89000000e+01 0.00000000e+00 4.89000000e+01 6.57820976e+00 4.89000000e+01 -6.01374254e-01
 4.92000000e+01 0.00000000e+00 4.92000000e+01 6.46357282e+00 4.92000000e+01 -4.57716816e-01
 4.95000000e+01 0.00000000e+00 4.95000000e+01 7.24342853e+00 4.95000000e+01 -1.69866930e-01
 4.98000000e+01 0.00000000e+00 4.98000000e+01 5.73254287e+00 4.98000000e+01 -8.54395477e-01
 5.01000000e+01 0.00000000e+00 5.01000000e+01 3.86070186e+00 5.01000000e+01 -4.46529621e+00
 5.04000000e+01 0.00000000e+00 5.04000000e+01 3.55760425e+00 5.04000000e+01 -4.78730544e+00
 5.07000000e+01 0.00000000e+00 5.07000000e+01 3.86014967e+00 5.07000000e+01 -4.15880633e+00
 5.10000000e+01 0.00000000e+00 5.10000000e+01 3.90441932e+00 5.10000000e+01 -4.19716233e+00
 5.13000000e+01 0.00000000e+00 5.13000000e+01 3.79712431e+00 5.13000000e+01 -4.46221656e+00
 5.16000000e+01 0.00000000e+00 5.16000000e+01 3.90898271e+00 5.16000000e+01 -4.92671273e+00
 5.19000000e+01 0.00000000e+00 5.19000000e+01 3.98279238e+00 5.19000000e+01 -4.56716934e+00
 5.22000000e+01 0.00000000e+00 5.22000000e+01 3.85582498e+00 5.22000000e+01 -3.83400360e+00
 5.25000000e+01 0.00000000e+00 5.25000000e+01 3.73718428e+00 5.25000000e+01 -4.70799327e+00
 5.28000000e+01 0.00000000e+00 5.28000000e+01 3.63392370e+00 5.28000000e+01 -4.10137046e+00
 5.31000000e+01 0.00000000e+00 5.31000000e+01 3.79175758e+00 5.31000000e+01 -4.32686379e+00
 5.34000000e+01 0.00000000e+00 5.34000000e+01 3.95343898e+00 5.34000000e+01 -4.19705622e+00
 5.37000000e+01 0.00000000e+00 5.37000000e+01 3.59556620e+00 5.37000000e+01 -4.40200678e+00
 5.40000000e+01 0.00000000e+00 5.40000000e+01 3.67812267e+00 5.40000000e+01 -3.74969086e+00
 5.43000000e+01 0.00000000e+00 5.43000000e+01 3.76717214e+00 5.43000000e+01 -4.51181131e+00
 5.46000000e+01 0.00000000e+00 5.46000000e+01 4.18168996e+00 5.46000000e+01 -4.29937283e+00
 5.49000000e+01 0.00000000e+00 5.49000000e+01 3.52440519e+00 5.49000000e+01 -4.37052402e+00
 5.52000000e+01 0.00000000e+00 5.52000000e+01 6.58650959e+00 5.52000000e+01 -4.40194401e+00
 5.55000000e+01 0.00000000e+00 5.55000000e+01 6.35076787e+00 5.55000000e+01 -4.22226802e+00
 5.58000000e+01 0.00000000e+00 5.58000000e+01 6.97639762e+00 5.58000000e+01 -4.27622168e+00
 5.61000000e+01 0.00000000e+00 5.61000000e+01 6.39391764e+00 5.61000000e+01 -3.96595422e+00
 5.64000000e+01 0.00000000e+00 5.64000000e+01 6.46407878e+00 5.64000000e+01 -3.74430718e+00
 5.67000000e+01 0.00000000e+00 5.67000000e+01 6.77849163e+00 5.67000000e+01 -3.83958466e+00
 5.70000000e+01 0.00000000e+00 5.70000000e+01 7.14007460e+00 5.70000000e+01 -4.29702056e+00
 5.73000000e+01 0.00000000e+00 5.73000000e+01 6.35636746e+00 5.73000000e+01 -4.75175677e+00
 5.76000000e+01 0.00000000e+00 5.76000000e+01 6.87585494e+00 5.76000000e+01 -3.67584778e+00
 5.79000000e+01 0.00000000e+00 5.79000000e+01 6.42862099e+00 5.79000000e+01 -3.75546821e+00
 5.82000000e+01 0.00000000e+00 5.82000000e+01 6.52099881e+00 5.82000000e+01 -4.05012436e+00
 5.85000000e+01 0.00000000e+00 5.85000000e+01 6.56546309e+00 5.85000000e+01 -4.18641558e+00
 5.88000000e+01 0.00000000e+00 5.88000000e+01 6.34575994e+00 5.88000000e+01 -4.39594785e+00
 5.91000000e+01 0.00000000e+00 5.91000000e+01 6.66007927e+00 5.91000000e+01 -4.50609858e+00
 5.94000000e+01 0.00000000e+00 5.94000000e+01 5.58762595e+00 5.94000000e+01 -4.14192846e+00
 5.97000000e+01 0.00000000e+00 5.97000000e+01 6.00778572e+00 5.97000000e+01 -3.87972006e+00
