 0.00000000e+00 0.00000000e+00 0.00000000e+00 6.71697077e+00 0.00000000e+00 -5.88338797e+00
 3.00000000e-01 0.00000000e+00 3.00000000e-01 7.69429739e+00 3.00000000e-01 -5.61822090e+00
 6.00000000e-01 0.00000000e+00 6.00000000e-01 7.16923594e+00 6.00000000e-01 -6.12649136e+00
 9.00000000e-01 0.00000000e+00 9.00000000e-01 6.72348643e+00 9.00000000e-01 -6.20207665e+00
 1.20000000e+00 0.00000000e+00 1.20000000e+00 7.06018837e+00 1.20000000e+00 -6.13969418e+00
 1.50000000e+00 0.00000000e+00 1.50000000e+00 7.41317888e+00 1.50000000e+00 -6.09999554e+00
 1.80000000e+00 0.00000000e+00 1.80000000e+00 6.69961048e+00 1.80000000e+00 -5.31898927e+00
 2.10000000e+00 0.00000000e+00 2.10000000e+00 7.27293131e+00 2.10000000e+00 -5.94673976e+00
 2.40000000e+00 0.00000000e+00 2.40000000e+00 7.16865154e+00 2.40000000e+00 -5.53796697e+00
 2.70000000e+00 0.00000000e+00 2.70000000e+00 7.55578561e+00 2.70000000e+00 -5.75242667e+00
 3.00000000e+00 0.00000000e+00 3.00000000e+00 7.47749222e+00 3.00000000e+00 -5.65693363e+00
 3.30000000e+00 0.00000000e+00 3.30000000e+00 6.87420493e+00 3.30000000e+00 -5.46222189e+00
 3.60000000e+00 0.00000000e+00 3.60000000e+00 6.88422345e+00 3.60000000e+00 -5.93710740e+00
 3.90000000e+00 0.00000000e+00 3.90000000e+00 6.99264954e+00 3.90000000e+00 -5.26420647e+00
 4.20000000e+00 0.00000000e+00 4.20000000e+00 7.01510615e+00 4.20000000e+00 -5.17242256e+00
 4.50000000e+00 0.00000000e+00 4.50000000e+00 7.13628491e+00 4.50000000e+00 -5.62570407e+00
 4.80000000e+00 0.00000000e+00 4.80000000e+00 7.09455991e+00 4.80000000e+00 -5.11868732e+00
 5.10000000e+00 0.00000000e+00 5.10000000e+00 7.05805097e+00 5.10000000e+00 -5.63564199e+00
 5.40000000e+00 0.00000000e+00 5.40000000e+00 7.93259763e+00 5.40000000e+00 -6.27287340e+00
 5.70000000e+00 0.00000000e+00 5.70000000e+00 7.21006175e+00 5.70000000e+00 -5.53322696e+00
 6.00000000e+00 0.00000000e+00 6.00000000e+00 6.44379930e+00 6.00000000e+00 -5.96894595e+00
 6.30000000e+00 0.00000000e+00 6.30000000e+00 7.36286404e+00 6.30000000e+00 -6.22582563e+00
 6.60000000e+00 0.00000000e+00 6.60000000e+00 7.19177780e+00 6.60000000e+00 -5.49729010e+00
 6.90000000e+00 0.00000000e+00 6.90000000e+00 7.09578705e+00 6.90000000e+00 -5.88137548e+00
 7.20000000e+00 0.00000000e+00 7.20000000e+00 7.48036158e+00 7.20000000e+00 -6.37717440e+00
 7.50000000e+00 0.00000000e+00 7.50000000e+00 7.20692659e+00 7.50000000e+00 -5.73635218e+00
 7.80000000e+00 0.00000000e+00 7.80000000e+00 6.97418873e+00 7.80000000e+00 -6.26196212e+00
 8.10000000e+00 0.00000000e+00 8.10000000e+00 7.02774546e+00 8.10000000e+00 -5.54973263e+00
 8.40000000e+00 0.00000000e+00 8.40000000e+00 7.30105156e+00 8.40000000e+00 -6.11906831e+00
 8.70000000e+00 0.00000000e+00 8.70000000e+00 7.20118854e+00 8.70000000e+00 -5.83292884e+00
 9.00000000e+00 0.00000000e+00 9.00000000e+00 7.47025811e+00 9.00000000e+00 -5.70333688e+00
 9.30000000e+00 0.00000000e+00 9.30000000e+00 7.02932414e+00 9.30000000e+00 -5.50592756e+00
 9.60000000e+00 0.00000000e+00 9.60000000e+00 7.59370498e+00 9.60000000e+00 -5.85749662e+00
 9.90000000e+00 0.00000000e+00 9.90000000e+00 7.63773858e+00 9.90000000e+00 -5.28924825e+00
 1.02000000e+01 0.00000000e+00 1.02000000e+01 7.70649214e+00 1.02000000e+01 -5.79481834e+00
 1.05000000e+01 0.00000000e+00 1.05000000e+01 6.63871403e+00 1.05000000e+01 -5.80610842e+00
 1.08000000e+01 0.00000000e+00 1.08000000e+01 7.06052325e+00 1.08000000e+01 -5.23342535e+00
 1.11000000e+01 0.00000000e+00 1.11000000e+01 6.97275976e+00 1.11000000e+01 -6.02402859e+00
 1.14000000e+01 0.00000000e+00 1.14000000e+01 7.41220412e+00 1.14000000e+01 -6.00291985e+00
 1.17000000e+01 0.00000000e+00 1.17000000e+01 7.52655510e+00 1.17000000e+01 -6.42568655e+00
 1.20000000e+01 0.00000000e+00 1.20000000e+01 7.91412807e+00 1.20000000e+01 -5.90921026e+00
 1.23000000e+01 0.00000000e+00 1.23000000e+01 7.14982236e+00 1.23000000e+01 -5.62221740e+00
 1.26000000e+01 0.00000000e+00 1.26000000e+01 7.78249394e+00 1.26000000e+01 -6.01928695e+00
 1.29000000e+01 0.00000000e+00 1.29000000e+01 7.39154495e+00 1.29000000e+01 -6.12135257e+00
 1.32000000e+01 0.00000000e+00 1.32000000e+01 7.00825664e+00 1.32000000e+01 -5.81226851e+00
 1.35000000e+01 0.00000000e+00 1.35000000e+01 7.14068481e+00 1.35000000e+01 -5.27282488e+00
 1.38000000e+01 0.00000000e+00 1.38000000e+01 7.16579312e+00 1.38000000e+01 -6.15872261e+00
 1.41000000e+01 0.00000000e+00 1.41000000e+01 7.12011599e+00 1.41000000e+01 -5.58896277e+00
 1.44000000e+01 0.00000000e+00 1.44000000e+01 6.96541019e+00 1.44000000e+01 -5.79493540e+00
 1.47000000e+01 0.00000000e+00 1.47000000e+01 6.87320126e+00 1.47000000e+01 -5.97359587e+00
 1.50000000e+01 0.00000000e+00 1.50000000e+01 7.19758013e+00 1.50000000e+01 -5.88887736e+00
 1.53000000e+01 0.00000000e+00 1.53000000e+01 5.40048522e-01 1.53000000e+01 -6.51813226e+00
 1.56000000e+01 0.00000000e+00 1.56000000e+01 5.07311485e-02 1.56000000e+01 -5.69231417e+00
 1.59000000e+01 0.00000000e+00 1.59000000e+01 1.37386517e+00 1.59000000e+01 -5.74239233e+00
 1.62000000e+01 0.00000000e+00 1.62000000e+01 8.63412876e-01 1.62000000e+01 -5.51188738e+00
 1.65000000e+01 0.00000000e+00 1.65000000e+01 6.77074108e-01 1.65000000e+01 -5.20853849e+00
 1.68000000e+01 0.00000000e+00 1.68000000e+01 8.55268614e-01 1.68000000e+01 -5.74541830e+00
 1.71000000e+01 0.00000000e+00 1.71000000e+01 9.91577651e-01 1.71000000e+01 -5.57241691e+00
 1.74000000e+01 0.00000000e+00 1.74000000e+01 2.14215755e-01 1.74000000e+01 -5.30943639e+00
 1.77000000e+01 0.00000000e+00 1.77000000e+01 9.83390137e-01 1.77000000e+01 -5.39132386e+00
 1.80000000e+01 0.00000000e+00 1.80000000e+01 7.00681893e-01 1.80000000e+01 -5.91852304e+00
 1.83000000e+01 0.00000000e+00 1.83000000e+01 3.40105407e-01 1.83000000e+01 -5.59104776e+00
 1.86000000e+01 0.00000000e+00 1.86000000e+01 5.88220279e-01 1.86000000e+01 -5.29935299e+00
 1.89000000e+01 0.00000000e+00 1.89000000e+01 9.40773947e-01 1.89000000e+01 -6.12380585e+00
 1.92000000e+01 0.00000000e+00 1.92000000e+01 1.55998612e+00 1.92000000e+01 -6.27889525e+00
 1.95000000e+01 0.00000000e+00 1.95000000e+01 4.33201375e-01 1.95000000e+01 -5.85399743e+00
 1.98000000e+01 0.00000000e+00 1.98000000e+01 6.75860425e-02 1.98000000e+01 -5.77897817e+00
 2.01000000e+01 0.00000000e+00 2.01000000e+01 1.12571783e+00 2.01000000e+01 -5.56933761e+00
 2.04000000e+01 0.00000000e+00 2.04000000e+01 6.34899620e-01 2.04000000e+01 -4.99628931e+00
 2.07000000e+01 0.00000000e+00 2.07000000e+01 8.17959688e-01 2.07000000e+01 -5.71610750e+00
 2.10000000e+01 0.00000000e+00 2.10000000e+01 4.05424516e-01 2.10000000e+01 -5.68797669e+00
 2.13000000e+01 0.00000000e+00 2.13000000e+01 1.46859913e+00 2.13000000e+01 -4.73672951e+00
 2.16000000e+01 0.00000000e+00 2.16000000e+01 1.15877518e+00 2.16000000e+01 -5.19994991e+00
 2.19000000e+01 0.00000000e+00 2.19000000e+01 6.19116595e-01 2.19000000e+01 -5.47445131e+00
 2.22000000e+01 0.00000000e+00 2.22000000e+01 6.12071455e-01 2.22000000e+01 -5.45436342e+00
 2.25000000e+01 0.00000000e+00 2.25000000e+01 1.11381387e+00 2.25000000e+01 -5.54369504e+00
 2.28000000e+01 0.00000000e+00 2.28000000e+01 7.78045435e-02 2.28000000e+01 -5.61458453e+00
 2.31000000e+01 0.00000000e+00 2.31000000e+01 7.31350929e-01 2.31000000e+01 -5.09495608e+00
 2.34000000e+01 0.00000000e+00 2.34000000e+01 5.80620313e-01 2.34000000e+01 -5.45219707e+00
 2.37000000e+01 0.00000000e+00 2.37000000e+01 5.09975624e-01 2.37000000e+01 -5.08042149e+00
 2.40000000e+01 0.00000000e+00 2.40000000e+01 9.05438543e-01 2.40000000e+01 -6.03787839e+00
 2.43000000e+01 0.00000000e+00 2.43000000e+01 2.82145422e-01 2.43000000e+01 -5.54833650e+00
 2.46000000e+01 0.00000000e+00 2.46000000e+01 9.54349433e-01 2.46000000e+01 -5.65243133e+00
 2.49000000e+01 0.00000000e+00 2.49000000e+01 1.17907495e+00 2.49000000e+01 -5.17857107e+00
 2.52000000e+01 0.00000000e+00 2.52000000e+01 2.54531471e+00 2.52000000e+01 -3.38930596e+00
 2.55000000e+01 0.00000000e+00 2.55000000e+01 2.28087732e+00 2.55000000e+01 -3.67433112e+00
 2.58000000e+01 0.00000000e+00 2.58000000e+01 2.56086788e+00 2.58000000e+01 -3.72380867e+00
 2.61000000e+01 0.00000000e+00 2.61000000e+01 2.30830113e+00 2.61000000e+01 -3.65995023e+00
 2.64000000e+01 0.00000000e+00 2.64000000e+01 2.48872693e+00 2.64000000e+01 -3.60091454e+00
 2.67000000e+01 0.00000000e+00 2.67000000e+01 2.93264829e+00 2.67000000e+01 -3.68316938e+00
 2.70000000e+01 0.00000000e+00 2.70000000e+01 2.82998740e+00 2.70000000e+01 -2.92006568e+00
 2.73000000e+01 0.00000000e+00 2.73000000e+01 2.22628871e+00 2.73000000e+01 -3.70330107e+00
 2.76000000e+01 0.00000000e+00 2.76000000e+01 2.75583404e+00 2.76000000e+01 -3.75887307e+00
 2.79000000e+01 0.00000000e+00 2.79000000e+01 3.21570285e+00 2.79000000e+01 -3.35126095e+00
 2.82000000e+01 0.00000000e+00 2.82000000e+01 2.52082136e+00 2.82000000e+01 -3.30735719e+00
 2.85000000e+01 0.00000000e+00 2.85000000e+01 2.85505124e+00 2.85000000e+01 -3.07219935e+00
 2.88000000e+01 0.00000000e+00 2.88000000e+01 2.86518142e+00 2.88000000e+01 -3.04684864e+00
 2.91000000e+01 0.00000000e+00 2.91000000e+01 2.71182244e+00 2.91000000e+01 -3.39710635e+00
 2.94000000e+01 0.00000000e+00 2.94000000e+01 2.42172889e+00 2.94000000e+01 -3.18817012e+00
 2.97000000e+01 0.00000000e+00 2.97000000e+01 2.84184852e+00 2.97000000e+01 -2.75014511e+00
 3.00000000e+01 0.00000000e+00 3.00000000e+01 2.36367722e+00 3.00000000e+01 -3.36810885e+00
 3.03000000e+01 0.00000000e+00 3.03000000e+01 2.49071153e+00 3.03000000e+01 -3.15637908e+00
 3.06000000e+01 0.00000000e+00 3.06000000e+01 2.52205520e+00 3.06000000e+01 -3.31384545e+00
 3.09000000e+01 0.00000000e+00 3.09000000e+01 3.05107201e+00 3.09000000e+01 -3.31092724e+00
 3.12000000e+01 0.00000000e+00 3.12000000e+01 2.91151009e+00 3.12000000e+01 -2.87566203e+00
 3.15000000e+01 0.00000000e+00 3.15000000e+01 2.37227199e+00 3.15000000e+01 -3.44761816e+00
 3.18000000e+01 0.00000000e+00 3.18000000e+01 2.83362426e+00 3.18000000e+01 -3.90947470e+00
 3.21000000e+01 0.00000000e+00 3.21000000e+01 3.46641454e+00 3.21000000e+01 -4.09969076e+00
 3.24000000e+01 0.00000000e+00 3.24000000e+01 3.02357784e+00 3.24000000e+01 -2.83784983e+00
 3.27000000e+01 0.00000000e+00 3.27000000e+01 2.73818944e+00 3.27000000e+01 -3.67451491e+00
 3.30000000e+01 0.00000000e+00 3.30000000e+01 2.79621259e+00 3.30000000e+01 -3.11078447e+00
 3.33000000e+01 0.00000000e+00 3.33000000e+01 2.68493261e+00 3.33000000e+01 -3.33141361e+00
 3.36000000e+01 0.00000000e+00 3.36000000e+01 2.79032897e+00 3.36000000e+01 -2.82555620e+00
 3.39000000e+01 0.00000000e+00 3.39000000e+01 2.49173709e+00 3.39000000e+01 -2.57087838e+00
 3.42000000e+01 0.00000000e+00 3.42000000e+01 2.16987805e+00 3.42000000e+01 -2.70168600e+00
 3.45000000e+01 0.00000000e+00 3.45000000e+01 3.00110754e+00 3.45000000e+01 -2.89071982e+00
 3.48000000e+01 0.00000000e+00 3.48000000e+01 2.74411958e+00 3.48000000e+01 -2.92870088e+00
 3.51000000e+01 0.00000000e+00 3.51000000e+01 5.56710316e+00 3.51000000e+01 -1.30255033e+00
 3.54000000e+01 0.00000000e+00 3.54000000e+01 5.56211165e+00 3.54000000e+01 -1.13718208e+00
 3.57000000e+01 0.00000000e+00 3.57000000e+01 5.19147141e+00 3.57000000e+01 -7.13036239e-01
 3.60000000e+01 0.00000000e+00 3.60000000e+01 5.80084784e+00 3.60000000e+01 -7.77780533e-01
 3.63000000e+01 0.00000000e+00 3.63000000e+01 6.10083308e+00 3.63000000e+01 -5.30717959e-01
 3.66000000e+01 0.00000000e+00 3.66000000e+01 5.78888141e+00 3.66000000e+01 -1.33077271e+00
 3.69000000e+01 0.00000000e+00 3.69000000e+01 6.15322742e+00 3.69000000e+01 -5.75671393e-01
 3.72000000e+01 0.00000000e+00 3.72000000e+01 5.67488063e+00 3.72000000e+01 -5.33128359e-01
 3.75000000e+01 0.00000000e+00 3.75000000e+01 5.89368694e+00 3.75000000e+01 -1.35114829e+00
 3.78000000e+01 0.00000000e+00 3.78000000e+01 5.22797279e+00 3.78000000e+01 -1.07734912e+00
 3.81000000e+01 0.00000000e+00 3.81000000e+01 5.35926099e+00 3.81000000e+01 -9.81989120e-01
 3.84000000e+01 0.00000000e+00 3.84000000e+01 5.31495923e+00 3.84000000e+01 -1.04781991e+00
 3.87000000e+01 0.00000000e+00 3.87000000e+01 5.79443030e+00 3.87000000e+01 -5.43319814e-01
 3.90000000e+01 0.00000000e+00 3.90000000e+01 5.26487509e+00 3.90000000e+01 -6.64850838e-01
 3.93000000e+01 0.00000000e+00 3.93000000e+01 5.84754314e+00 3.93000000e+01 -8.17129900e-01
 3.96000000e+01 0.00000000e+00 3.96000000e+01 6.61517567e+00 3.96000000e+01 -7.93631876e-01
 3.99000000e+01 0.00000000e+00 3.99000000e+01 5.08165211e+00 3.99000000e+01 -5.18929558e-01
 4.02000000e+01 0.00000000e+00 4.02000000e+01 6.44940805e+00 4.02000000e+01 -4.55185475e+00
 4.05000000e+01 0.00000000e+00 4.05000000e+01 6.44295962e+00 4.05000000e+01 -3.94300171e+00
 4.08000000e+01 0.00000000e+00 4.08000000e+01 6.55162988e+00 4.08000000e+01 -5.09613696e+00
 4.11000000e+01 0.00000000e+00 4.11000000e+01 6.26570335e+00 4.11000000e+01 -4.23159388e+00
 4.14000000e+01 0.00000000e+00 4.14000000e+01 6.19602405e+00 4.14000000e+01 -4.04976309e+00
 4.17000000e+01 0.00000000e+00 4.17000000e+01 6.26177450e+00 4.17000000e+01 -4.06866522e+00
 4.20000000e+01 0.00000000e+00 4.20000000e+01 6.50822446e+00 4.20000000e+01 -4.03602541e+00
 4.23000000e+01 0.00000000e+00 4.23000000e+01 5.95071481e+00 4.23000000e+01 -4.42057392e+00
 4.26000000e+01 0.00000000e+00 4.26000000e+01 6.43351508e+00 4.26000000e+01 -4.19562734e+00
 4.29000000e+01 0.00000000e+00 4.29000000e+01 5.81161255e+00 4.29000000e+01 -4.44688542e+00
 4.32000000e+01 0.00000000e+00 4.32000000e+01 5.97736081e+00 4.32000000e+01 -4.41370235e+00
 4.35000000e+01 0.00000000e+00 4.35000000e+01 6.10934447e+00 4.35000000e+01 -4.10854605e+00
 4.38000000e+01 0.00000000e+00 4.38000000e+01 5.90249515e+00 4.38000000e+01 -3.97995833e+00
 4.41000000e+01 0.00000000e+00 4.41000000e+01 5.91096083e+00 4.41000000e+01 -4.76788801e+00
 4.44000000e+01 0.00000000e+00 4.44000000e+01 5.91968786e+00 4.44000000e+01 -4.38053029e+00
 4.47000000e+01 0.00000000e+00 4.47000000e+01 6.35618541e+00 4.47000000e+01 -4.87209859e+00
 4.50000000e+01 0.00000000e+00 4.50000000e+01 6.78879531e+00 4.50000000e+01 -4.61191215e+00
 4.53000000e+01 0.00000000e+00 4.53000000e+01 6.37346537e+00 4.53000000e+01 -3.85834305e+00
 4.56000000e+01 0.00000000e+00 4.56000000e+01 6.15975637e+00 4.56000000e+01 -4.80195208e+00
 4.59000000e+01 0.00000000e+00 4.59000000e+01 6.44582370e+00 4.59000000e+01 -4.51594199e+00
 4.62000000e+01 0.00000000e+00 4.62000000e+01 6.27592331e+00 4.62000000e+01 -4.56677274e+00
 4.65000000e+01 0.00000000e+00 4.65000000e+01 5.99547613e+00 4.65000000e+01 -3.87911094e+00
 4.68000000e+01 0.00000000e+00 4.68000000e+01 5.77867379e+00 4.68000000e+01 -4.14931747e+00
 4.71000000e+01 0.00000000e+00 4.71000000e+01 5.61491184e+00 4.71000000e+01 -4.37012956e+00
 4.74000000e+01 0.00000000e+00 4.74000000e+01 5.89416479e+00 4.74000000e+01 -5.10435896e+00
 4.77000000e+01 0.00000000e+00 4.77000000e+01 5.90023412e+00 4.77000000e+01 -3.75822433e+00
 4.80000000e+01 0.00000000e+00 4.80000000e+01 6.49863715e+00 4.80000000e+01 -4.49885639e+00
 4.83000000e+01 0.00000000e+00 4.83000000e+01 6.09481142e+00 4.83000000e+01 -4.20077364e+00
 4.86000000e+01 0.00000000e+00 4.86000000e+01 6.42772723e+00 4.86000000e+01 -4.21366739e+00
 4.89000000e+01 0.00000000e+00 4.89000000e+01 6.21008862e+00 4.89000000e+01 -4.05476344e+00
 4.92000000e+01 0.00000000e+00 4.92000000e+01 6.47063701e+00 4.92000000e+01 -4.53813685e+00
 4.95000000e+01 0.00000000e+00 4.95000000e+01 6.70209416e+00 4.95000000e+01 -3.85266683e+00
 4.98000000e+01 0.00000000e+00 4.98000000e+01 5.78268311e+00 4.98000000e+01 -4.21110578e+00
 5.01000000e+01 0.00000000e+00 5.01000000e+01 2.88852934e+00 5.01000000e+01 -3.32868881e+00
 5.04000000e+01 0.00000000e+00 5.04000000e+01 3.08393875e+00 5.04000000e+01 -3.15137251e+00
 5.07000000e+01 0.00000000e+00 5.07000000e+01 2.89972220e+00 5.07000000e+01 -3.49238504e+00
 5.10000000e+01 0.00000000e+00 5.10000000e+01 2.67694673e+00 5.10000000e+01 -2.65896211e+00
 5.13000000e+01 0.00000000e+00 5.13000000e+01 3.37363831e+00 5.13000000e+01 -2.93696808e+00
 5.16000000e+01 0.00000000e+00 5.16000000e+01 2.88715856e+00 5.16000000e+01 -2.55459671e+00
 5.19000000e+01 0.00000000e+00 5.19000000e+01 2.81226263e+00 5.19000000e+01 -3.07746003e+00
 5.22000000e+01 0.00000000e+00 5.22000000e+01 2.89870725e+00 5.22000000e+01 -2.97367782e+00
 5.25000000e+01 0.00000000e+00 5.25000000e+01 2.45143905e+00 5.25000000e+01 -2.85536523e+00
 5.28000000e+01 0.00000000e+00 5.28000000e+01 2.90589313e+00 5.28000000e+01 -2.75790740e+00
 5.31000000e+01 0.00000000e+00 5.31000000e+01 3.01415464e+00 5.31000000e+01 -2.82304305e+00
 5.34000000e+01 0.00000000e+00 5.34000000e+01 2.65284065e+00 5.34000000e+01 -2.41712655e+00
 5.37000000e+01 0.00000000e+00 5.37000000e+01 2.62450798e+00 5.37000000e+01 -3.09655262e+00
 5.40000000e+01 0.00000000e+00 5.40000000e+01 2.65272254e+00 5.40000000e+01 -3.29875142e+00
 5.43000000e+01 0.00000000e+00 5.43000000e+01 2.48083702e+00 5.43000000e+01 -3.11506970e+00
 5.46000000e+01 0.00000000e+00 5.46000000e+01 3.03342461e+00 5.46000000e+01 -2.89820865e+00
 5.49000000e+01 0.00000000e+00 5.49000000e+01 2.92553577e+00 5.49000000e+01 -3.18158274e+00
 5.52000000e+01 0.00000000e+00 5.52000000e+01 7.24040543e+00 5.52000000e+01 -5.59950665e+00
 5.55000000e+01 0.00000000e+00 5.55000000e+01 6.86615594e+00 5.55000000e+01 -5.38612647e+00
 5.58000000e+01 0.00000000e+00 5.58000000e+01 6.90172386e+00 5.58000000e+01 -5.54641516e+00
 5.61000000e+01 0.00000000e+00 5.61000000e+01 7.12895221e+00 5.61000000e+01 -5.05961427e+00
 5.64000000e+01 0.00000000e+00 5.64000000e+01 7.61690213e+00 5.64000000e+01 -5.30093650e+00
 5.67000000e+01 0.00000000e+00 5.67000000e+01 7.71261162e+00 5.67000000e+01 -5.03608460e+00
 5.70000000e+01 0.00000000e+00 5.70000000e+01 7.72637260e+00 5.70000000e+01 -5.76591810e+00
 5.73000000e+01 0.00000000e+00 5.73000000e+01 6.70743135e+00 5.73000000e+01 -5.50954233e+00
 5.76000000e+01 0.00000000e+00 5.76000000e+01 7.19649776e+00 5.76000000e+01 -5.40971712e+00
 5.79000000e+01 0.00000000e+00 5.79000000e+01 6.70348453e+00 5.79000000e+01 -5.66944136e+00
 5.82000000e+01 0.00000000e+00 5.82000000e+01 7.67610910e+00 5.82000000e+01 -6.10880384e+00
 5.85000000e+01 0.00000000e+00 5.85000000e+01 7.05279186e+00 5.85000000e+01 -5.81965532e+00
 5.88000000e+01 0.00000000e+00 5.88000000e+01 7.20670056e+00 5.88000000e+01 -5.79546870e+00
 5.91000000e+01 0.00000000e+00 5.91000000e+01 7.53517647e+00 5.91000000e+01 -5.49952732e+00
 5.94000000e+01 0.00000000e+00 5.94000000e+01 6.93666277e+00 5.94000000e+01 -6.02039944e+00
 5.97000000e+01 0.00000000e+00 5.97000000e+01 7.17674509e+00 5.97000000e+01 -5.92466530e+00
