 0.00000000e+00 0.00000000e+00 0.00000000e+00 7.81190750e+00 0.00000000e+00 -5.42793121e+00
 3.00000000e-01 0.00000000e+00 3.00000000e-01 7.70278375e+00 3.00000000e-01 -5.77596688e+00
 6.00000000e-01 0.00000000e+00 6.00000000e-01 8.57573913e+00 6.00000000e-01 -5.64353082e+00
 9.00000000e-01 0.00000000e+00 9.00000000e-01 7.37254965e+00 9.00000000e-01 -5.89007702e+00
 1.20000000e+00 0.00000000e+00 1.20000000e+00 7.92375186e+00 1.20000000e+00 -5.96617314e+00
 1.50000000e+00 0.00000000e+00 1.50000000e+00 7.49370876e+00 1.50000000e+00 -6.10574352e+00
 1.80000000e+00 0.00000000e+00 1.80000000e+00 8.72990863e+00 1.80000000e+00 -4.81140933e+00
 2.10000000e+00 0.00000000e+00 2.10000000e+00 7.62413442e+00 2.10000000e+00 -6.01128192e+00
 2.40000000e+00 0.00000000e+00 2.40000000e+00 8.20455025e+00 2.40000000e+00 -5.51515495e+00
 2.70000000e+00 0.00000000e+00 2.70000000e+00 7.40168823e+00 2.70000000e+00 -5.46124750e+00
 3.00000000e+00 0.00000000e+00 3.00000000e+00 8.03648824e+00 3.00000000e+00 -6.13467935e+00
 3.30000000e+00 0.00000000e+00 3.30000000e+00 8.37450628e+00 3.30000000e+00 -6.14029872e+00
 3.60000000e+00 0.00000000e+00 3.60000000e+00 7.60299491e+00 3.60000000e+00 -5.29745795e+00
 3.90000000e+00 0.00000000e+00 3.90000000e+00 8.26253164e+00 3.90000000e+00 -5.50742208e+00
 4.20000000e+00 0.00000000e+00 4.20000000e+00 8.16013314e+00 4.20000000e+00 -6.18586801e+00
 4.50000000e+00 0.00000000e+00 4.50000000e+00 8.05626566e+00 4.50000000e+00 -6.03026915e+00
 4.80000000e+00 0.00000000e+00 4.80000000e+00 8.43363808e+00 4.80000000e+00 -5.43556880e+00
 5.10000000e+00 0.00000000e+00 5.10000000e+00 8.33623286e+00 5.10000000e+00 -4.99655367e+00
 5.40000000e+00 0.00000000e+00 5.40000000e+00 7.60815787e+00 5.40000000e+00 -5.86512257e+00
 5.70000000e+00 0.00000000e+00 5.70000000e+00 7.71636078e+00 5.70000000e+00 -5.98791614e+00
 6.00000000e+00 0.00000000e+00 6.00000000e+00 7.96192463e+00 6.00000000e+00 -4.98775003e+00
 6.30000000e+00 0.00000000e+00 6.30000000e+00 8.13385792e+00 6.30000000e+00 -6.05297813e+00
 6.60000000e+00 0.00000000e+00 6.60000000e+00 8.13628068e+00 6.60000000e+00 -5.69986717e+00
 6.90000000e+00 0.00000000e+00 6.90000000e+00 7.84807348e+00 6.90000000e+00 -5.67803768e+00
 7.20000000e+00 0.00000000e+00 7.20000000e+00 7.81038988e+00 7.20000000e+00 -5.77846954e+00
 7.50000000e+00 0.00000000e+00 7.50000000e+00 7.60420911e+00 7.50000000e+00 -6.43642038e+00
 7.80000000e+00 0.00000000e+00 7.80000000e+00 8.23764168e+00 7.80000000e+00 -5.51495658e+00
 8.10000000e+00 0.00000000e+00 8.10000000e+00 8.18641026e+00 8.10000000e+00 -5.68069419e+00
 8.40000000e+00 0.00000000e+00 8.40000000e+00 7.84993180e+00 8.40000000e+00 -5.97478569e+00
 8.70000000e+00 0.00000000e+00 8.70000000e+00 7.71817231e+00 8.70000000e+00 -5.89229142e+00
 9.00000000e+00 0.00000000e+00 9.00000000e+00 7.43874483e+00 9.00000000e+00 -5.68157070e+00
 9.30000000e+00 0.00000000e+00 9.30000000e+00 7.89798526e+00 9.30000000e+00 -5.17241761e+00
 9.60000000e+00 0.00000000e+00 9.60000000e+00 7.70156639e+00 9.60000000e+00 -6.32797440e+00
 9.90000000e+00 0.00000000e+00 9.90000000e+00 7.83870421e+00 9.90000000e+00 -5.48344916e+00
 1.02000000e+01 0.00000000e+00 1.02000000e+01 7.87605271e+00 1.02000000e+01 -5.83274024e+00
 1.05000000e+01 0.00000000e+00 1.05000000e+01 7.84989560e+00 1.05000000e+01 -5.87216292e+00
 1.08000000e+01 0.00000000e+00 1.08000000e+01 8.15087991e+00 1.08000000e+01 -5.95528071e+00
 1.11000000e+01 0.00000000e+00 1.11000000e+01 8.30469781e+00 1.11000000e+01 -5.81641648e+00
 1.14000000e+01 0.00000000e+00 1.14000000e+01 8.04705015e+00 1.14000000e+01 -5.88781154e+00
 1.17000000e+01 0.00000000e+00 1.17000000e+01 8.22022697e+00 1.17000000e+01 -5.72903382e+00
 1.20000000e+01 0.00000000e+00 1.20000000e+01 8.33745356e+00 1.20000000e+01 -5.68225497e+00
 1.23000000e+01 0.00000000e+00 1.23000000e+01 7.99492854e+00 1.23000000e+01 -5.85057040e+00
 1.26000000e+01 0.00000000e+00 1.26000000e+01 8.15476766e+00 1.26000000e+01 -6.03773138e+00
 1.29000000e+01 0.00000000e+00 1.29000000e+01 8.11837026e+00 1.29000000e+01 -5.77851977e+00
 1.32000000e+01 0.00000000e+00 1.32000000e+01 7.80032001e+00 1.32000000e+01 -5.29889638e+00
 1.35000000e+01 0.00000000e+00 1.35000000e+01 8.09429667e+00 1.35000000e+01 -5.53907606e+00
 1.38000000e+01 0.00000000e+00 1.38000000e+01 8.10913639e+00 1.38000000e+01 -6.09790329e+00
 1.41000000e+01 0.00000000e+00 1.41000000e+01 7.70137724e+00 1.41000000e+01 -5.11344503e+00
 1.44000000e+01 0.00000000e+00 1.44000000e+01 7.99416119e+00 1.44000000e+01 -6.40029694e+00
 1.47000000e+01 0.00000000e+00 1.47000000e+01 8.01102131e+00 1.47000000e+01 -5.62397966e+00
 1.50000000e+01 0.00000000e+00 1.50000000e+01 7.71399958e+00 1.50000000e+01 -5.74149546e+00
 1.53000000e+01 0.00000000e+00 1.53000000e+01 3.12638288e+00 1.53000000e+01 -4.41983564e+00
 1.56000000e+01 0.00000000e+00 1.56000000e+01 2.78043105e+00 1.56000000e+01 -4.37438078e+00
 1.59000000e+01 0.00000000e+00 1.59000000e+01 2.65691843e+00 1.59000000e+01 -4.08057516e+00
 1.62000000e+01 0.00000000e+00 1.62000000e+01 2.26450499e+00 1.62000000e+01 -4.38413517e+00
 1.65000000e+01 0.00000000e+00 1.65000000e+01 2.54059628e+00 1.65000000e+01 -4.92942669e+00
 1.68000000e+01 0.00000000e+00 1.68000000e+01 3.29091523e+00 1.68000000e+01 -4.93600873e+00
 1.71000000e+01 0.00000000e+00 1.71000000e+01 2.93243584e+00 1.71000000e+01 -4.38389690e+00
 1.74000000e+01 0.00000000e+00 1.74000000e+01 3.57958250e+00 1.74000000e+01 -4.94805205e+00
 1.77000000e+01 0.00000000e+00 1.77000000e+01 3.09004808e+00 1.77000000e+01 -4.72349751e+00
 1.80000000e+01 0.00000000e+00 1.80000000e+01 3.25937455e+00 1.80000000e+01 -4.61728353e+00
 1.83000000e+01 0.00000000e+00 1.83000000e+01 2.53728809e+00 1.83000000e+01 -4.83239513e+00
 1.86000000e+01 0.00000000e+00 1.86000000e+01 2.63686064e+00 1.86000000e+01 -4.98590465e+00
 1.89000000e+01 0.00000000e+00 1.89000000e+01 3.25267793e+00 1.89000000e+01 -5.21751498e+00
 1.92000000e+01 0.00000000e+00 1.92000000e+01 3.03344956e+00 1.92000000e+01 -5.03685545e+00
 1.95000000e+01 0.00000000e+00 1.95000000e+01 2.36976702e+00 1.95000000e+01 -4.82025580e+00
 1.98000000e+01 0.00000000e+00 1.98000000e+01 2.72712752e+00 1.98000000e+01 -4.99612315e+00
 2.01000000e+01 0.00000000e+00 2.01000000e+01 3.36643955e+00 2.01000000e+01 -4.47016218e+00
 2.04000000e+01 0.00000000e+00 2.04000000e+01 3.09448566e+00 2.04000000e+01 -4.68457087e+00
 2.07000000e+01 0.00000000e+00 2.07000000e+01 3.55380167e+00 2.07000000e+01 -4.53458645e+00
 2.10000000e+01 0.00000000e+00 2.10000000e+01 2.91316121e+00 2.10000000e+01 -4.59073362e+00
 2.13000000e+01 0.00000000e+00 2.13000000e+01 3.07803421e+00 2.13000000e+01 -5.10460781e+00
 2.16000000e+01 0.00000000e+00 2.16000000e+01 3.32023173e+00 2.16000000e+01 -4.45738576e+00
 2.19000000e+01 0.00000000e+00 2.19000000e+01 3.44646867e+00 2.19000000e+01 -4.21906762e+00
 2.22000000e+01 0.00000000e+00 2.22000000e+01 3.43529323e+00 2.22000000e+01 -4.26054625e+00
 2.25000000e+01 0.00000000e+00 2.25000000e+01 3.57956171e+00 2.25000000e+01 -4.89091926e+00
 2.28000000e+01 0.00000000e+00 2.28000000e+01 3.66146673e+00 2.28000000e+01 -4.62101778e+00
 2.31000000e+01 0.00000000e+00 2.31000000e+01 3.58316597e+00 2.31000000e+01 -4.89612476e+00
 2.34000000e+01 0.00000000e+00 2.34000000e+01 3.64476528e+00 2.34000000e+01 -4.40731040e+00
 2.37000000e+01 0.00000000e+00 2.37000000e+01 2.65687101e+00 2.37000000e+01 -4.82439504e+00
 2.40000000e+01 0.00000000e+00 2.40000000e+01 2.71533641e+00 2.40000000e+01 -5.07219164e+00
 2.43000000e+01 0.00000000e+00 2.43000000e+01 2.79577637e+00 2.43000000e+01 -5.24562721e+00
 2.46000000e+01 0.00000000e+00 2.46000000e+01 3.22107127e+00 2.46000000e+01 -4.56113439e+00
 2.49000000e+01 0.00000000e+00 2.49000000e+01 2.32534457e+00 2.49000000e+01 -4.11396784e+00
 2.52000000e+01 0.00000000e+00 2.52000000e+01 2.63811664e-01 2.52000000e+01 -4.54415367e+00
 2.55000000e+01 0.00000000e+00 2.55000000e+01 3.55580700e-01 2.55000000e+01 -4.25944397e+00
 2.58000000e+01 0.00000000e+00 2.58000000e+01 -1.84313795e-02 2.58000000e+01 -4.55008254e+00
 2.61000000e+01 0.00000000e+00 2.61000000e+01 2.04661478e-01 2.61000000e+01 -4.17293985e+00
 2.64000000e+01 0.00000000e+00 2.64000000e+01 -1.51664846e-02 2.64000000e+01 -4.60608584e+00
 2.67000000e+01 0.00000000e+00 2.67000000e+01 1.85248215e-02 2.67000000e+01 -3.80415162e+00
 2.70000000e+01 0.00000000e+00 2.70000000e+01 5.49891731e-01 2.70000000e+01 -4.21928053e+00
 2.73000000e+01 0.00000000e+00 2.73000000e+01 3.84785478e-01 2.73000000e+01 -4.89743522e+00
 2.76000000e+01 0.00000000e+00 2.76000000e+01 9.69698794e-02 2.76000000e+01 -4.76567063e+00
 2.79000000e+01 0.00000000e+00 2.79000000e+01 5.65728373e-01 2.79000000e+01 -4.76086767e+00
 2.82000000e+01 0.00000000e+00 2.82000000e+01 6.03440032e-04 2.82000000e+01 -4.64826222e+00
 2.85000000e+01 0.00000000e+00 2.85000000e+01 1.73739476e-01 2.85000000e+01 -4.60240011e+00
 2.88000000e+01 0.00000000e+00 2.88000000e+01 3.44013926e-01 2.88000000e+01 -4.30120830e+00
 2.91000000e+01 0.00000000e+00 2.91000000e+01 3.36093497e-01 2.91000000e+01 -4.39207232e+00
 2.94000000e+01 0.00000000e+00 2.94000000e+01 2.22003413e-01 2.94000000e+01 -4.55765677e+00
 2.97000000e+01 0.00000000e+00 2.97000000e+01 2.41581993e-01 2.97000000e+01 -4.01722227e+00
 3.00000000e+01 0.00000000e+00 3.00000000e+01 -3.46935098e-01 3.00000000e+01 -4.26137156e+00
 3.03000000e+01 0.00000000e+00 3.03000000e+01 1.29535071e-01 3.03000000e+01 -4.61912658e+00
 3.06000000e+01 0.00000000e+00 3.06000000e+01 2.58720926e-01 3.06000000e+01 -4.19699491e+00
 3.09000000e+01 0.00000000e+00 3.09000000e+01 2.63344657e-01 3.09000000e+01 -4.68887810e+00
 3.12000000e+01 0.00000000e+00 3.12000000e+01 7.48266323e-01 3.12000000e+01 -4.48379669e+00
 3.15000000e+01 0.00000000e+00 3.15000000e+01 4.02543761e-01 3.15000000e+01 -4.78152392e+00
 3.18000000e+01 0.00000000e+00 3.18000000e+01 -2.38107162e-01 3.18000000e+01 -4.36155812e+00
 3.21000000e+01 0.00000000e+00 3.21000000e+01 7.46734759e-01 3.21000000e+01 -4.89945531e+00
 3.24000000e+01 0.00000000e+00 3.24000000e+01 5.31995479e-01 3.24000000e+01 -4.77885449e+00
 3.27000000e+01 0.00000000e+00 3.27000000e+01 4.75569912e-02 3.27000000e+01 -3.89121346e+00
 3.30000000e+01 0.00000000e+00 3.30000000e+01 2.31415571e-01 3.30000000e+01 -4.50006294e+00
 3.33000000e+01 0.00000000e+00 3.33000000e+01 -1.45200213e-01 3.33000000e+01 -4.93594407e+00
 3.36000000e+01 0.00000000e+00 3.36000000e+01 3.59568103e-01 3.36000000e+01 -5.37589306e+00
 3.39000000e+01 0.00000000e+00 3.39000000e+01 -2.41493217e-01 3.39000000e+01 -4.51115407e+00
 3.42000000e+01 0.00000000e+00 3.42000000e+01 4.02996711e-01 3.42000000e+01 -4.93881442e+00
 3.45000000e+01 0.00000000e+00 3.45000000e+01 8.00312969e-01 3.45000000e+01 -4.54870627e+00
 3.48000000e+01 0.00000000e+00 3.48000000e+01 3.30532142e-02 3.48000000e+01 -4.05677733e+00
 3.51000000e+01 0.00000000e+00 3.51000000e+01 6.31946176e+00 3.51000000e+01 -3.30914902e+00
 3.54000000e+01 0.00000000e+00 3.54000000e+01 6.65444141e+00 3.54000000e+01 -3.08704834e+00
 3.57000000e+01 0.00000000e+00 3.57000000e+01 6.52545271e+00 3.57000000e+01 -3.24498321e+00
 3.60000000e+01 0.00000000e+00 3.60000000e+01 6.46403011e+00 3.60000000e+01 -2.93822738e+00
 3.63000000e+01 0.00000000e+00 3.63000000e+01 6.61209772e+00 3.63000000e+01 -2.95807135e+00
 3.66000000e+01 0.00000000e+00 3.66000000e+01 7.07940116e+00 3.66000000e+01 -3.20630181e+00
 3.69000000e+01 0.00000000e+00 3.69000000e+01 6.46307174e+00 3.69000000e+01 -2.73210008e+00
 3.72000000e+01 0.00000000e+00 3.72000000e+01 6.38102595e+00 3.72000000e+01 -2.41321859e+00
 3.75000000e+01 0.00000000e+00 3.75000000e+01 6.24885888e+00 3.75000000e+01 -2.79357271e+00
 3.78000000e+01 0.00000000e+00 3.78000000e+01 6.61774835e+00 3.78000000e+01 -3.09194129e+00
 3.81000000e+01 0.00000000e+00 3.81000000e+01 6.47531863e+00 3.81000000e+01 -3.16979085e+00
 3.84000000e+01 0.00000000e+00 3.84000000e+01 6.07531688e+00 3.84000000e+01 -3.25165451e+00
 3.87000000e+01 0.00000000e+00 3.87000000e+01 6.54113826e+00 3.87000000e+01 -3.04134247e+00
 3.90000000e+01 0.00000000e+00 3.90000000e+01 6.48270465e+00 3.90000000e+01 -2.88850251e+00
 3.93000000e+01 0.00000000e+00 3.93000000e+01 7.12211949e+00 3.93000000e+01 -2.80483494e+00
 3.96000000e+01 0.00000000e+00 3.96000000e+01 6.46491676e+00 3.96000000e+01 -2.41755997e+00
 3.99000000e+01 0.00000000e+00 3.99000000e+01 6.23824383e+00 3.99000000e+01 -2.58542636e+00
 4.02000000e+01 0.00000000e+00 4.02000000e+01 6.63546517e+00 4.02000000e+01 -7.35708606e-02
 4.05000000e+01 0.00000000e+00 4.05000000e+01 5.74182089e+00 4.05000000e+01 -1.38905784e-01
 4.08000000e+01 0.00000000e+00 4.08000000e+01 6.18410718e+00 4.08000000e+01 1.22884697e-01
 4.11000000e+01 0.00000000e+00 4.11000000e+01 5.94181792e+00 4.11000000e+01 -7.48792504e-01
 4.14000000e+01 0.00000000e+00 4.14000000e+01 6.02357034e+00 4.14000000e+01 -6.61633422e-01
 4.17000000e+01 0.00000000e+00 4.17000000e+01 5.64337042e+00 4.17000000e+01 -7.56303025e-01
 4.20000000e+01 0.00000000e+00 4.20000000e+01 5.55970867e+00 4.20000000e+01 -7.57730272e-01
 4.23000000e+01 0.00000000e+00 4.23000000e+01 5.71082167e+00 4.23000000e+01 -8.35554738e-01
 4.26000000e+01 0.00000000e+00 4.26000000e+01 5.91952697e+00 4.26000000e+01 -2.48797119e-01
 4.29000000e+01 0.00000000e+00 4.29000000e+01 5.54563292e+00 4.29000000e+01 -6.48126882e-02
 4.32000000e+01 0.00000000e+00 4.32000000e+01 5.85584169e+00 4.32000000e+01 -3.04120700e-01
 4.35000000e+01 0.00000000e+00 4.35000000e+01 5.80946163e+00 4.35000000e+01 -2.09273682e-01
 4.38000000e+01 0.00000000e+00 4.38000000e+01 5.58644137e+00 4.38000000e+01 -6.79409580e-01
 4.41000000e+01 0.00000000e+00 4.41000000e+01 5.45815512e+00 4.41000000e+01 -4.56791908e-01
 4.44000000e+01 0.00000000e+00 4.44000000e+01 6.25490040e+00 4.44000000e+01 -3.52190398e-01
 4.47000000e+01 0.00000000e+00 4.47000000e+01 5.27786214e+00 4.47000000e+01 -1.41113094e-01
 4.50000000e+01 0.00000000e+00 4.50000000e+01 6.07806767e+00 4.50000000e+01 -2.85271571e-02
 4.53000000e+01 0.00000000e+00 4.53000000e+01 5.83554716e+00 4.53000000e+01 -4.49608213e-01
 4.56000000e+01 0.00000000e+00 4.56000000e+01 5.73919837e+00 4.56000000e+01 -5.94313813e-01
 4.59000000e+01 0.00000000e+00 4.59000000e+01 5.64805291e+00 4.59000000e+01 -7.56804969e-01
 4.62000000e+01 0.00000000e+00 4.62000000e+01 5.86692299e+00 4.62000000e+01 -5.92821766e-01
 4.65000000e+01 0.00000000e+00 4.65000000e+01 6.41623393e+00 4.65000000e+01 -2.97515675e-01
 4.68000000e+01 0.00000000e+00 4.68000000e+01 6.04591200e+00 4.68000000e+01 -3.77680841e-01
 4.71000000e+01 0.00000000e+00 4.71000000e+01 5.44917820e+00 4.71000000e+01 -6.82744674e-01
 4.74000000e+01 0.00000000e+00 4.74000000e+01 5.55257415e+00 4.74000000e+01 -6.39159861e-01
 4.77000000e+01 0.00000000e+00 4.77000000e+01 5.82042083e+00 4.77000000e+01 -2.83211277e-01
 4.80000000e+01 0.00000000e+00 4.80000000e+01 5.78488657e+00 4.80000000e+01 -3.49583274e-01
 4.83000000e+01 0.00000000e+00 4.83000000e+01 5.63533064e+00 4.83000000e+01 -3.18420559e-01
 4.86000000e+01 0.00000000e+00 4.86000000e+01 5.85818473e+00 4.86000000e+01 -5.21140408e-01
 4.89000000e+01 0.00000000e+00 4.89000000e+01 5.52596865e+00 4.89000000e+01 -3.05071773e-01
 4.92000000e+01 0.00000000e+00 4.92000000e+01 5.92022355e+00 4.92000000e+01 -4.83989804e-01
 4.95000000e+01 0.00000000e+00 4.95000000e+01 6.43176358e+00 4.95000000e+01 -6.18325894e-01
 4.98000000e+01 0.00000000e+00 4.98000000e+01 5.82461420e+00 4.98000000e+01 -8.58476279e-01
 5.01000000e+01 0.00000000e+00 5.01000000e+01 2.85410249e+00 5.01000000e+01 -4.46575372e+00
 5.04000000e+01 0.00000000e+00 5.04000000e+01 2.99391708e+00 5.04000000e+01 -4.73429998e+00
 5.07000000e+01 0.00000000e+00 5.07000000e+01 3.37772129e+00 5.07000000e+01 -5.08184909e+00
 5.10000000e+01 0.00000000e+00 5.10000000e+01 2.94945902e+00 5.10000000e+01 -5.16164820e+00
 5.13000000e+01 0.00000000e+00 5.13000000e+01 2.47886364e+00 5.13000000e+01 -4.64145477e+00
 5.16000000e+01 0.00000000e+00 5.16000000e+01 2.66668212e+00 5.16000000e+01 -4.29802730e+00
 5.19000000e+01 0.00000000e+00 5.19000000e+01 2.87626922e+00 5.19000000e+01 -4.33762439e+00
 5.22000000e+01 0.00000000e+00 5.22000000e+01 3.03562336e+00 5.22000000e+01 -5.58242469e+00
 5.25000000e+01 0.00000000e+00 5.25000000e+01 3.09421546e+00 5.25000000e+01 -4.57441301e+00
 5.28000000e+01 0.00000000e+00 5.28000000e+01 2.71573325e+00 5.28000000e+01 -4.27804744e+00
 5.31000000e+01 0.00000000e+00 5.31000000e+01 3.13958776e+00 5.31000000e+01 -4.76387021e+00
 5.34000000e+01 0.00000000e+00 5.34000000e+01 3.42129558e+00 5.34000000e+01 -5.15442623e+00
 5.37000000e+01 0.00000000e+00 5.37000000e+01 2.66151427e+00 5.37000000e+01 -4.48312470e+00
 5.40000000e+01 0.00000000e+00 5.40000000e+01 3.39702113e+00 5.40000000e+01 -5.34616848e+00
 5.43000000e+01 0.00000000e+00 5.43000000e+01 3.48997655e+00 5.43000000e+01 -4.57439519e+00
 5.46000000e+01 0.00000000e+00 5.46000000e+01 2.73281086e+00 5.46000000e+01 -4.76226724e+00
 5.49000000e+01 0.00000000e+00 5.49000000e+01 2.65447067e+00 5.49000000e+01 -4.71790744e+00
 5.52000000e+01 0.00000000e+00 5.52000000e+01 7.91245307e+00 5.52000000e+01 -5.94167347e+00
 5.55000000e+01 0.00000000e+00 5.55000000e+01 8.61404883e+00 5.55000000e+01 -5.88800725e+00
 5.58000000e+01 0.00000000e+00 5.58000000e+01 7.78555136e+00 5.58000000e+01 -5.20471687e+00
 5.61000000e+01 0.00000000e+00 5.61000000e+01 7.62219721e+00 5.61000000e+01 -5.93349282e+00
 5.64000000e+01 0.00000000e+00 5.64000000e+01 8.05912941e+00 5.64000000e+01 -5.75649403e+00
 5.67000000e+01 0.00000000e+00 5.67000000e+01 8.70249394e+00 5.67000000e+01 -6.03036929e+00
 5.70000000e+01 0.00000000e+00 5.70000000e+01 8.01514458e+00 5.70000000e+01 -4.94125612e+00
 5.73000000e+01 0.00000000e+00 5.73000000e+01 7.62967703e+00 5.73000000e+01 -5.68518564e+00
 5.76000000e+01 0.00000000e+00 5.76000000e+01 7.74747402e+00 5.76000000e+01 -5.65764605e+00
 5.79000000e+01 0.00000000e+00 5.79000000e+01 7.52007890e+00 5.79000000e+01 -5.48103019e+00
 5.82000000e+01 0.00000000e+00 5.82000000e+01 7.93866534e+00 5.82000000e+01 -5.61044233e+00
 5.85000000e+01 0.00000000e+00 5.85000000e+01 7.44893849e+00 5.85000000e+01 -5.39312841e+00
 5.88000000e+01 0.00000000e+00 5.88000000e+01 7.85744976e+00 5.88000000e+01 -5.02319386e+00
 5.91000000e+01 0.00000000e+00 5.91000000e+01 7.94901696e+00 5.91000000e+01 -5.91622849e+00
 5.94000000e+01 0.00000000e+00 5.94000000e+01 8.00028437e+00 5.94000000e+01 -5.98866770e+00
 5.97000000e+01 0.00000000e+00 5.97000000e+01 7.46255238e+00 5.97000000e+01 -5.20714871e+00
