 0.00000000e+00 0.00000000e+00 0.00000000e+00 6.00996568e+00 0.00000000e+00 -7.35896134e+00
 3.00000000e-01 0.00000000e+00 3.00000000e-01 6.39603065e+00 3.00000000e-01 -6.83333311e+00
 6.00000000e-01 0.00000000e+00 6.00000000e-01 5.70476479e+00 6.00000000e-01 -7.00791505e+00
 9.00000000e-01 0.00000000e+00 9.00000000e-01 5.45027602e+00 9.00000000e-01 -7.50405501e+00
 1.20000000e+00 0.00000000e+00 1.20000000e+00 5.78278450e+00 1.20000000e+00 -6.80298067e+00
 1.50000000e+00 0.00000000e+00 1.50000000e+00 5.82802432e+00 1.50000000e+00 -7.26303638e+00
 1.80000000e+00 0.00000000e+00 1.80000000e+00 5.99427791e+00 1.80000000e+00 -6.47819925e+00
 2.10000000e+00 0.00000000e+00 2.10000000e+00 5.97972843e+00 2.10000000e+00 -6.46968489e+00
 2.40000000e+00 0.00000000e+00 2.40000000e+00 6.29177735e+00 2.40000000e+00 -6.61578305e+00
 2.70000000e+00 0.00000000e+00 2.70000000e+00 5.63242318e+00 2.70000000e+00 -7.26347263e+00
 3.00000000e+00 0.00000000e+00 3.00000000e+00 5.56950105e+00 3.00000000e+00 -7.07577430e+00
 3.30000000e+00 0.00000000e+00 3.30000000e+00 5.77765785e+00 3.30000000e+00 -6.55578909e+00
 3.60000000e+00 0.00000000e+00 3.60000000e+00 5.84307299e+00 3.60000000e+00 -6.84072472e+00
 3.90000000e+00 0.00000000e+00 3.90000000e+00 5.34177360e+00 3.90000000e+00 -7.23205469e+00
 4.20000000e+00 0.00000000e+00 4.20000000e+00 5.77177969e+00 4.20000000e+00 -6.31936513e+00
 4.50000000e+00 0.00000000e+00 4.50000000e+00 5.96676061e+00 4.50000000e+00 -6.48710287e+00
 4.80000000e+00 0.00000000e+00 4.80000000e+00 6.01375705e+00 4.80000000e+00 -6.83585958e+00
 5.10000000e+00 0.00000000e+00 5.10000000e+00 6.16232872e+00 5.10000000e+00 -6.52378877e+00
 5.40000000e+00 0.00000000e+00 5.40000000e+00 6.06115198e+00 5.40000000e+00 -6.71889786e+00
 5.70000000e+00 0.00000000e+00 5.70000000e+00 6.02510182e+00 5.70000000e+00 -6.31923426e+00
 6.00000000e+00 0.00000000e+00 6.00000000e+00 5.77975247e+00 6.00000000e+00 -7.52564254e+00
 6.30000000e+00 0.00000000e+00 6.30000000e+00 6.14417999e+00 6.30000000e+00 -6.66226432e+00
 6.60000000e+00 0.00000000e+00 6.60000000e+00 5.55577735e+00 6.60000000e+00 -6.69613881e+00
 6.90000000e+00 0.00000000e+00 6.90000000e+00 5.98570558e+00 6.90000000e+00 -6.70011151e+00
 7.20000000e+00 0.00000000e+00 7.20000000e+00 6.07881110e+00 7.20000000e+00 -7.47718573e+00
 7.50000000e+00 0.00000000e+00 7.50000000e+00 5.33938986e+00 7.50000000e+00 -7.06294680e+00
 7.80000000e+00 0.00000000e+00 7.80000000e+00 6.10244542e+00 7.80000000e+00 -6.58898792e+00
 8.10000000e+00 0.00000000e+00 8.10000000e+00 5.98888397e+00 8.10000000e+00 -6.06048218e+00
 8.40000000e+00 0.00000000e+00 8.40000000e+00 5.57718148e+00 8.40000000e+00 -6.62722746e+00
 8.70000000e+00 0.00000000e+00 8.70000000e+00 6.25904706e+00 8.70000000e+00 -6.63666889e+00
 9.00000000e+00 0.00000000e+00 9.00000000e+00 5.95486735e+00 9.00000000e+00 -7.35444497e+00
 9.30000000e+00 0.00000000e+00 9.30000000e+00 5.91543325e+00 9.30000000e+00 -7.31413252e+00
 9.60000000e+00 0.00000000e+00 9.60000000e+00 5.97998566e+00 9.60000000e+00 -6.85690643e+00
 9.90000000e+00 0.00000000e+00 9.90000000e+00 5.82644482e+00 9.90000000e+00 -6.16726965e+00
 1.02000000e+01 0.00000000e+00 1.02000000e+01 5.96760143e+00 1.02000000e+01 -7.32165791e+00
 1.05000000e+01 0.00000000e+00 1.05000000e+01 6.12421373e+00 1.05000000e+01 -6.43668913e+00
 1.08000000e+01 0.00000000e+00 1.08000000e+01 5.56811207e+00 1.08000000e+01 -6.64245368e+00
 1.11000000e+01 0.00000000e+00 1.11000000e+01 5.91835407e+00 1.11000000e+01 -6.66618296e+00
 1.14000000e+01 0.00000000e+00 1.14000000e+01 5.74182698e+00 1.14000000e+01 -7.12489303e+00
 1.17000000e+01 0.00000000e+00 1.17000000e+01 5.60812140e+00 1.17000000e+01 -7.26290365e+00
 1.20000000e+01 0.00000000e+00 1.20000000e+01 5.66376429e+00 1.20000000e+01 -7.01070163e+00
 1.23000000e+01 0.00000000e+00 1.23000000e+01 6.30132980e+00 1.23000000e+01 -5.80140492e+00
 1.26000000e+01 0.00000000e+00 1.26000000e+01 5.96449623e+00 1.26000000e+01 -6.98321140e+00
 1.29000000e+01 0.00000000e+00 1.29000000e+01 6.02553204e+00 1.29000000e+01 -6.93147868e+00
 1.32000000e+01 0.00000000e+00 1.32000000e+01 6.57348683e+00 1.32000000e+01 -7.34618071e+00
 1.35000000e+01 0.00000000e+00 1.35000000e+01 6.16675083e+00 1.35000000e+01 -7.34854236e+00
 1.38000000e+01 0.00000000e+00 1.38000000e+01 6.02171189e+00 1.38000000e+01 -6.78663227e+00
 1.41000000e+01 0.00000000e+00 1.41000000e+01 5.87673179e+00 1.41000000e+01 -6.25968624e+00
 1.44000000e+01 0.00000000e+00 1.44000000e+01 5.46293247e+00 1.44000000e+01 -6.52412694e+00
 1.47000000e+01 0.00000000e+00 1.47000000e+01 6.14806391e+00 1.47000000e+01 -6.68433446e+00
 1.50000000e+01 0.00000000e+00 1.50000000e+01 5.86286105e+00 1.50000000e+01 -6.83171472e+00
 1.53000000e+01 0.00000000e+00 1.53000000e+01 4.28396069e+00 1.53000000e+01 -5.79212698e+00
 1.56000000e+01 0.00000000e+00 1.56000000e+01 3.34314501e+00 1.56000000e+01 -5.51178721e+00
 1.59000000e+01 0.00000000e+00 1.59000000e+01 3.16117612e+00 1.59000000e+01 -5.39938141e+00
 1.62000000e+01 0.00000000e+00 1.62000000e+01 4.15753520e+00 1.62000000e+01 -5.96919181e+00
 1.65000000e+01 0.00000000e+00 1.65000000e+01 3.46727259e+00 1.65000000e+01 -5.28852883e+00
 1.68000000e+01 0.00000000e+00 1.68000000e+01 3.47614316e+00 1.68000000e+01 -5.28519169e+00
 1.71000000e+01 0.00000000e+00 1.71000000e+01 3.53005976e+00 1.71000000e+01 -5.28456578e+00
 1.74000000e+01 0.00000000e+00 1.74000000e+01 4.12467039e+00 1.74000000e+01 -5.36183056e+00
 1.77000000e+01 0.00000000e+00 1.77000000e+01 3.66348054e+00 1.77000000e+01 -5.14250135e+00
 1.80000000e+01 0.00000000e+00 1.80000000e+01 3.70109660e+00 1.80000000e+01 -5.74348590e+00
 1.83000000e+01 0.00000000e+00 1.83000000e+01 3.34395422e+00 1.83000000e+01 -5.32534238e+00
 1.86000000e+01 0.00000000e+00 1.86000000e+01 3.93736948e+00 1.86000000e+01 -5.20795046e+00
 1.89000000e+01 0.00000000e+00 1.89000000e+01 4.11971873e+00 1.89000000e+01 -5.69460066e+00
 1.92000000e+01 0.00000000e+00 1.92000000e+01 3.49222120e+00 1.92000000e+01 -5.15750870e+00
 1.95000000e+01 0.00000000e+00 1.95000000e+01 3.70132294e+00 1.95000000e+01 -5.35371489e+00
 1.98000000e+01 0.00000000e+00 1.98000000e+01 4.21906094e+00 1.98000000e+01 -5.14210392e+00
 2.01000000e+01 0.00000000e+00 2.01000000e+01 2.75133355e+00 2.01000000e+01 -5.39149233e+00
 2.04000000e+01 0.00000000e+00 2.04000000e+01 3.78330606e+00 2.04000000e+01 -4.85904114e+00
 2.07000000e+01 0.00000000e+00 2.07000000e+01 3.20687708e+00 2.07000000e+01 -5.60531842e+00
 2.10000000e+01 0.00000000e+00 2.10000000e+01 3.31570260e+00 2.10000000e+01 -6.36081793e+00
 2.13000000e+01 0.00000000e+00 2.13000000e+01 3.02456224e+00 2.13000000e+01 -5.57865376e+00
 2.16000000e+01 0.00000000e+00 2.16000000e+01 3.86111842e+00 2.16000000e+01 -4.92668432e+00
 2.19000000e+01 0.00000000e+00 2.19000000e+01 3.42741890e+00 2.19000000e+01 -4.91317899e+00
 2.22000000e+01 0.00000000e+00 2.22000000e+01 3.84900859e+00 2.22000000e+01 -5.62237276e+00
 2.25000000e+01 0.00000000e+00 2.25000000e+01 3.25284127e+00 2.25000000e+01 -5.61877503e+00
 2.28000000e+01 0.00000000e+00 2.28000000e+01 4.48988789e+00 2.28000000e+01 -5.02178776e+00
 2.31000000e+01 0.00000000e+00 2.31000000e+01 4.14090199e+00 2.31000000e+01 -5.21510370e+00
 2.34000000e+01 0.00000000e+00 2.34000000e+01 3.85121496e+00 2.34000000e+01 -5.48611468e+00
 2.37000000e+01 0.00000000e+00 2.37000000e+01 3.45227274e+00 2.37000000e+01 -4.98624794e+00
 2.40000000e+01 0.00000000e+00 2.40000000e+01 3.31112840e+00 2.40000000e+01 -5.26090476e+00
 2.43000000e+01 0.00000000e+00 2.43000000e+01 3.78578604e+00 2.43000000e+01 -5.23991856e+00
 2.46000000e+01 0.00000000e+00 2.46000000e+01 3.37800018e+00 2.46000000e+01 -6.21999150e+00
 2.49000000e+01 0.00000000e+00 2.49000000e+01 3.90642703e+00 2.49000000e+01 -5.45414310e+00
 2.52000000e+01 0.00000000e+00 2.52000000e+01 3.46061943e+00 2.52000000e+01 -6.91145984e+00
 2.55000000e+01 0.00000000e+00 2.55000000e+01 3.09728996e+00 2.55000000e+01 -6.01495369e+00
 2.58000000e+01 0.00000000e+00 2.58000000e+01 2.74220869e+00 2.58000000e+01 -6.75768987e+00
 2.61000000e+01 0.00000000e+00 2.61000000e+01 3.34775918e+00 2.61000000e+01 -7.39767540e+00
 2.64000000e+01 0.00000000e+00 2.64000000e+01 3.82699214e+00 2.64000000e+01 -6.34506079e+00
 2.67000000e+01 0.00000000e+00 2.67000000e+01 2.99340091e+00 2.67000000e+01 -6.37262464e+00
 2.70000000e+01 0.00000000e+00 2.70000000e+01 3.54713542e+00 2.70000000e+01 -6.68178946e+00
 2.73000000e+01 0.00000000e+00 2.73000000e+01 2.54710805e+00 2.73000000e+01 -6.57807083e+00
 2.76000000e+01 0.00000000e+00 2.76000000e+01 2.91118452e+00 2.76000000e+01 -6.65370550e+00
 2.79000000e+01 0.00000000e+00 2.79000000e+01 3.61936004e+00 2.79000000e+01 -6.47083183e+00
 2.82000000e+01 0.00000000e+00 2.82000000e+01 3.39370963e+00 2.82000000e+01 -6.40087906e+00
 2.85000000e+01 0.00000000e+00 2.85000000e+01 3.64354318e+00 2.85000000e+01 -6.96182620e+00
 2.88000000e+01 0.00000000e+00 2.88000000e+01 3.27900891e+00 2.88000000e+01 -6.83577873e+00
 2.91000000e+01 0.00000000e+00 2.91000000e+01 3.41924432e+00 2.91000000e+01 -6.80270950e+00
 2.94000000e+01 0.00000000e+00 2.94000000e+01 3.48367665e+00 2.94000000e+01 -6.55423417e+00
 2.97000000e+01 0.00000000e+00 2.97000000e+01 4.07697700e+00 2.97000000e+01 -6.72844997e+00
 3.00000000e+01 0.00000000e+00 3.00000000e+01 3.60568227e+00 3.00000000e+01 -6.80583902e+00
 3.03000000e+01 0.00000000e+00 3.03000000e+01 2.90007872e+00 3.03000000e+01 -7.41837162e+00
 3.06000000e+01 0.00000000e+00 3.06000000e+01 3.54023850e+00 3.06000000e+01 -7.14948503e+00
 3.09000000e+01 0.00000000e+00 3.09000000e+01 3.57207368e+00 3.09000000e+01 -6.48007315e+00
 3.12000000e+01 0.00000000e+00 3.12000000e+01 3.03710563e+00 3.12000000e+01 -7.11955276e+00
 3.15000000e+01 0.00000000e+00 3.15000000e+01 3.22230128e+00 3.15000000e+01 -7.15711174e+00
 3.18000000e+01 0.00000000e+00 3.18000000e+01 4.05037589e+00 3.18000000e+01 -6.13634732e+00
 3.21000000e+01 0.00000000e+00 3.21000000e+01 3.47123539e+00 3.21000000e+01 -6.23255560e+00
 3.24000000e+01 0.00000000e+00 3.24000000e+01 3.38714186e+00 3.24000000e+01 -6.82765164e+00
 3.27000000e+01 0.00000000e+00 3.27000000e+01 3.26899416e+00 3.27000000e+01 -6.81078999e+00
 3.30000000e+01 0.00000000e+00 3.30000000e+01 3.24256344e+00 3.30000000e+01 -5.91459723e+00
 3.33000000e+01 0.00000000e+00 3.33000000e+01 3.99719684e+00 3.33000000e+01 -6.18852942e+00
 3.36000000e+01 0.00000000e+00 3.36000000e+01 3.29409371e+00 3.36000000e+01 -6.58548514e+00
 3.39000000e+01 0.00000000e+00 3.39000000e+01 3.01227712e+00 3.39000000e+01 -6.00678404e+00
 3.42000000e+01 0.00000000e+00 3.42000000e+01 3.44423430e+00 3.42000000e+01 -6.82264271e+00
 3.45000000e+01 0.00000000e+00 3.45000000e+01 3.37357674e+00 3.45000000e+01 -7.01967650e+00
 3.48000000e+01 0.00000000e+00 3.48000000e+01 3.16854857e+00 3.48000000e+01 -6.62337085e+00
 3.51000000e+01 0.00000000e+00 3.51000000e+01 5.31483013e+00 3.51000000e+01 -3.41915318e+00
 3.54000000e+01 0.00000000e+00 3.54000000e+01 5.40468602e+00 3.54000000e+01 -3.74738580e+00
 3.57000000e+01 0.00000000e+00 3.57000000e+01 4.43354339e+00 3.57000000e+01 -3.65156744e+00
 3.60000000e+01 0.00000000e+00 3.60000000e+01 5.08340329e+00 3.60000000e+01 -3.97957567e+00
 3.63000000e+01 0.00000000e+00 3.63000000e+01 4.72274615e+00 3.63000000e+01 -3.76582833e+00
 3.66000000e+01 0.00000000e+00 3.66000000e+01 4.69596912e+00 3.66000000e+01 -3.42356144e+00
 3.69000000e+01 0.00000000e+00 3.69000000e+01 5.14581811e+00 3.69000000e+01 -3.40612471e+00
 3.72000000e+01 0.00000000e+00 3.72000000e+01 5.29175488e+00 3.72000000e+01 -3.30746430e+00
 3.75000000e+01 0.00000000e+00 3.75000000e+01 4.33646290e+00 3.75000000e+01 -3.46471708e+00
 3.78000000e+01 0.00000000e+00 3.78000000e+01 4.89081595e+00 3.78000000e+01 -3.91497889e+00
 3.81000000e+01 0.00000000e+00 3.81000000e+01 4.40154035e+00 3.81000000e+01 -3.54435118e+00
 3.84000000e+01 0.00000000e+00 3.84000000e+01 5.10133566e+00 3.84000000e+01 -3.49851742e+00
 3.87000000e+01 0.00000000e+00 3.87000000e+01 5.04927279e+00 3.87000000e+01 -4.18232370e+00
 3.90000000e+01 0.00000000e+00 3.90000000e+01 4.76015376e+00 3.90000000e+01 -3.91739484e+00
 3.93000000e+01 0.00000000e+00 3.93000000e+01 4.34617456e+00 3.93000000e+01 -3.54064996e+00
 3.96000000e+01 0.00000000e+00 3.96000000e+01 4.93261798e+00 3.96000000e+01 -4.35875954e+00
 3.99000000e+01 0.00000000e+00 3.99000000e+01 4.79092690e+00 3.99000000e+01 -3.52172517e+00
 4.02000000e+01 0.00000000e+00 4.02000000e+01 5.50433596e+00 4.02000000e+01 -2.22732103e+00
 4.05000000e+01 0.00000000e+00 4.05000000e+01 4.95288687e+00 4.05000000e+01 -1.82563759e+00
 4.08000000e+01 0.00000000e+00 4.08000000e+01 5.00987297e+00 4.08000000e+01 -1.80405617e+00
 4.11000000e+01 0.00000000e+00 4.11000000e+01 5.16951774e+00 4.11000000e+01 -2.17512887e+00
 4.14000000e+01 0.00000000e+00 4.14000000e+01 4.71937083e+00 4.14000000e+01 -2.02726558e+00
 4.17000000e+01 0.00000000e+00 4.17000000e+01 5.93025612e+00 4.17000000e+01 -2.13062455e+00
 4.20000000e+01 0.00000000e+00 4.20000000e+01 4.98533399e+00 4.20000000e+01 -1.93055089e+00
 4.23000000e+01 0.00000000e+00 4.23000000e+01 4.86781046e+00 4.23000000e+01 -2.11548075e+00
 4.26000000e+01 0.00000000e+00 4.26000000e+01 5.18709829e+00 4.26000000e+01 -1.93855608e+00
 4.29000000e+01 0.00000000e+00 4.29000000e+01 5.34862597e+00 4.29000000e+01 -1.75631565e+00
 4.32000000e+01 0.00000000e+00 4.32000000e+01 5.24447162e+00 4.32000000e+01 -1.46377509e+00
 4.35000000e+01 0.00000000e+00 4.35000000e+01 5.37066738e+00 4.35000000e+01 -2.09963842e+00
 4.38000000e+01 0.00000000e+00 4.38000000e+01 4.77007892e+00 4.38000000e+01 -2.19274985e+00
 4.41000000e+01 0.00000000e+00 4.41000000e+01 5.11041214e+00 4.41000000e+01 -1.22171969e+00
 4.44000000e+01 0.00000000e+00 4.44000000e+01 5.16253405e+00 4.44000000e+01 -1.70077833e+00
 4.47000000e+01 0.00000000e+00 4.47000000e+01 5.29154399e+00 4.47000000e+01 -2.08341999e+00
 4.50000000e+01 0.00000000e+00 4.50000000e+01 5.13743457e+00 4.50000000e+01 -1.68380347e+00
 4.53000000e+01 0.00000000e+00 4.53000000e+01 5.83478928e+00 4.53000000e+01 -1.14983080e+00
 4.56000000e+01 0.00000000e+00 4.56000000e+01 5.02034453e+00 4.56000000e+01 -1.64348839e+00
 4.59000000e+01 0.00000000e+00 4.59000000e+01 5.52115076e+00 4.59000000e+01 -1.88556884e+00
 4.62000000e+01 0.00000000e+00 4.62000000e+01 4.67535454e+00 4.62000000e+01 -1.82626192e+00
 4.65000000e+01 0.00000000e+00 4.65000000e+01 5.06531968e+00 4.65000000e+01 -1.94647387e+00
 4.68000000e+01 0.00000000e+00 4.68000000e+01 5.12680243e+00 4.68000000e+01 -1.93634317e+00
 4.71000000e+01 0.00000000e+00 4.71000000e+01 4.61835269e+00 4.71000000e+01 -2.00228672e+00
 4.74000000e+01 0.00000000e+00 4.74000000e+01 6.04651012e+00 4.74000000e+01 -2.19359498e+00
 4.77000000e+01 0.00000000e+00 4.77000000e+01 5.22458563e+00 4.77000000e+01 -2.17923880e+00
 4.80000000e+01 0.00000000e+00 4.80000000e+01 5.16741962e+00 4.80000000e+01 -2.67919688e+00
 4.83000000e+01 0.00000000e+00 4.83000000e+01 5.63051405e+00 4.83000000e+01 -1.78018444e+00
 4.86000000e+01 0.00000000e+00 4.86000000e+01 5.27665932e+00 4.86000000e+01 -1.60589943e+00
 4.89000000e+01 0.00000000e+00 4.89000000e+01 5.27865279e+00 4.89000000e+01 -2.05089749e+00
 4.92000000e+01 0.00000000e+00 4.92000000e+01 5.72438012e+00 4.92000000e+01 -1.95516190e+00
 4.95000000e+01 0.00000000e+00 4.95000000e+01 4.55168283e+00 4.95000000e+01 -2.09377598e+00
 4.98000000e+01 0.00000000e+00 4.98000000e+01 5.57022622e+00 4.98000000e+01 -2.36447955e+00
 5.01000000e+01 0.00000000e+00 5.01000000e+01 3.98667579e+00 5.01000000e+01 -2.54276337e+00
 5.04000000e+01 0.00000000e+00 5.04000000e+01 4.12734975e+00 5.04000000e+01 -2.56850628e+00
 5.07000000e+01 0.00000000e+00 5.07000000e+01 3.39561983e+00 5.07000000e+01 -2.17884466e+00
 5.10000000e+01 0.00000000e+00 5.10000000e+01 4.11946828e+00 5.10000000e+01 -2.28655990e+00
 5.13000000e+01 0.00000000e+00 5.13000000e+01 3.44094575e+00 5.13000000e+01 -1.66695677e+00
 5.16000000e+01 0.00000000e+00 5.16000000e+01 3.96882435e+00 5.16000000e+01 -2.46329739e+00
 5.19000000e+01 0.00000000e+00 5.19000000e+01 4.59428546e+00 5.19000000e+01 -2.70989020e+00
 5.22000000e+01 0.00000000e+00 5.22000000e+01 3.74475667e+00 5.22000000e+01 -2.26706913e+00
 5.25000000e+01 0.00000000e+00 5.25000000e+01 3.58646596e+00 5.25000000e+01 -2.11347066e+00
 5.28000000e+01 0.00000000e+00 5.28000000e+01 3.52904330e+00 5.28000000e+01 -2.88437863e+00
 5.31000000e+01 0.00000000e+00 5.31000000e+01 3.70826871e+00 5.31000000e+01 -1.69294199e+00
 5.34000000e+01 0.00000000e+00 5.34000000e+01 3.52198925e+00 5.34000000e+01 -1.73826653e+00
 5.37000000e+01 0.00000000e+00 5.37000000e+01 3.90055169e+00 5.37000000e+01 -2.59897281e+00
 5.40000000e+01 0.00000000e+00 5.40000000e+01 3.65190443e+00 5.40000000e+01 -2.29356252e+00
 5.43000000e+01 0.00000000e+00 5.43000000e+01 3.02542714e+00 5.43000000e+01 -2.23511928e+00
 5.46000000e+01 0.00000000e+00 5.46000000e+01 3.93223292e+00 5.46000000e+01 -3.00886106e+00
 5.49000000e+01 0.00000000e+00 5.49000000e+01 3.68863036e+00 5.49000000e+01 -1.81328288e+00
 5.52000000e+01 0.00000000e+00 5.52000000e+01 6.33227352e+00 5.52000000e+01 -6.67874695e+00
 5.55000000e+01 0.00000000e+00 5.55000000e+01 5.68569229e+00 5.55000000e+01 -7.05763440e+00
 5.58000000e+01 0.00000000e+00 5.58000000e+01 6.55786695e+00 5.58000000e+01 -7.19735737e+00
 5.61000000e+01 0.00000000e+00 5.61000000e+01 5.55559001e+00 5.61000000e+01 -7.16874807e+00
 5.64000000e+01 0.00000000e+00 5.64000000e+01 5.92762711e+00 5.64000000e+01 -7.18039788e+00
 5.67000000e+01 0.00000000e+00 5.67000000e+01 5.92493931e+00 5.67000000e+01 -6.56654576e+00
 5.70000000e+01 0.00000000e+00 5.70000000e+01 5.70248333e+00 5.70000000e+01 -6.86634599e+00
 5.73000000e+01 0.00000000e+00 5.73000000e+01 5.46970566e+00 5.73000000e+01 -6.25546801e+00
 5.76000000e+01 0.00000000e+00 5.76000000e+01 5.58410839e+00 5.76000000e+01 -6.74593930e+00
 5.79000000e+01 0.00000000e+00 5.79000000e+01 6.26915348e+00 5.79000000e+01 -6.80886493e+00
 5.82000000e+01 0.00000000e+00 5.82000000e+01 6.24976748e+00 5.82000000e+01 -7.03662508e+00
 5.85000000e+01 0.00000000e+00 5.85000000e+01 5.41199610e+00 5.85000000e+01 -6.21958587e+00
 5.88000000e+01 0.00000000e+00 5.88000000e+01 6.05750016e+00 5.88000000e+01 -6.66187061e+00
 5.91000000e+01 0.00000000e+00 5.91000000e+01 5.91317469e+00 5.91000000e+01 -6.67024873e+00
 5.94000000e+01 0.00000000e+00 5.94000000e+01 6.79418811e+00 5.94000000e+01 -6.92010872e+00
 5.97000000e+01 0.00000000e+00 5.97000000e+01 5.97581450e+00 5.97000000e+01 -6.78778417e+00
