 0.00000000e+00 0.00000000e+00 0.00000000e+00 7.12912953e+00 0.00000000e+00 -7.56915780e+00
 3.00000000e-01 0.00000000e+00 3.00000000e-01 6.26494854e+00 3.00000000e-01 -6.91389302e+00
 6.00000000e-01 0.00000000e+00 6.00000000e-01 6.46593491e+00 6.00000000e-01 -6.67887179e+00
 9.00000000e-01 0.00000000e+00 9.00000000e-01 6.37498724e+00 9.00000000e-01 -7.55040310e+00
 1.20000000e+00 0.00000000e+00 1.20000000e+00 7.04533377e+00 1.20000000e+00 -6.70670778e+00
 1.50000000e+00 0.00000000e+00 1.50000000e+00 6.96061405e+00 1.50000000e+00 -6.36012089e+00
 1.80000000e+00 0.00000000e+00 1.80000000e+00 6.71836828e+00 1.80000000e+00 -6.83354137e+00
 2.10000000e+00 0.00000000e+00 2.10000000e+00 6.33638684e+00 2.10000000e+00 -6.36037378e+00
 2.40000000e+00 0.00000000e+00 2.40000000e+00 7.29062185e+00 2.40000000e+00 -6.62387919e+00
 2.70000000e+00 0.00000000e+00 2.70000000e+00 6.24552686e+00 2.70000000e+00 -6.88678170e+00
 3.00000000e+00 0.00000000e+00 3.00000000e+00 7.00374612e+00 3.00000000e+00 -6.51545527e+00
 3.30000000e+00 0.00000000e+00 3.30000000e+00 6.63013841e+00 3.30000000e+00 -6.34478118e+00
 3.60000000e+00 0.00000000e+00 3.60000000e+00 7.38323176e+00 3.60000000e+00 -6.48290703e+00
 3.90000000e+00 0.00000000e+00 3.90000000e+00 7.23122650e+00 3.90000000e+00 -6.32190651e+00
 4.20000000e+00 0.00000000e+00 4.20000000e+00 6.85127440e+00 4.20000000e+00 -7.18729063e+00
 4.50000000e+00 0.00000000e+00 4.50000000e+00 7.09401448e+00 4.50000000e+00 -6.56435080e+00
 4.80000000e+00 0.00000000e+00 4.80000000e+00 7.25395591e+00 4.80000000e+00 -6.35402527e+00
 5.10000000e+00 0.00000000e+00 5.10000000e+00 6.56863063e+00 5.10000000e+00 -6.86956183e+00
 5.40000000e+00 0.00000000e+00 5.40000000e+00 6.26621767e+00 5.40000000e+00 -6.57172391e+00
 5.70000000e+00 0.00000000e+00 5.70000000e+00 7.30880611e+00 5.70000000e+00 -6.55892643e+00
 6.00000000e+00 0.00000000e+00 6.00000000e+00 6.14928268e+00 6.00000000e+00 -6.99328397e+00
 6.30000000e+00 0.00000000e+00 6.30000000e+00 6.66071097e+00 6.30000000e+00 -6.75303874e+00
 6.60000000e+00 0.00000000e+00 6.60000000e+00 6.42331762e+00 6.60000000e+00 -6.95902395e+00
 6.90000000e+00 0.00000000e+00 6.90000000e+00 6.25384941e+00 6.90000000e+00 -6.69890479e+00
 7.20000000e+00 0.00000000e+00 7.20000000e+00 6.65787884e+00 7.20000000e+00 -6.52008480e+00
 7.50000000e+00 0.00000000e+00 7.50000000e+00 6.69383984e+00 7.50000000e+00 -6.95752452e+00
 7.80000000e+00 0.00000000e+00 7.80000000e+00 7.15613758e+00 7.80000000e+00 -6.73761844e+00
 8.10000000e+00 0.00000000e+00 8.10000000e+00 6.40732498e+00 8.10000000e+00 -6.80856873e+00
 8.40000000e+00 0.00000000e+00 8.40000000e+00 7.02520551e+00 8.40000000e+00 -6.35538012e+00
 8.70000000e+00 0.00000000e+00 8.70000000e+00 5.98491544e+00 8.70000000e+00 -6.51804210e+00
 9.00000000e+00 0.00000000e+00 9.00000000e+00 6.89617350e+00 9.00000000e+00 -6.38420445e+00
 9.30000000e+00 0.00000000e+00 9.30000000e+00 6.80820436e+00 9.30000000e+00 -7.03471314e+00
 9.60000000e+00 0.00000000e+00 9.60000000e+00 7.30378265e+00 9.60000000e+00 -6.40375047e+00
 9.90000000e+00 0.00000000e+00 9.90000000e+00 7.01493261e+00 9.90000000e+00 -6.72701865e+00
 1.02000000e+01 0.00000000e+00 1.02000000e+01 6.99626645e+00 1.02000000e+01 -6.71251227e+00
 1.05000000e+01 0.00000000e+00 1.05000000e+01 6.70920845e+00 1.05000000e+01 -6.69879296e+00
 1.08000000e+01 0.00000000e+00 1.08000000e+01 6.21571544e+00 1.08000000e+01 -6.16886991e+00
 1.11000000e+01 0.00000000e+00 1.11000000e+01 6.29179857e+00 1.11000000e+01 -6.96899218e+00
 1.14000000e+01 0.00000000e+00 1.14000000e+01 6.72136285e+00 1.14000000e+01 -6.77869756e+00
 1.17000000e+01 0.00000000e+00 1.17000000e+01 6.71618907e+00 1.17000000e+01 -7.05670431e+00
 1.20000000e+01 0.00000000e+00 1.20000000e+01 6.87705956e+00 1.20000000e+01 -7.25304632e+00
 1.23000000e+01 0.00000000e+00 1.23000000e+01 6.15666398e+00 1.23000000e+01 -6.71649005e+00
 1.26000000e+01 0.00000000e+00 1.26000000e+01 6.59528447e+00 1.26000000e+01 -6.52584197e+00
 1.29000000e+01 0.00000000e+00 1.29000000e+01 6.93267894e+00 1.29000000e+01 -6.97770705e+00
 1.32000000e+01 0.00000000e+00 1.32000000e+01 6.62591011e+00 1.32000000e+01 -6.41666139e+00
 1.35000000e+01 0.00000000e+00 1.35000000e+01 7.11040311e+00 1.35000000e+01 -6.77039083e+00
 1.38000000e+01 0.00000000e+00 1.38000000e+01 6.64705921e+00 1.38000000e+01 -6.50105634e+00
 1.41000000e+01 0.00000000e+00 1.41000000e+01 6.53104570e+00 1.41000000e+01 -6.51802925e+00
 1.44000000e+01 0.00000000e+00 1.44000000e+01 6.85472389e+00 1.44000000e+01 -6.53323402e+00
 1.47000000e+01 0.00000000e+00 1.47000000e+01 7.03170315e+00 1.47000000e+01 -6.92845250e+00
 1.50000000e+01 0.00000000e+00 1.50000000e+01 5.84033481e+00 1.50000000e+01 -6.89132909e+00
 1.53000000e+01 0.00000000e+00 1.53000000e+01 2.95828201e+00 1.53000000e+01 -4.63314996e+00
 1.56000000e+01 0.00000000e+00 1.56000000e+01 2.78432860e+00 1.56000000e+01 -4.96191125e+00
 1.59000000e+01 0.00000000e+00 1.59000000e+01 2.63979353e+00 1.59000000e+01 -4.55811910e+00
 1.62000000e+01 0.00000000e+00 1.62000000e+01 2.69073305e+00 1.62000000e+01 -4.84748904e+00
 1.65000000e+01 0.00000000e+00 1.65000000e+01 2.53004899e+00 1.65000000e+01 -4.60985713e+00
 1.68000000e+01 0.00000000e+00 1.68000000e+01 3.34456245e+00 1.68000000e+01 -4.08682245e+00
 1.71000000e+01 0.00000000e+00 1.71000000e+01 2.71136785e+00 1.71000000e+01 -4.94303077e+00
 1.74000000e+01 0.00000000e+00 1.74000000e+01 2.31314673e+00 1.74000000e+01 -4.26063771e+00
 1.77000000e+01 0.00000000e+00 1.77000000e+01 3.28414370e+00 1.77000000e+01 -3.99850157e+00
 1.80000000e+01 0.00000000e+00 1.80000000e+01 3.63466751e+00 1.80000000e+01 -3.78159593e+00
 1.83000000e+01 0.00000000e+00 1.83000000e+01 3.24729858e+00 1.83000000e+01 -4.56955526e+00
 1.86000000e+01 0.00000000e+00 1.86000000e+01 2.58992047e+00 1.86000000e+01 -4.60892142e+00
 1.89000000e+01 0.00000000e+00 1.89000000e+01 2.81435599e+00 1.89000000e+01 -4.50482361e+00
 1.92000000e+01 0.00000000e+00 1.92000000e+01 2.64414406e+00 1.92000000e+01 -3.99037349e+00
 1.95000000e+01 0.00000000e+00 1.95000000e+01 2.73435295e+00 1.95000000e+01 -4.98143560e+00
 1.98000000e+01 0.00000000e+00 1.98000000e+01 3.15130169e+00 1.98000000e+01 -5.08977825e+00
 2.01000000e+01 0.00000000e+00 2.01000000e+01 2.98588115e+00 2.01000000e+01 -4.31508969e+00
 2.04000000e+01 0.00000000e+00 2.04000000e+01 3.25161981e+00 2.04000000e+01 -3.61967501e+00
 2.07000000e+01 0.00000000e+00 2.07000000e+01 3.16061507e+00 2.07000000e+01 -4.56367201e+00
 2.10000000e+01 0.00000000e+00 2.10000000e+01 2.60261510e+00 2.10000000e+01 -4.89687573e+00
 2.13000000e+01 0.00000000e+00 2.13000000e+01 3.32143098e+00 2.13000000e+01 -4.71729705e+00
 2.16000000e+01 0.00000000e+00 2.16000000e+01 2.65612866e+00 2.16000000e+01 -4.69530488e+00
 2.19000000e+01 0.00000000e+00 2.19000000e+01 2.70086276e+00 2.19000000e+01 -4.19078857e+00
 2.22000000e+01 0.00000000e+00 2.22000000e+01 2.48354439e+00 2.22000000e+01 -4.63555045e+00
 2.25000000e+01 0.00000000e+00 2.25000000e+01 2.95375144e+00 2.25000000e+01 -4.97948330e+00
 2.28000000e+01 0.00000000e+00 2.28000000e+01 2.99670951e+00 2.28000000e+01 -4.99055556e+00
 2.31000000e+01 0.00000000e+00 2.31000000e+01 3.39923996e+00 2.31000000e+01 -4.16503141e+00
 2.34000000e+01 0.00000000e+00 2.34000000e+01 2.89951342e+00 2.34000000e+01 -4.62971602e+00
 2.37000000e+01 0.00000000e+00 2.37000000e+01 2.44656895e+00 2.37000000e+01 -4.76039523e+00
 2.40000000e+01 0.00000000e+00 2.40000000e+01 2.96798772e+00 2.40000000e+01 -3.88936755e+00
 2.43000000e+01 0.00000000e+00 2.43000000e+01 3.17708773e+00 2.43000000e+01 -4.26841112e+00
 2.46000000e+01 0.00000000e+00 2.46000000e+01 2.74990930e+00 2.46000000e+01 -4.19698868e+00
 2.49000000e+01 0.00000000e+00 2.49000000e+01 3.35125994e+00 2.49000000e+01 -4.27564149e+00
 2.52000000e+01 0.00000000e+00 2.52000000e+01 1.05713648e+00 2.52000000e+01 -4.16718688e+00
 2.55000000e+01 0.00000000e+00 2.55000000e+01 1.50506248e+00 2.55000000e+01 -4.36010716e+00
 2.58000000e+01 0.00000000e+00 2.58000000e+01 1.42739816e+00 2.58000000e+01 -4.77362709e+00
 2.61000000e+01 0.00000000e+00 2.61000000e+01 8.89882104e-01 2.61000000e+01 -4.18137863e+00
 2.64000000e+01 0.00000000e+00 2.64000000e+01 1.21087592e+00 2.64000000e+01 -4.60826813e+00
 2.67000000e+01 0.00000000e+00 2.67000000e+01 1.47132240e+00 2.67000000e+01 -3.90296654e+00
 2.70000000e+01 0.00000000e+00 2.70000000e+01 6.34575762e-01 2.70000000e+01 -4.05360084e+00
 2.73000000e+01 0.00000000e+00 2.73000000e+01 1.05530611e+00 2.73000000e+01 -4.67015367e+00
 2.76000000e+01 0.00000000e+00 2.76000000e+01 1.57062695e+00 2.76000000e+01 -4.53933069e+00
 2.79000000e+01 0.00000000e+00 2.79000000e+01 7.54523386e-01 2.79000000e+01 -4.56880117e+00
 2.82000000e+01 0.00000000e+00 2.82000000e+01 1.51122747e+00 2.82000000e+01 -4.29056085e+00
 2.85000000e+01 0.00000000e+00 2.85000000e+01 8.36067664e-01 2.85000000e+01 -4.93156179e+00
 2.88000000e+01 0.00000000e+00 2.88000000e+01 8.34614015e-01 2.88000000e+01 -4.51446539e+00
 2.91000000e+01 0.00000000e+00 2.91000000e+01 1.10297803e+00 2.91000000e+01 -4.67870622e+00
 2.94000000e+01 0.00000000e+00 2.94000000e+01 1.13965715e+00 2.94000000e+01 -4.70234352e+00
 2.97000000e+01 0.00000000e+00 2.97000000e+01 7.69391365e-01 2.97000000e+01 -4.43448759e+00
 3.00000000e+01 0.00000000e+00 3.00000000e+01 1.33903495e+00 3.00000000e+01 -4.73817471e+00
 3.03000000e+01 0.00000000e+00 3.03000000e+01 1.24160032e+00 3.03000000e+01 -4.75063234e+00
 3.06000000e+01 0.00000000e+00 3.06000000e+01 1.05416962e+00 3.06000000e+01 -4.85724146e+00
 3.09000000e+01 0.00000000e+00 3.09000000e+01 1.10499908e+00 3.09000000e+01 -4.39543555e+00
 3.12000000e+01 0.00000000e+00 3.12000000e+01 1.59642539e+00 3.12000000e+01 -4.06220783e+00
 3.15000000e+01 0.00000000e+00 3.15000000e+01 1.14382833e+00 3.15000000e+01 -4.16848221e+00
 3.18000000e+01 0.00000000e+00 3.18000000e+01 1.21846624e+00 3.18000000e+01 -4.80914393e+00
 3.21000000e+01 0.00000000e+00 3.21000000e+01 9.73302748e-01 3.21000000e+01 -4.03004541e+00
 3.24000000e+01 0.00000000e+00 3.24000000e+01 1.30443243e+00 3.24000000e+01 -4.27881123e+00
 3.27000000e+01 0.00000000e+00 3.27000000e+01 9.90189980e-01 3.27000000e+01 -3.88794949e+00
 3.30000000e+01 0.00000000e+00 3.30000000e+01 1.17146580e+00 3.30000000e+01 -4.50490444e+00
 3.33000000e+01 0.00000000e+00 3.33000000e+01 1.29543271e+00 3.33000000e+01 -4.65046568e+00
 3.36000000e+01 0.00000000e+00 3.36000000e+01 1.29875795e+00 3.36000000e+01 -4.40310939e+00
 3.39000000e+01 0.00000000e+00 3.39000000e+01 1.19225592e+00 3.39000000e+01 -4.04430917e+00
 3.42000000e+01 0.00000000e+00 3.42000000e+01 8.78984505e-01 3.42000000e+01 -4.00148048e+00
 3.45000000e+01 0.00000000e+00 3.45000000e+01 1.94214137e+00 3.45000000e+01 -4.86500942e+00
 3.48000000e+01 0.00000000e+00 3.48000000e+01 6.23880380e-01 3.48000000e+01 -4.84958562e+00
 3.51000000e+01 0.00000000e+00 3.51000000e+01 4.43190990e+00 3.51000000e+01 -2.55848824e+00
 3.54000000e+01 0.00000000e+00 3.54000000e+01 4.34756923e+00 3.54000000e+01 -2.79438718e+00
 3.57000000e+01 0.00000000e+00 3.57000000e+01 4.63352945e+00 3.57000000e+01 -2.92862915e+00
 3.60000000e+01 0.00000000e+00 3.60000000e+01 4.50919229e+00 3.60000000e+01 -2.91990207e+00
 3.63000000e+01 0.00000000e+00 3.63000000e+01 4.23263517e+00 3.63000000e+01 -2.90129651e+00
 3.66000000e+01 0.00000000e+00 3.66000000e+01 4.67348904e+00 3.66000000e+01 -2.92441241e+00
 3.69000000e+01 0.00000000e+00 3.69000000e+01 4.28241794e+00 3.69000000e+01 -3.02445230e+00
 3.72000000e+01 0.00000000e+00 3.72000000e+01 4.15946567e+00 3.72000000e+01 -2.32966159e+00
 3.75000000e+01 0.00000000e+00 3.75000000e+01 4.58513300e+00 3.75000000e+01 -2.89612579e+00
 3.78000000e+01 0.00000000e+00 3.78000000e+01 4.15519750e+00 3.78000000e+01 -3.09300837e+00
 3.81000000e+01 0.00000000e+00 3.81000000e+01 3.88716803e+00 3.81000000e+01 -2.69992596e+00
 3.84000000e+01 0.00000000e+00 3.84000000e+01 4.35291551e+00 3.84000000e+01 -2.05073002e+00
 3.87000000e+01 0.00000000e+00 3.87000000e+01 3.84924627e+00 3.87000000e+01 -2.36878188e+00
 3.90000000e+01 0.00000000e+00 3.90000000e+01 4.15485123e+00 3.90000000e+01 -3.15609007e+00
 3.93000000e+01 0.00000000e+00 3.93000000e+01 4.15416609e+00 3.93000000e+01 -2.11014705e+00
 3.96000000e+01 0.00000000e+00 3.96000000e+01 4.12422954e+00 3.96000000e+01 -3.18374994e+00
 3.99000000e+01 0.00000000e+00 3.99000000e+01 3.97718748e+00 3.99000000e+01 -3.02368160e+00
 4.02000000e+01 0.00000000e+00 4.02000000e+01 4.41495595e+00 4.02000000e+01 -3.86655389e+00
 4.05000000e+01 0.00000000e+00 4.05000000e+01 4.19129130e+00 4.05000000e+01 -3.37163144e+00
 4.08000000e+01 0.00000000e+00 4.08000000e+01 4.38954515e+00 4.08000000e+01 -3.72382083e+00
 4.11000000e+01 0.00000000e+00 4.11000000e+01 4.73238784e+00 4.11000000e+01 -4.22357571e+00
 4.14000000e+01 0.00000000e+00 4.14000000e+01 4.75756531e+00 4.14000000e+01 -4.40200731e+00
 4.17000000e+01 0.00000000e+00 4.17000000e+01 4.27645257e+00 4.17000000e+01 -4.14801415e+00
 4.20000000e+01 0.00000000e+00 4.20000000e+01 4.64181915e+00 4.20000000e+01 -4.06457620e+00
 4.23000000e+01 0.00000000e+00 4.23000000e+01 4.53709290e+00 4.23000000e+01 -3.85055841e+00
 4.26000000e+01 0.00000000e+00 4.26000000e+01 4.55121325e+00 4.26000000e+01 -4.30530998e+00
 4.29000000e+01 0.00000000e+00 4.29000000e+01 4.56078345e+00 4.29000000e+01 -4.01502513e+00
 4.32000000e+01 0.00000000e+00 4.32000000e+01 4.32322311e+00 4.32000000e+01 -3.83911660e+00
 4.35000000e+01 0.00000000e+00 4.35000000e+01 4.26532952e+00 4.35000000e+01 -4.18207901e+00
 4.38000000e+01 0.00000000e+00 4.38000000e+01 4.18137805e+00 4.38000000e+01 -4.16787479e+00
 4.41000000e+01 0.00000000e+00 4.41000000e+01 4.80299147e+00 4.41000000e+01 -3.92577494e+00
 4.44000000e+01 0.00000000e+00 4.44000000e+01 3.80143428e+00 4.44000000e+01 -4.11908901e+00
 4.47000000e+01 0.00000000e+00 4.47000000e+01 4.09974535e+00 4.47000000e+01 -3.70958098e+00
 4.50000000e+01 0.00000000e+00 4.50000000e+01 4.08709711e+00 4.50000000e+01 -3.88171038e+00
 4.53000000e+01 0.00000000e+00 4.53000000e+01 4.73686802e+00 4.53000000e+01 -4.24136260e+00
 4.56000000e+01 0.00000000e+00 4.56000000e+01 3.86863077e+00 4.56000000e+01 -3.76310767e+00
 4.59000000e+01 0.00000000e+00 4.59000000e+01 4.63682643e+00 4.59000000e+01 -3.65424392e+00
 4.62000000e+01 0.00000000e+00 4.62000000e+01 4.60134358e+00 4.62000000e+01 -4.55168142e+00
 4.65000000e+01 0.00000000e+00 4.65000000e+01 4.41474988e+00 4.65000000e+01 -4.00173251e+00
 4.68000000e+01 0.00000000e+00 4.68000000e+01 4.64334094e+00 4.68000000e+01 -4.37708493e+00
 4.71000000e+01 0.00000000e+00 4.71000000e+01 4.76920259e+00 4.71000000e+01 -3.18561870e+00
 4.74000000e+01 0.00000000e+00 4.74000000e+01 4.50011256e+00 4.74000000e+01 -4.04683834e+00
 4.77000000e+01 0.00000000e+00 4.77000000e+01 4.17306287e+00 4.77000000e+01 -3.77317244e+00
 4.80000000e+01 0.00000000e+00 4.80000000e+01 4.87623954e+00 4.80000000e+01 -4.30479999e+00
 4.83000000e+01 0.00000000e+00 4.83000000e+01 4.91603053e+00 4.83000000e+01 -3.72052213e+00
 4.86000000e+01 0.00000000e+00 4.86000000e+01 4.31955803e+00 4.86000000e+01 -4.12477595e+00
 4.89000000e+01 0.00000000e+00 4.89000000e+01 4.86337292e+00 4.89000000e+01 -4.06390561e+00
 4.92000000e+01 0.00000000e+00 4.92000000e+01 4.43673680e+00 4.92000000e+01 -3.61322655e+00
 4.95000000e+01 0.00000000e+00 4.95000000e+01 4.54085028e+00 4.95000000e+01 -3.62674713e+00
 4.98000000e+01 0.00000000e+00 4.98000000e+01 4.25892982e+00 4.98000000e+01 -3.75977612e+00
 5.01000000e+01 0.00000000e+00 5.01000000e+01 2.74684817e+00 5.01000000e+01 -2.19216608e+00
 5.04000000e+01 0.00000000e+00 5.04000000e+01 2.54216827e+00 5.04000000e+01 -2.84683406e+00
 5.07000000e+01 0.00000000e+00 5.07000000e+01 2.74236655e+00 5.07000000e+01 -2.84814802e+00
 5.10000000e+01 0.00000000e+00 5.10000000e+01 2.48350921e+00 5.10000000e+01 -3.11781011e+00
 5.13000000e+01 0.00000000e+00 5.13000000e+01 2.93286034e+00 5.13000000e+01 -2.63933330e+00
 5.16000000e+01 0.00000000e+00 5.16000000e+01 2.48385167e+00 5.16000000e+01 -2.56896105e+00
 5.19000000e+01 0.00000000e+00 5.19000000e+01 3.51404139e+00 5.19000000e+01 -2.92951104e+00
 5.22000000e+01 0.00000000e+00 5.22000000e+01 2.88684294e+00 5.22000000e+01 -2.87306567e+00
 5.25000000e+01 0.00000000e+00 5.25000000e+01 2.38170836e+00 5.25000000e+01 -2.15411459e+00
 5.28000000e+01 0.00000000e+00 5.28000000e+01 2.68591908e+00 5.28000000e+01 -3.20603254e+00
 5.31000000e+01 0.00000000e+00 5.31000000e+01 2.68313858e+00 5.31000000e+01 -3.06638190e+00
 5.34000000e+01 0.00000000e+00 5.34000000e+01 3.08132363e+00 5.34000000e+01 -2.67744606e+00
 5.37000000e+01 0.00000000e+00 5.37000000e+01 3.30904444e+00 5.37000000e+01 -2.34494381e+00
 5.40000000e+01 0.00000000e+00 5.40000000e+01 2.68769659e+00 5.40000000e+01 -2.67819176e+00
 5.43000000e+01 0.00000000e+00 5.43000000e+01 2.81747704e+00 5.43000000e+01 -3.25229906e+00
 5.46000000e+01 0.00000000e+00 5.46000000e+01 3.18592420e+00 5.46000000e+01 -3.09112488e+00
 5.49000000e+01 0.00000000e+00 5.49000000e+01 2.83836333e+00 5.49000000e+01 -2.95081912e+00
 5.52000000e+01 0.00000000e+00 5.52000000e+01 6.65198186e+00 5.52000000e+01 -7.20575368e+00
 5.55000000e+01 0.00000000e+00 5.55000000e+01 6.27196544e+00 5.55000000e+01 -6.29845813e+00
 5.58000000e+01 0.00000000e+00 5.58000000e+01 6.14566473e+00 5.58000000e+01 -6.57081378e+00
 5.61000000e+01 0.00000000e+00 5.61000000e+01 7.00439021e+00 5.61000000e+01 -7.48971847e+00
 5.64000000e+01 0.00000000e+00 5.64000000e+01 6.53468919e+00 5.64000000e+01 -5.92855952e+00
 5.67000000e+01 0.00000000e+00 5.67000000e+01 6.34158398e+00 5.67000000e+01 -7.13527068e+00
 5.70000000e+01 0.00000000e+00 5.70000000e+01 6.66574824e+00 5.70000000e+01 -6.42444206e+00
 5.73000000e+01 0.00000000e+00 5.73000000e+01 6.60963196e+00 5.73000000e+01 -6.67845013e+00
 5.76000000e+01 0.00000000e+00 5.76000000e+01 6.45947551e+00 5.76000000e+01 -6.54823852e+00
 5.79000000e+01 0.00000000e+00 5.79000000e+01 7.40012977e+00 5.79000000e+01 -6.38327465e+00
 5.82000000e+01 0.00000000e+00 5.82000000e+01 6.39693607e+00 5.82000000e+01 -6.42977844e+00
 5.85000000e+01 0.00000000e+00 5.85000000e+01 6.14192813e+00 5.85000000e+01 -6.69952149e+00
 5.88000000e+01 0.00000000e+00 5.88000000e+01 6.64977647e+00 5.88000000e+01 -6.53407222e+00
 5.91000000e+01 0.00000000e+00 5.91000000e+01 6.61879817e+00 5.91000000e+01 -6.88306668e+00
 5.94000000e+01 0.00000000e+00 5.94000000e+01 6.89041366e+00 5.94000000e+01 -6.17903847e+00
 5.97000000e+01 0.00000000e+00 5.97000000e+01 6.41937511e+00 5.97000000e+01 -6.87444362e+00
