 0.00000000e+00 0.00000000e+00 0.00000000e+00 4.27773453e+00 0.00000000e+00 -4.96702754e+00
 3.00000000e-01 0.00000000e+00 3.00000000e-01 4.58302051e+00 3.00000000e-01 -5.62461641e+00
 6.00000000e-01 0.00000000e+00 6.00000000e-01 4.74154863e+00 6.00000000e-01 -5.75288102e+00
 9.00000000e-01 0.00000000e+00 9.00000000e-01 4.60952151e+00 9.00000000e-01 -5.26707131e+00
 1.20000000e+00 0.00000000e+00 1.20000000e+00 3.94100065e+00 1.20000000e+00 -5.13064070e+00
 1.50000000e+00 0.00000000e+00 1.50000000e+00 4.67822369e+00 1.50000000e+00 -4.82985929e+00
 1.80000000e+00 0.00000000e+00 1.80000000e+00 5.48318668e+00 1.80000000e+00 -4.97214844e+00
 2.10000000e+00 0.00000000e+00 2.10000000e+00 4.78351992e+00 2.10000000e+00 -5.39013829e+00
 2.40000000e+00 0.00000000e+00 2.40000000e+00 4.59182532e+00 2.40000000e+00 -5.51654108e+00
 2.70000000e+00 0.00000000e+00 2.70000000e+00 4.69230149e+00 2.70000000e+00 -5.13429799e+00
 3.00000000e+00 0.00000000e+00 3.00000000e+00 4.75355358e+00 3.00000000e+00 -5.05825594e+00
 3.30000000e+00 0.00000000e+00 3.30000000e+00 4.95509002e+00 3.30000000e+00 -5.25494277e+00
 3.60000000e+00 0.00000000e+00 3.60000000e+00 4.43838237e+00 3.60000000e+00 -5.53251529e+00
 3.90000000e+00 0.00000000e+00 3.90000000e+00 4.92415162e+00 3.90000000e+00 -5.42781009e+00
 4.20000000e+00 0.00000000e+00 4.20000000e+00 5.44901580e+00 4.20000000e+00 -4.94618204e+00
 4.50000000e+00 0.00000000e+00 4.50000000e+00 5.04591303e+00 4.50000000e+00 -4.94654332e+00
 4.80000000e+00 0.00000000e+00 4.80000000e+00 4.96648575e+00 4.80000000e+00 -5.36118809e+00
 5.10000000e+00 0.00000000e+00 5.10000000e+00 4.79404992e+00 5.10000000e+00 -5.05179480e+00
 5.40000000e+00 0.00000000e+00 5.40000000e+00 4.89261601e+00 5.40000000e+00 -5.83189893e+00
 5.70000000e+00 0.00000000e+00 5.70000000e+00 5.20588972e+00 5.70000000e+00 -5.05207591e+00
 6.00000000e+00 0.00000000e+00 6.00000000e+00 4.05923740e+00 6.00000000e+00 -5.41151846e+00
 6.30000000e+00 0.00000000e+00 6.30000000e+00 5.00800011e+00 6.30000000e+00 -5.42310429e+00
 6.60000000e+00 0.00000000e+00 6.60000000e+00 4.57683409e+00 6.60000000e+00 -5.27786628e+00
 6.90000000e+00 0.00000000e+00 6.90000000e+00 4.88444987e+00 6.90000000e+00 -4.08573645e+00
 7.20000000e+00 0.00000000e+00 7.20000000e+00 4.61013385e+00 7.20000000e+00 -5.02258006e+00
 7.50000000e+00 0.00000000e+00 7.50000000e+00 4.93138950e+00 7.50000000e+00 -5.39886797e+00
 7.80000000e+00 0.00000000e+00 7.80000000e+00 4.92281243e+00 7.80000000e+00 -5.27985525e+00
 8.10000000e+00 0.00000000e+00 8.10000000e+00 4.81122513e+00 8.10000000e+00 -4.85446049e+00
 8.40000000e+00 0.00000000e+00 8.40000000e+00 4.72587757e+00 8.40000000e+00 -5.16950219e+00
 8.70000000e+00 0.00000000e+00 8.70000000e+00 4.71223892e+00 8.70000000e+00 -5.22521010e+00
 9.00000000e+00 0.00000000e+00 9.00000000e+00 4.70861848e+00 9.00000000e+00 -4.56612200e+00
 9.30000000e+00 0.00000000e+00 9.30000000e+00 5.24785662e+00 9.30000000e+00 -5.12461603e+00
 9.60000000e+00 0.00000000e+00 9.60000000e+00 4.96687715e+00 9.60000000e+00 -5.02116489e+00
 9.90000000e+00 0.00000000e+00 9.90000000e+00 4.27904621e+00 9.90000000e+00 -5.69513496e+00
 1.02000000e+01 0.00000000e+00 1.02000000e+01 5.61710771e+00 1.02000000e+01 -5.10530884e+00
 1.05000000e+01 0.00000000e+00 1.05000000e+01 4.68272912e+00 1.05000000e+01 -4.79849067e+00
 1.08000000e+01 0.00000000e+00 1.08000000e+01 4.61758227e+00 1.08000000e+01 -5.51506511e+00
 1.11000000e+01 0.00000000e+00 1.11000000e+01 5.17542609e+00 1.11000000e+01 -4.94389307e+00
 1.14000000e+01 0.00000000e+00 1.14000000e+01 5.24001405e+00 1.14000000e+01 -4.91760658e+00
 1.17000000e+01 0.00000000e+00 1.17000000e+01 4.62551719e+00 1.17000000e+01 -5.40453084e+00
 1.20000000e+01 0.00000000e+00 1.20000000e+01 4.80260913e+00 1.20000000e+01 -5.58950679e+00
 1.23000000e+01 0.00000000e+00 1.23000000e+01 4.89832526e+00 1.23000000e+01 -5.03111892e+00
 1.26000000e+01 0.00000000e+00 1.26000000e+01 4.60498107e+00 1.26000000e+01 -4.76466160e+00
 1.29000000e+01 0.00000000e+00 1.29000000e+01 4.84871685e+00 1.29000000e+01 -5.27303107e+00
 1.32000000e+01 0.00000000e+00 1.32000000e+01 4.96077186e+00 1.32000000e+01 -4.79106513e+00
 1.35000000e+01 0.00000000e+00 1.35000000e+01 5.49646666e+00 1.35000000e+01 -5.58904700e+00
 1.38000000e+01 0.00000000e+00 1.38000000e+01 5.01099790e+00 1.38000000e+01 -5.58595766e+00
 1.41000000e+01 0.00000000e+00 1.41000000e+01 5.27574117e+00 1.41000000e+01 -4.44269269e+00
 1.44000000e+01 0.00000000e+00 1.44000000e+01 5.33687738e+00 1.44000000e+01 -5.58697278e+00
 1.47000000e+01 0.00000000e+00 1.47000000e+01 4.96261428e+00 1.47000000e+01 -5.87478267e+00
 1.50000000e+01 0.00000000e+00 1.50000000e+01 4.77963935e+00 1.50000000e+01 -5.55379728e+00
 1.53000000e+01 0.00000000e+00 1.53000000e+01 1.27311331e+00 1.53000000e+01 -6.31204535e+00
 1.56000000e+01 0.00000000e+00 1.56000000e+01 9.14612609e-01 1.56000000e+01 -5.83056325e+00
 1.59000000e+01 0.00000000e+00 1.59000000e+01 1.14097824e+00 1.59000000e+01 -6.42456897e+00
 1.62000000e+01 0.00000000e+00 1.62000000e+01 8.08190410e-01 1.62000000e+01 -6.05447260e+00
 1.65000000e+01 0.00000000e+00 1.65000000e+01 1.42071627e+00 1.65000000e+01 -5.57795961e+00
 1.68000000e+01 0.00000000e+00 1.68000000e+01 9.68069813e-01 1.68000000e+01 -6.09655367e+00
 1.71000000e+01 0.00000000e+00 1.71000000e+01 6.81826086e-01 1.71000000e+01 -5.95459521e+00
 1.74000000e+01 0.00000000e+00 1.74000000e+01 9.82435341e-01 1.74000000e+01 -5.72755451e+00
 1.77000000e+01 0.00000000e+00 1.77000000e+01 1.16144958e+00 1.77000000e+01 -5.93812062e+00
 1.80000000e+01 0.00000000e+00 1.80000000e+01 1.24333717e+00 1.80000000e+01 -5.82781489e+00
 1.83000000e+01 0.00000000e+00 1.83000000e+01 6.32061541e-01 1.83000000e+01 -6.24802951e+00
 1.86000000e+01 0.00000000e+00 1.86000000e+01 4.67510112e-01 1.86000000e+01 -6.17451840e+00
 1.89000000e+01 0.00000000e+00 1.89000000e+01 1.54895414e+00 1.89000000e+01 -5.89632853e+00
 1.92000000e+01 0.00000000e+00 1.92000000e+01 1.33747291e+00 1.92000000e+01 -5.80311926e+00
 1.95000000e+01 0.00000000e+00 1.95000000e+01 1.20662994e+00 1.95000000e+01 -6.11398551e+00
 1.98000000e+01 0.00000000e+00 1.98000000e+01 1.34107369e+00 1.98000000e+01 -5.77593321e+00
 2.01000000e+01 0.00000000e+00 2.01000000e+01 6.91787738e-01 2.01000000e+01 -5.83483720e+00
 2.04000000e+01 0.00000000e+00 2.04000000e+01 9.53883205e-01 2.04000000e+01 -6.17407441e+00
 2.07000000e+01 0.00000000e+00 2.07000000e+01 6.56216697e-01 2.07000000e+01 -5.58845227e+00
 2.10000000e+01 0.00000000e+00 2.10000000e+01 1.41623384e-01 2.10000000e+01 -5.58865065e+00
 2.13000000e+01 0.00000000e+00 2.13000000e+01 1.16164381e+00 2.13000000e+01 -5.53064223e+00
 2.16000000e+01 0.00000000e+00 2.16000000e+01 2.83834274e-01 2.16000000e+01 -6.09335467e+00
 2.19000000e+01 0.00000000e+00 2.19000000e+01 6.54870438e-01 2.19000000e+01 -5.79694866e+00
 2.22000000e+01 0.00000000e+00 2.22000000e+01 4.53500076e-01 2.22000000e+01 -5.30335300e+00
 2.25000000e+01 0.00000000e+00 2.25000000e+01 8.86242993e-01 2.25000000e+01 -5.89920244e+00
 2.28000000e+01 0.00000000e+00 2.28000000e+01 1.43794578e+00 2.28000000e+01 -5.72464960e+00
 2.31000000e+01 0.00000000e+00 2.31000000e+01 9.33167297e-01 2.31000000e+01 -5.43026389e+00
 2.34000000e+01 0.00000000e+00 2.34000000e+01 9.45098316e-01 2.34000000e+01 -5.85000391e+00
 2.37000000e+01 0.00000000e+00 2.37000000e+01 5.32835659e-01 2.37000000e+01 -5.78244929e+00
 2.40000000e+01 0.00000000e+00 2.40000000e+01 9.32711027e-01 2.40000000e+01 -5.77818170e+00
 2.43000000e+01 0.00000000e+00 2.43000000e+01 7.03702220e-01 2.43000000e+01 -6.34408985e+00
 2.46000000e+01 0.00000000e+00 2.46000000e+01 1.47514852e+00 2.46000000e+01 -6.12028661e+00
 2.49000000e+01 0.00000000e+00 2.49000000e+01 4.95314606e-01 2.49000000e+01 -5.77203770e+00
 2.52000000e+01 0.00000000e+00 2.52000000e+01 8.40406965e-01 2.52000000e+01 -5.79531162e+00
 2.55000000e+01 0.00000000e+00 2.55000000e+01 1.26745948e+00 2.55000000e+01 -6.22860591e+00
 2.58000000e+01 0.00000000e+00 2.58000000e+01 9.11105808e-01 2.58000000e+01 -5.98860761e+00
 2.61000000e+01 0.00000000e+00 2.61000000e+01 1.09005393e+00 2.61000000e+01 -5.86358740e+00
 2.64000000e+01 0.00000000e+00 2.64000000e+01 1.28192864e+00 2.64000000e+01 -5.91417047e+00
 2.67000000e+01 0.00000000e+00 2.67000000e+01 9.69447223e-01 2.67000000e+01 -6.06759816e+00
 2.70000000e+01 0.00000000e+00 2.70000000e+01 1.27161165e+00 2.70000000e+01 -5.81224366e+00
 2.73000000e+01 0.00000000e+00 2.73000000e+01 1.05088737e+00 2.73000000e+01 -6.34772240e+00
 2.76000000e+01 0.00000000e+00 2.76000000e+01 9.03482270e-01 2.76000000e+01 -6.14891612e+00
 2.79000000e+01 0.00000000e+00 2.79000000e+01 1.35203381e+00 2.79000000e+01 -6.00335009e+00
 2.82000000e+01 0.00000000e+00 2.82000000e+01 1.43335136e+00 2.82000000e+01 -6.08887404e+00
 2.85000000e+01 0.00000000e+00 2.85000000e+01 1.21637702e+00 2.85000000e+01 -6.67077003e+00
 2.88000000e+01 0.00000000e+00 2.88000000e+01 1.64027468e+00 2.88000000e+01 -5.93035816e+00
 2.91000000e+01 0.00000000e+00 2.91000000e+01 5.24899349e-01 2.91000000e+01 -6.26573168e+00
 2.94000000e+01 0.00000000e+00 2.94000000e+01 1.36819354e+00 2.94000000e+01 -6.43989564e+00
 2.97000000e+01 0.00000000e+00 2.97000000e+01 1.25706453e+00 2.97000000e+01 -5.93740770e+00
 3.00000000e+01 0.00000000e+00 3.00000000e+01 1.54689638e+00 3.00000000e+01 -6.14724042e+00
 3.03000000e+01 0.00000000e+00 3.03000000e+01 1.58121063e+00 3.03000000e+01 -5.89012280e+00
 3.06000000e+01 0.00000000e+00 3.06000000e+01 1.35118092e+00 3.06000000e+01 -5.83922204e+00
 3.09000000e+01 0.00000000e+00 3.09000000e+01 1.30348633e+00 3.09000000e+01 -5.96451691e+00
 3.12000000e+01 0.00000000e+00 3.12000000e+01 4.10641554e-01 3.12000000e+01 -6.23078370e+00
 3.15000000e+01 0.00000000e+00 3.15000000e+01 1.09622320e+00 3.15000000e+01 -5.70930922e+00
 3.18000000e+01 0.00000000e+00 3.18000000e+01 7.94521434e-01 3.18000000e+01 -5.85758639e+00
 3.21000000e+01 0.00000000e+00 3.21000000e+01 1.12584778e+00 3.21000000e+01 -6.11261229e+00
 3.24000000e+01 0.00000000e+00 3.24000000e+01 1.22157986e+00 3.24000000e+01 -5.92892171e+00
 3.27000000e+01 0.00000000e+00 3.27000000e+01 9.06684722e-01 3.27000000e+01 -6.34795897e+00
 3.30000000e+01 0.00000000e+00 3.30000000e+01 1.61310184e+00 3.30000000e+01 -6.68587352e+00
 3.33000000e+01 0.00000000e+00 3.33000000e+01 1.63342868e+00 3.33000000e+01 -6.41916103e+00
 3.36000000e+01 0.00000000e+00 3.36000000e+01 1.13188621e+00 3.36000000e+01 -6.17677540e+00
 3.39000000e+01 0.00000000e+00 3.39000000e+01 7.50435169e-01 3.39000000e+01 -6.59504638e+00
 3.42000000e+01 0.00000000e+00 3.42000000e+01 1.28150396e+00 3.42000000e+01 -5.86147348e+00
 3.45000000e+01 0.00000000e+00 3.45000000e+01 1.37524011e+00 3.45000000e+01 -6.09142482e+00
 3.48000000e+01 0.00000000e+00 3.48000000e+01 1.13111446e+00 3.48000000e+01 -6.23475665e+00
 3.51000000e+01 0.00000000e+00 3.51000000e+01 5.50220844e+00 3.51000000e+01 -3.05535713e+00
 3.54000000e+01 0.00000000e+00 3.54000000e+01 5.79270337e+00 3.54000000e+01 -3.41533105e+00
 3.57000000e+01 0.00000000e+00 3.57000000e+01 6.26555668e+00 3.57000000e+01 -2.53019972e+00
 3.60000000e+01 0.00000000e+00 3.60000000e+01 5.48561842e+00 3.60000000e+01 -2.78025382e+00
 3.63000000e+01 0.00000000e+00 3.63000000e+01 5.60964672e+00 3.63000000e+01 -2.45715823e+00
 3.66000000e+01 0.00000000e+00 3.66000000e+01 5.87213036e+00 3.66000000e+01 -2.72596102e+00
 3.69000000e+01 0.00000000e+00 3.69000000e+01 5.96133988e+00 3.69000000e+01 -2.69917182e+00
 3.72000000e+01 0.00000000e+00 3.72000000e+01 5.71086514e+00 3.72000000e+01 -2.25966150e+00
 3.75000000e+01 0.00000000e+00 3.75000000e+01 5.99228031e+00 3.75000000e+01 -2.49866049e+00
 3.78000000e+01 0.00000000e+00 3.78000000e+01 5.84445788e+00 3.78000000e+01 -2.84762193e+00
 3.81000000e+01 0.00000000e+00 3.81000000e+01 5.50992932e+00 3.81000000e+01 -2.73259793e+00
 3.84000000e+01 0.00000000e+00 3.84000000e+01 6.18638933e+00 3.84000000e+01 -2.83859609e+00
 3.87000000e+01 0.00000000e+00 3.87000000e+01 5.72546196e+00 3.87000000e+01 -2.16584400e+00
 3.90000000e+01 0.00000000e+00 3.90000000e+01 5.96477820e+00 3.90000000e+01 -2.67213342e+00
 3.93000000e+01 0.00000000e+00 3.93000000e+01 6.35410661e+00 3.93000000e+01 -2.77581722e+00
 3.96000000e+01 0.00000000e+00 3.96000000e+01 6.41239299e+00 3.96000000e+01 -2.46450216e+00
 3.99000000e+01 0.00000000e+00 3.99000000e+01 5.44301444e+00 3.99000000e+01 -2.98465819e+00
 4.02000000e+01 0.00000000e+00 4.02000000e+01 2.46684899e+00 4.02000000e+01 -2.00035049e+00
 4.05000000e+01 0.00000000e+00 4.05000000e+01 2.82770013e+00 4.05000000e+01 -1.88069875e+00
 4.08000000e+01 0.00000000e+00 4.08000000e+01 2.91390701e+00 4.08000000e+01 -1.79697258e+00
 4.11000000e+01 0.00000000e+00 4.11000000e+01 2.71501541e+00 4.11000000e+01 -1.12648465e+00
 4.14000000e+01 0.00000000e+00 4.14000000e+01 2.91654928e+00 4.14000000e+01 -8.33571928e-01
 4.17000000e+01 0.00000000e+00 4.17000000e+01 3.35574038e+00 4.17000000e+01 -1.95223675e+00
 4.20000000e+01 0.00000000e+00 4.20000000e+01 3.10939845e+00 4.20000000e+01 -1.64004678e+00
 4.23000000e+01 0.00000000e+00 4.23000000e+01 3.07122789e+00 4.23000000e+01 -1.96617191e+00
 4.26000000e+01 0.00000000e+00 4.26000000e+01 3.09732032e+00 4.26000000e+01 -1.46878543e+00
 4.29000000e+01 0.00000000e+00 4.29000000e+01 3.31068161e+00 4.29000000e+01 -1.55524962e+00
 4.32000000e+01 0.00000000e+00 4.32000000e+01 3.26676487e+00 4.32000000e+01 -1.88293769e+00
 4.35000000e+01 0.00000000e+00 4.35000000e+01 3.13034426e+00 4.35000000e+01 -2.00380198e+00
 4.38000000e+01 0.00000000e+00 4.38000000e+01 2.80787231e+00 4.38000000e+01 -2.18213091e+00
 4.41000000e+01 0.00000000e+00 4.41000000e+01 2.91595736e+00 4.41000000e+01 -1.82267235e+00
 4.44000000e+01 0.00000000e+00 4.44000000e+01 2.84873782e+00 4.44000000e+01 -1.37678815e+00
 4.47000000e+01 0.00000000e+00 4.47000000e+01 2.85573224e+00 4.47000000e+01 -1.73375817e+00
 4.50000000e+01 0.00000000e+00 4.50000000e+01 2.99463009e+00 4.50000000e+01 -2.13811850e+00
 4.53000000e+01 0.00000000e+00 4.53000000e+01 2.24725772e+00 4.53000000e+01 -1.68496220e+00
 4.56000000e+01 0.00000000e+00 4.56000000e+01 3.15008139e+00 4.56000000e+01 -1.74926169e+00
 4.59000000e+01 0.00000000e+00 4.59000000e+01 2.48823718e+00 4.59000000e+01 -1.93403953e+00
 4.62000000e+01 0.00000000e+00 4.62000000e+01 2.77439440e+00 4.62000000e+01 -2.23614660e+00
 4.65000000e+01 0.00000000e+00 4.65000000e+01 2.77727348e+00 4.65000000e+01 -1.28697800e+00
 4.68000000e+01 0.00000000e+00 4.68000000e+01 2.72203289e+00 4.68000000e+01 -1.38201655e+00
 4.71000000e+01 0.00000000e+00 4.71000000e+01 2.61515995e+00 4.71000000e+01 -1.19139685e+00
 4.74000000e+01 0.00000000e+00 4.74000000e+01 2.07016860e+00 4.74000000e+01 -1.07381969e+00
 4.77000000e+01 0.00000000e+00 4.77000000e+01 2.40921691e+00 4.77000000e+01 -1.72653134e+00
 4.80000000e+01 0.00000000e+00 4.80000000e+01 3.01797915e+00 4.80000000e+01 -1.52368978e+00
 4.83000000e+01 0.00000000e+00 4.83000000e+01 2.87323652e+00 4.83000000e+01 -1.13132201e+00
 4.86000000e+01 0.00000000e+00 4.86000000e+01 2.23747681e+00 4.86000000e+01 -1.86763325e+00
 4.89000000e+01 0.00000000e+00 4.89000000e+01 2.91616994e+00 4.89000000e+01 -1.04867657e+00
 4.92000000e+01 0.00000000e+00 4.92000000e+01 2.47246622e+00 4.92000000e+01 -1.60664586e+00
 4.95000000e+01 0.00000000e+00 4.95000000e+01 2.85508192e+00 4.95000000e+01 -1.61994301e+00
 4.98000000e+01 0.00000000e+00 4.98000000e+01 2.29364450e+00 4.98000000e+01 -1.86541266e+00
 5.01000000e+01 0.00000000e+00 5.01000000e+01 4.42724810e+00 5.01000000e+01 -4.09340365e+00
 5.04000000e+01 0.00000000e+00 5.04000000e+01 4.39931369e+00 5.04000000e+01 -4.25319566e+00
 5.07000000e+01 0.00000000e+00 5.07000000e+01 4.48347746e+00 5.07000000e+01 -4.37510456e+00
 5.10000000e+01 0.00000000e+00 5.10000000e+01 4.34985616e+00 5.10000000e+01 -4.53149615e+00
 5.13000000e+01 0.00000000e+00 5.13000000e+01 4.46730562e+00 5.13000000e+01 -4.97985279e+00
 5.16000000e+01 0.00000000e+00 5.16000000e+01 4.98578882e+00 5.16000000e+01 -4.00033599e+00
 5.19000000e+01 0.00000000e+00 5.19000000e+01 4.74356994e+00 5.19000000e+01 -4.71684763e+00
 5.22000000e+01 0.00000000e+00 5.22000000e+01 4.03604715e+00 5.22000000e+01 -3.87700118e+00
 5.25000000e+01 0.00000000e+00 5.25000000e+01 5.19023332e+00 5.25000000e+01 -4.33821866e+00
 5.28000000e+01 0.00000000e+00 5.28000000e+01 4.55357409e+00 5.28000000e+01 -3.98006851e+00
 5.31000000e+01 0.00000000e+00 5.31000000e+01 5.16366615e+00 5.31000000e+01 -4.40398809e+00
 5.34000000e+01 0.00000000e+00 5.34000000e+01 5.18550119e+00 5.34000000e+01 -4.35706599e+00
 5.37000000e+01 0.00000000e+00 5.37000000e+01 4.14347044e+00 5.37000000e+01 -4.53872160e+00
 5.40000000e+01 0.00000000e+00 5.40000000e+01 4.30516040e+00 5.40000000e+01 -3.97961309e+00
 5.43000000e+01 0.00000000e+00 5.43000000e+01 5.00731098e+00 5.43000000e+01 -4.46295176e+00
 5.46000000e+01 0.00000000e+00 5.46000000e+01 4.54449409e+00 5.46000000e+01 -4.49530797e+00
 5.49000000e+01 0.00000000e+00 5.49000000e+01 4.38698866e+00 5.49000000e+01 -4.05463540e+00
 5.52000000e+01 0.00000000e+00 5.52000000e+01 4.82768172e+00 5.52000000e+01 -5.78725357e+00
 5.55000000e+01 0.00000000e+00 5.55000000e+01 4.30081255e+00 5.55000000e+01 -5.46462107e+00
 5.58000000e+01 0.00000000e+00 5.58000000e+01 4.95108083e+00 5.58000000e+01 -5.33962518e+00
 5.61000000e+01 0.00000000e+00 5.61000000e+01 4.28369470e+00 5.61000000e+01 -5.34241090e+00
 5.64000000e+01 0.00000000e+00 5.64000000e+01 4.74858249e+00 5.64000000e+01 -5.06289302e+00
 5.67000000e+01 0.00000000e+00 5.67000000e+01 4.58394453e+00 5.67000000e+01 -5.17635380e+00
 5.70000000e+01 0.00000000e+00 5.70000000e+01 4.83211053e+00 5.70000000e+01 -5.32517121e+00
 5.73000000e+01 0.00000000e+00 5.73000000e+01 4.83099292e+00 5.73000000e+01 -4.49517795e+00
 5.76000000e+01 0.00000000e+00 5.76000000e+01 4.92001068e+00 5.76000000e+01 -5.30560462e+00
 5.79000000e+01 0.00000000e+00 5.79000000e+01 4.71064513e+00 5.79000000e+01 -5.12881610e+00
 5.82000000e+01 0.00000000e+00 5.82000000e+01 5.24602916e+00 5.82000000e+01 -5.38606578e+00
 5.85000000e+01 0.00000000e+00 5.85000000e+01 4.83444931e+00 5.85000000e+01 -5.08222536e+00
 5.88000000e+01 0.00000000e+00 5.88000000e+01 5.07884255e+00 5.88000000e+01 -5.48370272e+00
 5.91000000e+01 0.00000000e+00 5.91000000e+01 4.91959937e+00 5.91000000e+01 -4.90128166e+00
 5.94000000e+01 0.00000000e+00 5.94000000e+01 4.44629450e+00 5.94000000e+01 -5.48591991e+00
 5.97000000e+01 0.00000000e+00 5.97000000e+01 4.88151412e+00 5.97000000e+01 -5.31634048e+00
