 0.00000000e+00 0.00000000e+00 0.00000000e+00 6.33587253e+00 0.00000000e+00 -3.77479298e+00
 3.00000000e-01 0.00000000e+00 3.00000000e-01 6.52958491e+00 3.00000000e-01 -3.26923440e+00
 6.00000000e-01 0.00000000e+00 6.00000000e-01 6.66552870e+00 6.00000000e-01 -3.99979385e+00
 9.00000000e-01 0.00000000e+00 9.00000000e-01 6.04528364e+00 9.00000000e-01 -3.17281229e+00
 1.20000000e+00 0.00000000e+00 1.20000000e+00 6.14778852e+00 1.20000000e+00 -3.62818118e+00
 1.50000000e+00 0.00000000e+00 1.50000000e+00 5.90794896e+00 1.50000000e+00 -3.43895424e+00
 1.80000000e+00 0.00000000e+00 1.80000000e+00 5.99903214e+00 1.80000000e+00 -3.59362361e+00
 2.10000000e+00 0.00000000e+00 2.10000000e+00 6.54934925e+00 2.10000000e+00 -3.38989335e+00
 2.40000000e+00 0.00000000e+00 2.40000000e+00 7.03018018e+00 2.40000000e+00 -3.16328047e+00
 2.70000000e+00 0.00000000e+00 2.70000000e+00 6.00563144e+00 2.70000000e+00 -3.41781018e+00
 3.00000000e+00 0.00000000e+00 3.00000000e+00 6.74350461e+00 3.00000000e+00 -3.34860371e+00
 3.30000000e+00 0.00000000e+00 3.30000000e+00 6.33375258e+00 3.30000000e+00 -3.38849134e+00
 3.60000000e+00 0.00000000e+00 3.60000000e+00 6.83705156e+00 3.60000000e+00 -3.16034708e+00
 3.90000000e+00 0.00000000e+00 3.90000000e+00 6.45089550e+00 3.90000000e+00 -3.12990782e+00
 4.20000000e+00 0.00000000e+00 4.20000000e+00 6.38791927e+00 4.20000000e+00 -3.98157374e+00
 4.50000000e+00 0.00000000e+00 4.50000000e+00 6.67494172e+00 4.50000000e+00 -3.24006151e+00
 4.80000000e+00 0.00000000e+00 4.80000000e+00 6.57927221e+00 4.80000000e+00 -3.19160854e+00
 5.10000000e+00 0.00000000e+00 5.10000000e+00 5.92449631e+00 5.10000000e+00 -3.10495518e+00
 5.40000000e+00 0.00000000e+00 5.40000000e+00 6.33027361e+00 5.40000000e+00 -4.10157390e+00
 5.70000000e+00 0.00000000e+00 5.70000000e+00 5.94872063e+00 5.70000000e+00 -3.16665198e+00
 6.00000000e+00 0.00000000e+00 6.00000000e+00 6.63438101e+00 6.00000000e+00 -3.97303665e+00
 6.30000000e+00 0.00000000e+00 6.30000000e+00 6.43960328e+00 6.30000000e+00 -3.85269849e+00
 6.60000000e+00 0.00000000e+00 6.60000000e+00 6.05974805e+00 6.60000000e+00 -3.26130442e+00
 6.90000000e+00 0.00000000e+00 6.90000000e+00 6.56583869e+00 6.90000000e+00 -3.20109251e+00
 7.20000000e+00 0.00000000e+00 7.20000000e+00 6.65981170e+00 7.20000000e+00 -3.46603670e+00
 7.50000000e+00 0.00000000e+00 7.50000000e+00 6.12706226e+00 7.50000000e+00 -3.20937658e+00
 7.80000000e+00 0.00000000e+00 7.80000000e+00 7.47296759e+00 7.80000000e+00 -3.30024036e+00
 8.10000000e+00 0.00000000e+00 8.10000000e+00 6.02921434e+00 8.10000000e+00 -3.59140247e+00
 8.40000000e+00 0.00000000e+00 8.40000000e+00 6.48705722e+00 8.40000000e+00 -3.50070812e+00
 8.70000000e+00 0.00000000e+00 8.70000000e+00 6.37011793e+00 8.70000000e+00 -3.39991865e+00
 9.00000000e+00 0.00000000e+00 9.00000000e+00 6.66990744e+00 9.00000000e+00 -3.14467073e+00
 9.30000000e+00 0.00000000e+00 9.30000000e+00 6.66501179e+00 9.30000000e+00 -3.56224236e+00
 9.60000000e+00 0.00000000e+00 9.60000000e+00 5.75404462e+00 9.60000000e+00 -3.59246147e+00
 9.90000000e+00 0.00000000e+00 9.90000000e+00 6.53246249e+00 9.90000000e+00 -3.84985106e+00
 1.02000000e+01 0.00000000e+00 1.02000000e+01 6.17790528e+00 1.02000000e+01 -3.39433853e+00
 1.05000000e+01 0.00000000e+00 1.05000000e+01 6.64978405e+00 1.05000000e+01 -3.92304181e+00
 1.08000000e+01 0.00000000e+00 1.08000000e+01 6.13624293e+00 1.08000000e+01 -3.41649977e+00
 1.11000000e+01 0.00000000e+00 1.11000000e+01 6.94836064e+00 1.11000000e+01 -3.43804858e+00
 1.14000000e+01 0.00000000e+00 1.14000000e+01 6.05401466e+00 1.14000000e+01 -3.61322563e+00
 1.17000000e+01 0.00000000e+00 1.17000000e+01 6.71895750e+00 1.17000000e+01 -3.06436195e+00
 1.20000000e+01 0.00000000e+00 1.20000000e+01 6.34060120e+00 1.20000000e+01 -3.40581956e+00
 1.23000000e+01 0.00000000e+00 1.23000000e+01 6.65630147e+00 1.23000000e+01 -3.28384372e+00
 1.26000000e+01 0.00000000e+00 1.26000000e+01 6.36227265e+00 1.26000000e+01 -3.18665692e+00
 1.29000000e+01 0.00000000e+00 1.29000000e+01 6.75617652e+00 1.29000000e+01 -3.65105920e+00
 1.32000000e+01 0.00000000e+00 1.32000000e+01 6.87025065e+00 1.32000000e+01 -3.20892356e+00
 1.35000000e+01 0.00000000e+00 1.35000000e+01 6.29909797e+00 1.35000000e+01 -3.04596908e+00
 1.38000000e+01 0.00000000e+00 1.38000000e+01 6.38957914e+00 1.38000000e+01 -3.54565922e+00
 1.41000000e+01 0.00000000e+00 1.41000000e+01 6.28875337e+00 1.41000000e+01 -3.37848044e+00
 1.44000000e+01 0.00000000e+00 1.44000000e+01 5.90823105e+00 1.44000000e+01 -2.70040880e+00
 1.47000000e+01 0.00000000e+00 1.47000000e+01 6.50653636e+00 1.47000000e+01 -3.68862448e+00
 1.50000000e+01 0.00000000e+00 1.50000000e+01 6.27950313e+00 1.50000000e+01 -4.08160572e+00
 1.53000000e+01 0.00000000e+00 1.53000000e+01 3.55397245e+00 1.53000000e+01 -4.93103164e+00
 1.56000000e+01 0.00000000e+00 1.56000000e+01 3.04209870e+00 1.56000000e+01 -5.29411852e+00
 1.59000000e+01 0.00000000e+00 1.59000000e+01 3.65468094e+00 1.59000000e+01 -5.68364020e+00
 1.62000000e+01 0.00000000e+00 1.62000000e+01 3.65590550e+00 1.62000000e+01 -5.82885628e+00
 1.65000000e+01 0.00000000e+00 1.65000000e+01 3.15838306e+00 1.65000000e+01 -5.74484957e+00
 1.68000000e+01 0.00000000e+00 1.68000000e+01 3.43778760e+00 1.68000000e+01 -5.19329697e+00
 1.71000000e+01 0.00000000e+00 1.71000000e+01 3.45507628e+00 1.71000000e+01 -5.64406945e+00
 1.74000000e+01 0.00000000e+00 1.74000000e+01 3.98775760e+00 1.74000000e+01 -5.83586391e+00
 1.77000000e+01 0.00000000e+00 1.77000000e+01 4.22612387e+00 1.77000000e+01 -6.66472991e+00
 1.80000000e+01 0.00000000e+00 1.80000000e+01 3.40601827e+00 1.80000000e+01 -5.96248204e+00
 1.83000000e+01 0.00000000e+00 1.83000000e+01 3.01364440e+00 1.83000000e+01 -5.15789895e+00
 1.86000000e+01 0.00000000e+00 1.86000000e+01 3.95164787e+00 1.86000000e+01 -5.92250063e+00
 1.89000000e+01 0.00000000e+00 1.89000000e+01 3.86138324e+00 1.89000000e+01 -5.63586259e+00
 1.92000000e+01 0.00000000e+00 1.92000000e+01 3.10486445e+00 1.92000000e+01 -5.93798833e+00
 1.95000000e+01 0.00000000e+00 1.95000000e+01 3.43388175e+00 1.95000000e+01 -5.90092087e+00
 1.98000000e+01 0.00000000e+00 1.98000000e+01 3.27249536e+00 1.98000000e+01 -6.06341217e+00
 2.01000000e+01 0.00000000e+00 2.01000000e+01 3.79792201e+00 2.01000000e+01 -5.39597322e+00
 2.04000000e+01 0.00000000e+00 2.04000000e+01 3.18004612e+00 2.04000000e+01 -5.95515179e+00
 2.07000000e+01 0.00000000e+00 2.07000000e+01 3.48693161e+00 2.07000000e+01 -5.96976270e+00
 2.10000000e+01 0.00000000e+00 2.10000000e+01 3.31007634e+00 2.10000000e+01 -4.70144425e+00
 2.13000000e+01 0.00000000e+00 2.13000000e+01 3.49033478e+00 2.13000000e+01 -5.68698094e+00
 2.16000000e+01 0.00000000e+00 2.16000000e+01 3.60912526e+00 2.16000000e+01 -6.20599685e+00
 2.19000000e+01 0.00000000e+00 2.19000000e+01 4.18891880e+00 2.19000000e+01 -6.11654758e+00
 2.22000000e+01 0.00000000e+00 2.22000000e+01 3.36054269e+00 2.22000000e+01 -5.78413226e+00
 2.25000000e+01 0.00000000e+00 2.25000000e+01 3.79772866e+00 2.25000000e+01 -5.41037447e+00
 2.28000000e+01 0.00000000e+00 2.28000000e+01 3.49899124e+00 2.28000000e+01 -5.60559794e+00
 2.31000000e+01 0.00000000e+00 2.31000000e+01 3.73842670e+00 2.31000000e+01 -5.91486017e+00
 2.34000000e+01 0.00000000e+00 2.34000000e+01 3.87319291e+00 2.34000000e+01 -6.07876342e+00
 2.37000000e+01 0.00000000e+00 2.37000000e+01 3.76409404e+00 2.37000000e+01 -5.40817051e+00
 2.40000000e+01 0.00000000e+00 2.40000000e+01 3.44053928e+00 2.40000000e+01 -5.50665220e+00
 2.43000000e+01 0.00000000e+00 2.43000000e+01 3.37365012e+00 2.43000000e+01 -6.08239865e+00
 2.46000000e+01 0.00000000e+00 2.46000000e+01 3.46926389e+00 2.46000000e+01 -5.75920703e+00
 2.49000000e+01 0.00000000e+00 2.49000000e+01 3.25496041e+00 2.49000000e+01 -5.49742189e+00
 2.52000000e+01 0.00000000e+00 2.52000000e+01 2.21301822e+00 2.52000000e+01 -5.96031363e+00
 2.55000000e+01 0.00000000e+00 2.55000000e+01 3.00629769e+00 2.55000000e+01 -6.14294374e+00
 2.58000000e+01 0.00000000e+00 2.58000000e+01 2.16189158e+00 2.58000000e+01 -6.50356382e+00
 2.61000000e+01 0.00000000e+00 2.61000000e+01 2.52174470e+00 2.61000000e+01 -6.06255499e+00
 2.64000000e+01 0.00000000e+00 2.64000000e+01 2.45029496e+00 2.64000000e+01 -6.46453982e+00
 2.67000000e+01 0.00000000e+00 2.67000000e+01 2.23737618e+00 2.67000000e+01 -5.91477354e+00
 2.70000000e+01 0.00000000e+00 2.70000000e+01 2.08771823e+00 2.70000000e+01 -6.36803232e+00
 2.73000000e+01 0.00000000e+00 2.73000000e+01 3.15587183e+00 2.73000000e+01 -6.12433556e+00
 2.76000000e+01 0.00000000e+00 2.76000000e+01 2.54489700e+00 2.76000000e+01 -6.20781541e+00
 2.79000000e+01 0.00000000e+00 2.79000000e+01 2.72249152e+00 2.79000000e+01 -5.69996390e+00
 2.82000000e+01 0.00000000e+00 2.82000000e+01 2.39166429e+00 2.82000000e+01 -6.50799412e+00
 2.85000000e+01 0.00000000e+00 2.85000000e+01 2.66759390e+00 2.85000000e+01 -6.38922494e+00
 2.88000000e+01 0.00000000e+00 2.88000000e+01 2.25533844e+00 2.88000000e+01 -6.39483930e+00
 2.91000000e+01 0.00000000e+00 2.91000000e+01 1.88753855e+00 2.91000000e+01 -6.37811571e+00
 2.94000000e+01 0.00000000e+00 2.94000000e+01 2.42152268e+00 2.94000000e+01 -5.98741977e+00
 2.97000000e+01 0.00000000e+00 2.97000000e+01 2.16341419e+00 2.97000000e+01 -6.52109204e+00
 3.00000000e+01 0.00000000e+00 3.00000000e+01 2.34754973e+00 3.00000000e+01 -6.15189824e+00
 3.03000000e+01 0.00000000e+00 3.03000000e+01 2.67286590e+00 3.03000000e+01 -6.02520340e+00
 3.06000000e+01 0.00000000e+00 3.06000000e+01 2.51982407e+00 3.06000000e+01 -6.17303566e+00
 3.09000000e+01 0.00000000e+00 3.09000000e+01 1.88454137e+00 3.09000000e+01 -6.52532739e+00
 3.12000000e+01 0.00000000e+00 3.12000000e+01 2.38050017e+00 3.12000000e+01 -6.45604355e+00
 3.15000000e+01 0.00000000e+00 3.15000000e+01 2.68700317e+00 3.15000000e+01 -6.41981712e+00
 3.18000000e+01 0.00000000e+00 3.18000000e+01 2.67312601e+00 3.18000000e+01 -5.93876061e+00
 3.21000000e+01 0.00000000e+00 3.21000000e+01 2.92340576e+00 3.21000000e+01 -6.60292467e+00
 3.24000000e+01 0.00000000e+00 3.24000000e+01 1.73252927e+00 3.24000000e+01 -6.54142463e+00
 3.27000000e+01 0.00000000e+00 3.27000000e+01 2.64111583e+00 3.27000000e+01 -6.38493225e+00
 3.30000000e+01 0.00000000e+00 3.30000000e+01 2.34518386e+00 3.30000000e+01 -6.14744972e+00
 3.33000000e+01 0.00000000e+00 3.33000000e+01 2.53819371e+00 3.33000000e+01 -6.24817052e+00
 3.36000000e+01 0.00000000e+00 3.36000000e+01 1.88890033e+00 3.36000000e+01 -5.46777888e+00
 3.39000000e+01 0.00000000e+00 3.39000000e+01 2.80839307e+00 3.39000000e+01 -5.92733739e+00
 3.42000000e+01 0.00000000e+00 3.42000000e+01 2.29400953e+00 3.42000000e+01 -5.93854813e+00
 3.45000000e+01 0.00000000e+00 3.45000000e+01 2.23214031e+00 3.45000000e+01 -6.24825887e+00
 3.48000000e+01 0.00000000e+00 3.48000000e+01 3.23909797e+00 3.48000000e+01 -6.30615241e+00
 3.51000000e+01 0.00000000e+00 3.51000000e+01 4.68305474e+00 3.51000000e+01 -3.69433466e+00
 3.54000000e+01 0.00000000e+00 3.54000000e+01 5.06261642e+00 3.54000000e+01 -4.18663961e+00
 3.57000000e+01 0.00000000e+00 3.57000000e+01 4.86926801e+00 3.57000000e+01 -3.31233774e+00
 3.60000000e+01 0.00000000e+00 3.60000000e+01 5.14016344e+00 3.60000000e+01 -4.09961820e+00
 3.63000000e+01 0.00000000e+00 3.63000000e+01 5.14676521e+00 3.63000000e+01 -3.65043727e+00
 3.66000000e+01 0.00000000e+00 3.66000000e+01 5.29687013e+00 3.66000000e+01 -3.79866441e+00
 3.69000000e+01 0.00000000e+00 3.69000000e+01 5.19515324e+00 3.69000000e+01 -3.41187594e+00
 3.72000000e+01 0.00000000e+00 3.72000000e+01 5.08351146e+00 3.72000000e+01 -3.57553104e+00
 3.75000000e+01 0.00000000e+00 3.75000000e+01 4.30969118e+00 3.75000000e+01 -4.01422809e+00
 3.78000000e+01 0.00000000e+00 3.78000000e+01 4.32858143e+00 3.78000000e+01 -3.75915862e+00
 3.81000000e+01 0.00000000e+00 3.81000000e+01 4.77984625e+00 3.81000000e+01 -3.76121079e+00
 3.84000000e+01 0.00000000e+00 3.84000000e+01 4.31814496e+00 3.84000000e+01 -3.56533551e+00
 3.87000000e+01 0.00000000e+00 3.87000000e+01 5.18200397e+00 3.87000000e+01 -3.75654150e+00
 3.90000000e+01 0.00000000e+00 3.90000000e+01 4.54458565e+00 3.90000000e+01 -2.98108379e+00
 3.93000000e+01 0.00000000e+00 3.93000000e+01 4.45652069e+00 3.93000000e+01 -4.21983250e+00
 3.96000000e+01 0.00000000e+00 3.96000000e+01 4.90926824e+00 3.96000000e+01 -3.71293485e+00
 3.99000000e+01 0.00000000e+00 3.99000000e+01 5.04726283e+00 3.99000000e+01 -3.97657914e+00
 4.02000000e+01 0.00000000e+00 4.02000000e+01 5.50454259e+00 4.02000000e+01 -3.02639320e+00
 4.05000000e+01 0.00000000e+00 4.05000000e+01 5.39637349e+00 4.05000000e+01 -2.52378988e+00
 4.08000000e+01 0.00000000e+00 4.08000000e+01 6.15773641e+00 4.08000000e+01 -3.52873490e+00
 4.11000000e+01 0.00000000e+00 4.11000000e+01 5.36694656e+00 4.11000000e+01 -3.14737610e+00
 4.14000000e+01 0.00000000e+00 4.14000000e+01 5.79602485e+00 4.14000000e+01 -3.10946172e+00
 4.17000000e+01 0.00000000e+00 4.17000000e+01 5.87318818e+00 4.17000000e+01 -2.66771602e+00
 4.20000000e+01 0.00000000e+00 4.20000000e+01 5.76942150e+00 4.20000000e+01 -2.98323994e+00
 4.23000000e+01 0.00000000e+00 4.23000000e+01 5.67096433e+00 4.23000000e+01 -2.69899273e+00
 4.26000000e+01 0.00000000e+00 4.26000000e+01 6.88171806e+00 4.26000000e+01 -2.92639896e+00
 4.29000000e+01 0.00000000e+00 4.29000000e+01 5.70001435e+00 4.29000000e+01 -2.88167960e+00
 4.32000000e+01 0.00000000e+00 4.32000000e+01 5.91378759e+00 4.32000000e+01 -2.48662891e+00
 4.35000000e+01 0.00000000e+00 4.35000000e+01 5.83074266e+00 4.35000000e+01 -2.90912321e+00
 4.38000000e+01 0.00000000e+00 4.38000000e+01 5.79223860e+00 4.38000000e+01 -2.33544773e+00
 4.41000000e+01 0.00000000e+00 4.41000000e+01 5.68430861e+00 4.41000000e+01 -3.02832185e+00
 4.44000000e+01 0.00000000e+00 4.44000000e+01 5.99444361e+00 4.44000000e+01 -3.08634727e+00
 4.47000000e+01 0.00000000e+00 4.47000000e+01 6.35779517e+00 4.47000000e+01 -2.65397615e+00
 4.50000000e+01 0.00000000e+00 4.50000000e+01 6.60800243e+00 4.50000000e+01 -2.96059424e+00
 4.53000000e+01 0.00000000e+00 4.53000000e+01 5.67744846e+00 4.53000000e+01 -2.72640803e+00
 4.56000000e+01 0.00000000e+00 4.56000000e+01 5.98278524e+00 4.56000000e+01 -2.70788799e+00
 4.59000000e+01 0.00000000e+00 4.59000000e+01 5.67058434e+00 4.59000000e+01 -2.74536131e+00
 4.62000000e+01 0.00000000e+00 4.62000000e+01 6.06823012e+00 4.62000000e+01 -2.98568428e+00
 4.65000000e+01 0.00000000e+00 4.65000000e+01 6.02710001e+00 4.65000000e+01 -2.75908607e+00
 4.68000000e+01 0.00000000e+00 4.68000000e+01 5.83051237e+00 4.68000000e+01 -2.94269317e+00
 4.71000000e+01 0.00000000e+00 4.71000000e+01 6.08219572e+00 4.71000000e+01 -3.15497617e+00
 4.74000000e+01 0.00000000e+00 4.74000000e+01 5.77499498e+00 4.74000000e+01 -2.40573582e+00
 4.77000000e+01 0.00000000e+00 4.77000000e+01 5.73732700e+00 4.77000000e+01 -3.22987583e+00
 4.80000000e+01 0.00000000e+00 4.80000000e+01 6.42713420e+00 4.80000000e+01 -3.15673561e+00
 4.83000000e+01 0.00000000e+00 4.83000000e+01 5.79908196e+00 4.83000000e+01 -2.50895884e+00
 4.86000000e+01 0.00000000e+00 4.86000000e+01 6.42485682e+00 4.86000000e+01 -2.63710306e+00
 4.89000000e+01 0.00000000e+00 4.89000000e+01 5.78926196e+00 4.89000000e+01 -1.97971576e+00
 4.92000000e+01 0.00000000e+00 4.92000000e+01 5.27408143e+00 4.92000000e+01 -2.23862101e+00
 4.95000000e+01 0.00000000e+00 4.95000000e+01 5.72054521e+00 4.95000000e+01 -2.94790490e+00
 4.98000000e+01 0.00000000e+00 4.98000000e+01 5.95864971e+00 4.98000000e+01 -2.94550377e+00
 5.01000000e+01 0.00000000e+00 5.01000000e+01 2.92611764e+00 5.01000000e+01 -2.93706097e+00
 5.04000000e+01 0.00000000e+00 5.04000000e+01 2.93966331e+00 5.04000000e+01 -2.97376500e+00
 5.07000000e+01 0.00000000e+00 5.07000000e+01 3.15093158e+00 5.07000000e+01 -3.94048397e+00
 5.10000000e+01 0.00000000e+00 5.10000000e+01 3.09421271e+00 5.10000000e+01 -3.43024713e+00
 5.13000000e+01 0.00000000e+00 5.13000000e+01 3.13688622e+00 5.13000000e+01 -3.42544020e+00
 5.16000000e+01 0.00000000e+00 5.16000000e+01 3.04721917e+00 5.16000000e+01 -3.29397724e+00
 5.19000000e+01 0.00000000e+00 5.19000000e+01 2.84498670e+00 5.19000000e+01 -3.04798728e+00
 5.22000000e+01 0.00000000e+00 5.22000000e+01 2.37737684e+00 5.22000000e+01 -2.54492319e+00
 5.25000000e+01 0.00000000e+00 5.25000000e+01 3.14949574e+00 5.25000000e+01 -3.36172702e+00
 5.28000000e+01 0.00000000e+00 5.28000000e+01 2.74413222e+00 5.28000000e+01 -3.61637604e+00
 5.31000000e+01 0.00000000e+00 5.31000000e+01 3.36742402e+00 5.31000000e+01 -2.88083028e+00
 5.34000000e+01 0.00000000e+00 5.34000000e+01 2.45265746e+00 5.34000000e+01 -2.80379346e+00
 5.37000000e+01 0.00000000e+00 5.37000000e+01 3.00129193e+00 5.37000000e+01 -3.03399259e+00
 5.40000000e+01 0.00000000e+00 5.40000000e+01 2.90662039e+00 5.40000000e+01 -2.95214231e+00
 5.43000000e+01 0.00000000e+00 5.43000000e+01 2.93063109e+00 5.43000000e+01 -2.86345188e+00
 5.46000000e+01 0.00000000e+00 5.46000000e+01 2.96626691e+00 5.46000000e+01 -3.15535653e+00
 5.49000000e+01 0.00000000e+00 5.49000000e+01 3.03707794e+00 5.49000000e+01 -2.95705693e+00
 5.52000000e+01 0.00000000e+00 5.52000000e+01 6.56846539e+00 5.52000000e+01 -3.24711740e+00
 5.55000000e+01 0.00000000e+00 5.55000000e+01 6.61078032e+00 5.55000000e+01 -3.11039720e+00
 5.58000000e+01 0.00000000e+00 5.58000000e+01 6.36421058e+00 5.58000000e+01 -3.23010571e+00
 5.61000000e+01 0.00000000e+00 5.61000000e+01 6.81381907e+00 5.61000000e+01 -3.16448645e+00
 5.64000000e+01 0.00000000e+00 5.64000000e+01 6.94053468e+00 5.64000000e+01 -3.57873737e+00
 5.67000000e+01 0.00000000e+00 5.67000000e+01 6.38639340e+00 5.67000000e+01 -3.11629584e+00
 5.70000000e+01 0.00000000e+00 5.70000000e+01 6.39089472e+00 5.70000000e+01 -2.86805307e+00
 5.73000000e+01 0.00000000e+00 5.73000000e+01 6.33514605e+00 5.73000000e+01 -3.11780018e+00
 5.76000000e+01 0.00000000e+00 5.76000000e+01 6.67844936e+00 5.76000000e+01 -3.29809075e+00
 5.79000000e+01 0.00000000e+00 5.79000000e+01 7.38232972e+00 5.79000000e+01 -3.53474748e+00
 5.82000000e+01 0.00000000e+00 5.82000000e+01 7.13945416e+00 5.82000000e+01 -3.21757284e+00
 5.85000000e+01 0.00000000e+00 5.85000000e+01 6.81906040e+00 5.85000000e+01 -2.87884012e+00
 5.88000000e+01 0.00000000e+00 5.88000000e+01 6.37002142e+00 5.88000000e+01 -3.51517156e+00
 5.91000000e+01 0.00000000e+00 5.91000000e+01 5.85535059e+00 5.91000000e+01 -3.20852711e+00
 5.94000000e+01 0.00000000e+00 5.94000000e+01 6.59548585e+00 5.94000000e+01 -3.69012037e+00
 5.97000000e+01 0.00000000e+00 5.97000000e+01 6.62160114e+00 5.97000000e+01 -3.74711941e+00
