 0.00000000e+00 0.00000000e+00 0.00000000e+00 7.47375589e+00 0.00000000e+00 -4.94443653e+00
 3.00000000e-01 0.00000000e+00 3.00000000e-01 7.32918931e+00 3.00000000e-01 -4.97488424e+00
 6.00000000e-01 0.00000000e+00 6.00000000e-01 7.45235716e+00 6.00000000e-01 -5.21850715e+00
 9.00000000e-01 0.00000000e+00 9.00000000e-01 7.59997873e+00 9.00000000e-01 -4.86814555e+00
 1.20000000e+00 0.00000000e+00 1.20000000e+00 7.05766761e+00 1.20000000e+00 -5.18711065e+00
 1.50000000e+00 0.00000000e+00 1.50000000e+00 7.31877629e+00 1.50000000e+00 -5.22226468e+00
 1.80000000e+00 0.00000000e+00 1.80000000e+00 7.82349069e+00 1.80000000e+00 -4.74014420e+00
 2.10000000e+00 0.00000000e+00 2.10000000e+00 7.40986794e+00 2.10000000e+00 -4.82663255e+00
 2.40000000e+00 0.00000000e+00 2.40000000e+00 7.33455761e+00 2.40000000e+00 -5.42916162e+00
 2.70000000e+00 0.00000000e+00 2.70000000e+00 7.01515762e+00 2.70000000e+00 -5.03028389e+00
 3.00000000e+00 0.00000000e+00 3.00000000e+00 7.39033742e+00 3.00000000e+00 -4.72006130e+00
 3.30000000e+00 0.00000000e+00 3.30000000e+00 7.17791911e+00 3.30000000e+00 -5.42924489e+00
 3.60000000e+00 0.00000000e+00 3.60000000e+00 7.73710031e+00 3.60000000e+00 -5.64880029e+00
 3.90000000e+00 0.00000000e+00 3.90000000e+00 7.44454136e+00 3.90000000e+00 -4.94094207e+00
 4.20000000e+00 0.00000000e+00 4.20000000e+00 6.92606364e+00 4.20000000e+00 -4.86784638e+00
 4.50000000e+00 0.00000000e+00 4.50000000e+00 7.25736217e+00 4.50000000e+00 -5.13675321e+00
 4.80000000e+00 0.00000000e+00 4.80000000e+00 6.79551119e+00 4.80000000e+00 -4.98723095e+00
 5.10000000e+00 0.00000000e+00 5.10000000e+00 7.34980212e+00 5.10000000e+00 -5.28454878e+00
 5.40000000e+00 0.00000000e+00 5.40000000e+00 7.40838309e+00 5.40000000e+00 -4.69366469e+00
 5.70000000e+00 0.00000000e+00 5.70000000e+00 7.19174251e+00 5.70000000e+00 -4.66387638e+00
 6.00000000e+00 0.00000000e+00 6.00000000e+00 7.30111395e+00 6.00000000e+00 -5.02758420e+00
 6.30000000e+00 0.00000000e+00 6.30000000e+00 7.41345862e+00 6.30000000e+00 -4.70924514e+00
 6.60000000e+00 0.00000000e+00 6.60000000e+00 7.34630226e+00 6.60000000e+00 -5.51478520e+00
 6.90000000e+00 0.00000000e+00 6.90000000e+00 7.41925003e+00 6.90000000e+00 -5.10709615e+00
 7.20000000e+00 0.00000000e+00 7.20000000e+00 7.51612655e+00 7.20000000e+00 -4.78990308e+00
 7.50000000e+00 0.00000000e+00 7.50000000e+00 7.27243591e+00 7.50000000e+00 -5.21905180e+00
 7.80000000e+00 0.00000000e+00 7.80000000e+00 7.56407805e+00 7.80000000e+00 -5.39920794e+00
 8.10000000e+00 0.00000000e+00 8.10000000e+00 7.47936053e+00 8.10000000e+00 -5.05312442e+00
 8.40000000e+00 0.00000000e+00 8.40000000e+00 7.48472712e+00 8.40000000e+00 -4.50263685e+00
 8.70000000e+00 0.00000000e+00 8.70000000e+00 7.25985043e+00 8.70000000e+00 -4.65264447e+00
 9.00000000e+00 0.00000000e+00 9.00000000e+00 7.90484087e+00 9.00000000e+00 -5.27048378e+00
 9.30000000e+00 0.00000000e+00 9.30000000e+00 6.50399688e+00 9.30000000e+00 -5.25641653e+00
 9.60000000e+00 0.00000000e+00 9.60000000e+00 7.54591236e+00 9.60000000e+00 -4.84165086e+00
 9.90000000e+00 0.00000000e+00 9.90000000e+00 7.21457363e+00 9.90000000e+00 -4.93118776e+00
 1.02000000e+01 0.00000000e+00 1.02000000e+01 7.56190571e+00 1.02000000e+01 -5.33286957e+00
 1.05000000e+01 0.00000000e+00 1.05000000e+01 8.64218225e+00 1.05000000e+01 -5.06657984e+00
 1.08000000e+01 0.00000000e+00 1.08000000e+01 7.61764557e+00 1.08000000e+01 -5.11810430e+00
 1.11000000e+01 0.00000000e+00 1.11000000e+01 7.87175398e+00 1.11000000e+01 -5.16940775e+00
 1.14000000e+01 0.00000000e+00 1.14000000e+01 7.28375577e+00 1.14000000e+01 -4.49769602e+00
 1.17000000e+01 0.00000000e+00 1.17000000e+01 7.98235109e+00 1.17000000e+01 -5.07683666e+00
 1.20000000e+01 0.00000000e+00 1.20000000e+01 6.74601868e+00 1.20000000e+01 -5.47536088e+00
 1.23000000e+01 0.00000000e+00 1.23000000e+01 6.87142279e+00 1.23000000e+01 -5.41773397e+00
 1.26000000e+01 0.00000000e+00 1.26000000e+01 7.79524647e+00 1.26000000e+01 -5.14165315e+00
 1.29000000e+01 0.00000000e+00 1.29000000e+01 6.85395085e+00 1.29000000e+01 -4.82759875e+00
 1.32000000e+01 0.00000000e+00 1.32000000e+01 7.23278720e+00 1.32000000e+01 -5.13867612e+00
 1.35000000e+01 0.00000000e+00 1.35000000e+01 7.34642200e+00 1.35000000e+01 -4.78861477e+00
 1.38000000e+01 0.00000000e+00 1.38000000e+01 7.99563366e+00 1.38000000e+01 -5.31748524e+00
 1.41000000e+01 0.00000000e+00 1.41000000e+01 7.52443966e+00 1.41000000e+01 -4.99788853e+00
 1.44000000e+01 0.00000000e+00 1.44000000e+01 7.18299091e+00 1.44000000e+01 -4.76780802e+00
 1.47000000e+01 0.00000000e+00 1.47000000e+01 6.78936332e+00 1.47000000e+01 -4.86675065e+00
 1.50000000e+01 0.00000000e+00 1.50000000e+01 7.76485488e+00 1.50000000e+01 -5.31490141e+00
 1.53000000e+01 0.00000000e+00 1.53000000e+01 1.77839285e+00 1.53000000e+01 -4.99703030e+00
 1.56000000e+01 0.00000000e+00 1.56000000e+01 1.95496790e+00 1.56000000e+01 -5.49025913e+00
 1.59000000e+01 0.00000000e+00 1.59000000e+01 1.88380808e+00 1.59000000e+01 -5.46608814e+00
 1.62000000e+01 0.00000000e+00 1.62000000e+01 1.93501679e+00 1.62000000e+01 -5.55395147e+00
 1.65000000e+01 0.00000000e+00 1.65000000e+01 1.92204595e+00 1.65000000e+01 -5.39721502e+00
 1.68000000e+01 0.00000000e+00 1.68000000e+01 2.16184628e+00 1.68000000e+01 -5.60857604e+00
 1.71000000e+01 0.00000000e+00 1.71000000e+01 1.53636384e+00 1.71000000e+01 -5.69306687e+00
 1.74000000e+01 0.00000000e+00 1.74000000e+01 1.68018005e+00 1.74000000e+01 -5.44081468e+00
 1.77000000e+01 0.00000000e+00 1.77000000e+01 2.25189596e+00 1.77000000e+01 -5.14112193e+00
 1.80000000e+01 0.00000000e+00 1.80000000e+01 1.89018076e+00 1.80000000e+01 -5.65006396e+00
 1.83000000e+01 0.00000000e+00 1.83000000e+01 1.51548119e+00 1.83000000e+01 -5.02206122e+00
 1.86000000e+01 0.00000000e+00 1.86000000e+01 1.74387501e+00 1.86000000e+01 -5.32544955e+00
 1.89000000e+01 0.00000000e+00 1.89000000e+01 1.50759164e+00 1.89000000e+01 -6.03042707e+00
 1.92000000e+01 0.00000000e+00 1.92000000e+01 1.94107063e+00 1.92000000e+01 -5.93594384e+00
 1.95000000e+01 0.00000000e+00 1.95000000e+01 2.36923940e+00 1.95000000e+01 -5.20589493e+00
 1.98000000e+01 0.00000000e+00 1.98000000e+01 2.66490938e+00 1.98000000e+01 -5.21420093e+00
 2.01000000e+01 0.00000000e+00 2.01000000e+01 2.08073289e+00 2.01000000e+01 -5.03102171e+00
 2.04000000e+01 0.00000000e+00 2.04000000e+01 1.80222457e+00 2.04000000e+01 -5.95479594e+00
 2.07000000e+01 0.00000000e+00 2.07000000e+01 1.51716899e+00 2.07000000e+01 -4.97289976e+00
 2.10000000e+01 0.00000000e+00 2.10000000e+01 1.91564064e+00 2.10000000e+01 -5.86870250e+00
 2.13000000e+01 0.00000000e+00 2.13000000e+01 1.94006137e+00 2.13000000e+01 -5.07765863e+00
 2.16000000e+01 0.00000000e+00 2.16000000e+01 2.53554961e+00 2.16000000e+01 -5.24202221e+00
 2.19000000e+01 0.00000000e+00 2.19000000e+01 1.85845335e+00 2.19000000e+01 -5.46572679e+00
 2.22000000e+01 0.00000000e+00 2.22000000e+01 1.81207814e+00 2.22000000e+01 -5.19426885e+00
 2.25000000e+01 0.00000000e+00 2.25000000e+01 1.71760652e+00 2.25000000e+01 -5.73123575e+00
 2.28000000e+01 0.00000000e+00 2.28000000e+01 2.23748863e+00 2.28000000e+01 -5.32309649e+00
 2.31000000e+01 0.00000000e+00 2.31000000e+01 1.98924924e+00 2.31000000e+01 -5.67525352e+00
 2.34000000e+01 0.00000000e+00 2.34000000e+01 1.62870237e+00 2.34000000e+01 -5.90829200e+00
 2.37000000e+01 0.00000000e+00 2.37000000e+01 1.95420677e+00 2.37000000e+01 -4.98645071e+00
 2.40000000e+01 0.00000000e+00 2.40000000e+01 1.17625258e+00 2.40000000e+01 -5.79250175e+00
 2.43000000e+01 0.00000000e+00 2.43000000e+01 2.51026077e+00 2.43000000e+01 -5.52126284e+00
 2.46000000e+01 0.00000000e+00 2.46000000e+01 1.83463248e+00 2.46000000e+01 -5.70560594e+00
 2.49000000e+01 0.00000000e+00 2.49000000e+01 2.07115372e+00 2.49000000e+01 -5.78551445e+00
 2.52000000e+01 0.00000000e+00 2.52000000e+01 3.06691884e+00 2.52000000e+01 -4.66830724e+00
 2.55000000e+01 0.00000000e+00 2.55000000e+01 2.89267971e+00 2.55000000e+01 -4.02231079e+00
 2.58000000e+01 0.00000000e+00 2.58000000e+01 1.97536046e+00 2.58000000e+01 -4.44745694e+00
 2.61000000e+01 0.00000000e+00 2.61000000e+01 2.26286001e+00 2.61000000e+01 -4.21454152e+00
 2.64000000e+01 0.00000000e+00 2.64000000e+01 2.73445055e+00 2.64000000e+01 -4.40117961e+00
 2.67000000e+01 0.00000000e+00 2.67000000e+01 2.99411984e+00 2.67000000e+01 -4.29151003e+00
 2.70000000e+01 0.00000000e+00 2.70000000e+01 2.63957147e+00 2.70000000e+01 -4.91427309e+00
 2.73000000e+01 0.00000000e+00 2.73000000e+01 1.98079485e+00 2.73000000e+01 -4.07290509e+00
 2.76000000e+01 0.00000000e+00 2.76000000e+01 2.45631723e+00 2.76000000e+01 -4.21799727e+00
 2.79000000e+01 0.00000000e+00 2.79000000e+01 2.47110013e+00 2.79000000e+01 -4.34766041e+00
 2.82000000e+01 0.00000000e+00 2.82000000e+01 2.31672977e+00 2.82000000e+01 -4.49551409e+00
 2.85000000e+01 0.00000000e+00 2.85000000e+01 2.18441034e+00 2.85000000e+01 -4.31188256e+00
 2.88000000e+01 0.00000000e+00 2.88000000e+01 3.11717859e+00 2.88000000e+01 -4.46504156e+00
 2.91000000e+01 0.00000000e+00 2.91000000e+01 2.55084415e+00 2.91000000e+01 -4.09611366e+00
 2.94000000e+01 0.00000000e+00 2.94000000e+01 2.36231847e+00 2.94000000e+01 -4.43360209e+00
 2.97000000e+01 0.00000000e+00 2.97000000e+01 2.12168937e+00 2.97000000e+01 -4.59830695e+00
 3.00000000e+01 0.00000000e+00 3.00000000e+01 2.48201344e+00 3.00000000e+01 -4.56252487e+00
 3.03000000e+01 0.00000000e+00 3.03000000e+01 3.46907464e+00 3.03000000e+01 -4.74871874e+00
 3.06000000e+01 0.00000000e+00 3.06000000e+01 2.14329143e+00 3.06000000e+01 -4.20236242e+00
 3.09000000e+01 0.00000000e+00 3.09000000e+01 2.44669104e+00 3.09000000e+01 -4.47256053e+00
 3.12000000e+01 0.00000000e+00 3.12000000e+01 1.92077561e+00 3.12000000e+01 -4.34327218e+00
 3.15000000e+01 0.00000000e+00 3.15000000e+01 2.99111141e+00 3.15000000e+01 -4.35243883e+00
 3.18000000e+01 0.00000000e+00 3.18000000e+01 2.07275537e+00 3.18000000e+01 -5.11607784e+00
 3.21000000e+01 0.00000000e+00 3.21000000e+01 2.55157235e+00 3.21000000e+01 -4.30786814e+00
 3.24000000e+01 0.00000000e+00 3.24000000e+01 3.12089041e+00 3.24000000e+01 -4.53014334e+00
 3.27000000e+01 0.00000000e+00 3.27000000e+01 3.38082378e+00 3.27000000e+01 -4.18759724e+00
 3.30000000e+01 0.00000000e+00 3.30000000e+01 2.36645366e+00 3.30000000e+01 -4.53881433e+00
 3.33000000e+01 0.00000000e+00 3.33000000e+01 2.65658982e+00 3.33000000e+01 -4.95000067e+00
 3.36000000e+01 0.00000000e+00 3.36000000e+01 2.45645218e+00 3.36000000e+01 -4.51737160e+00
 3.39000000e+01 0.00000000e+00 3.39000000e+01 2.79375805e+00 3.39000000e+01 -4.21115386e+00
 3.42000000e+01 0.00000000e+00 3.42000000e+01 2.69256820e+00 3.42000000e+01 -4.15944034e+00
 3.45000000e+01 0.00000000e+00 3.45000000e+01 2.66541184e+00 3.45000000e+01 -4.70484229e+00
 3.48000000e+01 0.00000000e+00 3.48000000e+01 2.71797270e+00 3.48000000e+01 -4.60100686e+00
 3.51000000e+01 0.00000000e+00 3.51000000e+01 5.70697190e+00 3.51000000e+01 -1.43195074e-01
 3.54000000e+01 0.00000000e+00 3.54000000e+01 6.06177528e+00 3.54000000e+01 -2.41963069e-01
 3.57000000e+01 0.00000000e+00 3.57000000e+01 5.51937926e+00 3.57000000e+01 -4.40432511e-01
 3.60000000e+01 0.00000000e+00 3.60000000e+01 6.07447767e+00 3.60000000e+01 -5.88139394e-01
 3.63000000e+01 0.00000000e+00 3.63000000e+01 5.76108216e+00 3.63000000e+01 -5.87974611e-01
 3.66000000e+01 0.00000000e+00 3.66000000e+01 5.83803789e+00 3.66000000e+01 -6.23667426e-01
 3.69000000e+01 0.00000000e+00 3.69000000e+01 6.01910560e+00 3.69000000e+01 -3.51050073e-01
 3.72000000e+01 0.00000000e+00 3.72000000e+01 5.34925861e+00 3.72000000e+01 -1.46748349e-01
 3.75000000e+01 0.00000000e+00 3.75000000e+01 5.99619931e+00 3.75000000e+01 -8.31806581e-03
 3.78000000e+01 0.00000000e+00 3.78000000e+01 5.92236209e+00 3.78000000e+01 -6.23412107e-01
 3.81000000e+01 0.00000000e+00 3.81000000e+01 5.46720570e+00 3.81000000e+01 -3.56465366e-01
 3.84000000e+01 0.00000000e+00 3.84000000e+01 4.77817787e+00 3.84000000e+01 2.64358443e-02
 3.87000000e+01 0.00000000e+00 3.87000000e+01 5.70862294e+00 3.87000000e+01 -1.38446409e-02
 3.90000000e+01 0.00000000e+00 3.90000000e+01 6.32108579e+00 3.90000000e+01 -2.50739370e-01
 3.93000000e+01 0.00000000e+00 3.93000000e+01 6.21601096e+00 3.93000000e+01 3.33372768e-01
 3.96000000e+01 0.00000000e+00 3.96000000e+01 5.94922391e+00 3.96000000e+01 2.42669121e-01
 3.99000000e+01 0.00000000e+00 3.99000000e+01 5.49250188e+00 3.99000000e+01 -7.76135037e-02
 4.02000000e+01 0.00000000e+00 4.02000000e+01 5.77956765e+00 4.02000000e+01 -2.28347198e+00
 4.05000000e+01 0.00000000e+00 4.05000000e+01 5.98942287e+00 4.05000000e+01 -2.21673429e+00
 4.08000000e+01 0.00000000e+00 4.08000000e+01 5.58497072e+00 4.08000000e+01 -2.70383712e+00
 4.11000000e+01 0.00000000e+00 4.11000000e+01 5.82781453e+00 4.11000000e+01 -2.50943520e+00
 4.14000000e+01 0.00000000e+00 4.14000000e+01 5.29780565e+00 4.14000000e+01 -2.74307279e+00
 4.17000000e+01 0.00000000e+00 4.17000000e+01 5.24383451e+00 4.17000000e+01 -2.62604274e+00
 4.20000000e+01 0.00000000e+00 4.20000000e+01 5.27105036e+00 4.20000000e+01 -2.73883435e+00
 4.23000000e+01 0.00000000e+00 4.23000000e+01 5.29590634e+00 4.23000000e+01 -2.78871511e+00
 4.26000000e+01 0.00000000e+00 4.26000000e+01 5.53907007e+00 4.26000000e+01 -2.85957129e+00
 4.29000000e+01 0.00000000e+00 4.29000000e+01 5.39616162e+00 4.29000000e+01 -2.28331123e+00
 4.32000000e+01 0.00000000e+00 4.32000000e+01 5.58152585e+00 4.32000000e+01 -2.45218571e+00
 4.35000000e+01 0.00000000e+00 4.35000000e+01 5.34802283e+00 4.35000000e+01 -2.18618157e+00
 4.38000000e+01 0.00000000e+00 4.38000000e+01 5.23013236e+00 4.38000000e+01 -2.96662945e+00
 4.41000000e+01 0.00000000e+00 4.41000000e+01 5.12842040e+00 4.41000000e+01 -2.69553496e+00
 4.44000000e+01 0.00000000e+00 4.44000000e+01 5.63530966e+00 4.44000000e+01 -2.19394074e+00
 4.47000000e+01 0.00000000e+00 4.47000000e+01 5.37105069e+00 4.47000000e+01 -2.87608506e+00
 4.50000000e+01 0.00000000e+00 4.50000000e+01 5.39572892e+00 4.50000000e+01 -2.48690539e+00
 4.53000000e+01 0.00000000e+00 4.53000000e+01 5.15180307e+00 4.53000000e+01 -2.03680133e+00
 4.56000000e+01 0.00000000e+00 4.56000000e+01 5.53512982e+00 4.56000000e+01 -2.41718983e+00
 4.59000000e+01 0.00000000e+00 4.59000000e+01 5.87730946e+00 4.59000000e+01 -2.52105739e+00
 4.62000000e+01 0.00000000e+00 4.62000000e+01 5.56710722e+00 4.62000000e+01 -3.06485603e+00
 4.65000000e+01 0.00000000e+00 4.65000000e+01 5.48170348e+00 4.65000000e+01 -2.99462035e+00
 4.68000000e+01 0.00000000e+00 4.68000000e+01 5.11986118e+00 4.68000000e+01 -2.59684381e+00
 4.71000000e+01 0.00000000e+00 4.71000000e+01 5.42095710e+00 4.71000000e+01 -2.54300567e+00
 4.74000000e+01 0.00000000e+00 4.74000000e+01 5.10361200e+00 4.74000000e+01 -1.91213450e+00
 4.77000000e+01 0.00000000e+00 4.77000000e+01 5.84776656e+00 4.77000000e+01 -2.31325160e+00
 4.80000000e+01 0.00000000e+00 4.80000000e+01 5.15365117e+00 4.80000000e+01 -2.48576336e+00
 4.83000000e+01 0.00000000e+00 4.83000000e+01 4.91710395e+00 4.83000000e+01 -2.37992601e+00
 4.86000000e+01 0.00000000e+00 4.86000000e+01 5.81592472e+00 4.86000000e+01 -2.21083510e+00
 4.89000000e+01 0.00000000e+00 4.89000000e+01 5.26102760e+00 4.89000000e+01 -2.64281447e+00
 4.92000000e+01 0.00000000e+00 4.92000000e+01 4.87278703e+00 4.92000000e+01 -2.56740581e+00
 4.95000000e+01 0.00000000e+00 4.95000000e+01 5.46636347e+00 4.95000000e+01 -2.67310105e+00
 4.98000000e+01 0.00000000e+00 4.98000000e+01 5.78363368e+00 4.98000000e+01 -2.03005785e+00
 5.01000000e+01 0.00000000e+00 5.01000000e+01 2.73667211e+00 5.01000000e+01 -3.66234378e+00
 5.04000000e+01 0.00000000e+00 5.04000000e+01 2.94380538e+00 5.04000000e+01 -4.17426133e+00
 5.07000000e+01 0.00000000e+00 5.07000000e+01 1.56821057e+00 5.07000000e+01 -3.64129862e+00
 5.10000000e+01 0.00000000e+00 5.10000000e+01 2.92273460e+00 5.10000000e+01 -4.49292327e+00
 5.13000000e+01 0.00000000e+00 5.13000000e+01 2.56770518e+00 5.13000000e+01 -3.51832810e+00
 5.16000000e+01 0.00000000e+00 5.16000000e+01 2.36780625e+00 5.16000000e+01 -4.05974269e+00
 5.19000000e+01 0.00000000e+00 5.19000000e+01 2.57382482e+00 5.19000000e+01 -3.94199045e+00
 5.22000000e+01 0.00000000e+00 5.22000000e+01 3.11233257e+00 5.22000000e+01 -4.38044120e+00
 5.25000000e+01 0.00000000e+00 5.25000000e+01 2.59760355e+00 5.25000000e+01 -3.56843285e+00
 5.28000000e+01 0.00000000e+00 5.28000000e+01 1.98439051e+00 5.28000000e+01 -3.46639539e+00
 5.31000000e+01 0.00000000e+00 5.31000000e+01 2.11385866e+00 5.31000000e+01 -4.33855804e+00
 5.34000000e+01 0.00000000e+00 5.34000000e+01 2.43221506e+00 5.34000000e+01 -4.10909707e+00
 5.37000000e+01 0.00000000e+00 5.37000000e+01 2.56820057e+00 5.37000000e+01 -3.56026068e+00
 5.40000000e+01 0.00000000e+00 5.40000000e+01 2.68501357e+00 5.40000000e+01 -4.31110013e+00
 5.43000000e+01 0.00000000e+00 5.43000000e+01 2.34774192e+00 5.43000000e+01 -3.86283767e+00
 5.46000000e+01 0.00000000e+00 5.46000000e+01 2.79065488e+00 5.46000000e+01 -3.56623289e+00
 5.49000000e+01 0.00000000e+00 5.49000000e+01 2.08425156e+00 5.49000000e+01 -4.30443289e+00
 5.52000000e+01 0.00000000e+00 5.52000000e+01 7.43612810e+00 5.52000000e+01 -5.28254571e+00
 5.55000000e+01 0.00000000e+00 5.55000000e+01 7.86166964e+00 5.55000000e+01 -4.76885655e+00
 5.58000000e+01 0.00000000e+00 5.58000000e+01 6.97427082e+00 5.58000000e+01 -5.02241836e+00
 5.61000000e+01 0.00000000e+00 5.61000000e+01 7.43956163e+00 5.61000000e+01 -5.09280037e+00
 5.64000000e+01 0.00000000e+00 5.64000000e+01 7.19307744e+00 5.64000000e+01 -4.42684128e+00
 5.67000000e+01 0.00000000e+00 5.67000000e+01 7.35286283e+00 5.67000000e+01 -4.98808355e+00
 5.70000000e+01 0.00000000e+00 5.70000000e+01 7.58118320e+00 5.70000000e+01 -4.72042690e+00
 5.73000000e+01 0.00000000e+00 5.73000000e+01 7.55766967e+00 5.73000000e+01 -5.33867432e+00
 5.76000000e+01 0.00000000e+00 5.76000000e+01 7.56736538e+00 5.76000000e+01 -4.43412069e+00
 5.79000000e+01 0.00000000e+00 5.79000000e+01 7.28227084e+00 5.79000000e+01 -5.40897596e+00
 5.82000000e+01 0.00000000e+00 5.82000000e+01 7.56051295e+00 5.82000000e+01 -4.51998043e+00
 5.85000000e+01 0.00000000e+00 5.85000000e+01 7.42264882e+00 5.85000000e+01 -5.25854363e+00
 5.88000000e+01 0.00000000e+00 5.88000000e+01 7.78904171e+00 5.88000000e+01 -4.50671108e+00
 5.91000000e+01 0.00000000e+00 5.91000000e+01 6.94182975e+00 5.91000000e+01 -4.95446698e+00
 5.94000000e+01 0.00000000e+00 5.94000000e+01 7.49266087e+00 5.94000000e+01 -4.32094600e+00
 5.97000000e+01 0.00000000e+00 5.97000000e+01 7.50502412e+00 5.97000000e+01 -5.11947305e+00
