 0.00000000e+00 0.00000000e+00 0.00000000e+00 7.73504192e+00 0.00000000e+00 -4.23324497e+00
 3.00000000e-01 0.00000000e+00 3.00000000e-01 8.12354264e+00 3.00000000e-01 -3.73953322e+00
 6.00000000e-01 0.00000000e+00 6.00000000e-01 8.38714050e+00 6.00000000e-01 -3.70546424e+00
 9.00000000e-01 0.00000000e+00 9.00000000e-01 8.17151263e+00 9.00000000e-01 -4.02620693e+00
 1.20000000e+00 0.00000000e+00 1.20000000e+00 7.62115715e+00 1.20000000e+00 -3.72611447e+00
 1.50000000e+00 0.00000000e+00 1.50000000e+00 7.81416775e+00 1.50000000e+00 -3.79100798e+00
 1.80000000e+00 0.00000000e+00 1.80000000e+00 8.21467616e+00 1.80000000e+00 -3.90406405e+00
 2.10000000e+00 0.00000000e+00 2.10000000e+00 7.85493423e+00 2.10000000e+00 -3.89994029e+00
 2.40000000e+00 0.00000000e+00 2.40000000e+00 7.71139057e+00 2.40000000e+00 -3.67179358e+00
 2.70000000e+00 0.00000000e+00 2.70000000e+00 7.81628402e+00 2.70000000e+00 -4.01041230e+00
 3.00000000e+00 0.00000000e+00 3.00000000e+00 7.94318839e+00 3.00000000e+00 -4.12646161e+00
 3.30000000e+00 0.00000000e+00 3.30000000e+00 7.48576128e+00 3.30000000e+00 -4.11232210e+00
 3.60000000e+00 0.00000000e+00 3.60000000e+00 7.72941106e+00 3.60000000e+00 -3.89704682e+00
 3.90000000e+00 0.00000000e+00 3.90000000e+00 7.31076304e+00 3.90000000e+00 -3.15960956e+00
 4.20000000e+00 0.00000000e+00 4.20000000e+00 7.92133192e+00 4.20000000e+00 -3.93315638e+00
 4.50000000e+00 0.00000000e+00 4.50000000e+00 7.08070520e+00 4.50000000e+00 -3.77938380e+00
 4.80000000e+00 0.00000000e+00 4.80000000e+00 7.07232366e+00 4.80000000e+00 -4.35626115e+00
 5.10000000e+00 0.00000000e+00 5.10000000e+00 7.45171626e+00 5.10000000e+00 -3.72284770e+00
 5.40000000e+00 0.00000000e+00 5.40000000e+00 7.80084501e+00 5.40000000e+00 -3.45121674e+00
 5.70000000e+00 0.00000000e+00 5.70000000e+00 7.84500568e+00 5.70000000e+00 -4.16058248e+00
 6.00000000e+00 0.00000000e+00 6.00000000e+00 7.81322972e+00 6.00000000e+00 -4.06353228e+00
 6.30000000e+00 0.00000000e+00 6.30000000e+00 7.44506456e+00 6.30000000e+00 -3.87470179e+00
 6.60000000e+00 0.00000000e+00 6.60000000e+00 7.48524409e+00 6.60000000e+00 -4.06919798e+00
 6.90000000e+00 0.00000000e+00 6.90000000e+00 7.73279788e+00 6.90000000e+00 -3.82123348e+00
 7.20000000e+00 0.00000000e+00 7.20000000e+00 7.65919878e+00 7.20000000e+00 -3.35422693e+00
 7.50000000e+00 0.00000000e+00 7.50000000e+00 7.95993551e+00 7.50000000e+00 -3.81924172e+00
 7.80000000e+00 0.00000000e+00 7.80000000e+00 7.29671892e+00 7.80000000e+00 -4.07738554e+00
 8.10000000e+00 0.00000000e+00 8.10000000e+00 7.45795368e+00 8.10000000e+00 -4.03331995e+00
 8.40000000e+00 0.00000000e+00 8.40000000e+00 6.79719366e+00 8.40000000e+00 -4.45826085e+00
 8.70000000e+00 0.00000000e+00 8.70000000e+00 7.25115431e+00 8.70000000e+00 -4.41802365e+00
 9.00000000e+00 0.00000000e+00 9.00000000e+00 8.09102267e+00 9.00000000e+00 -3.40351892e+00
 9.30000000e+00 0.00000000e+00 9.30000000e+00 6.99262897e+00 9.30000000e+00 -3.88465013e+00
 9.60000000e+00 0.00000000e+00 9.60000000e+00 7.84661330e+00 9.60000000e+00 -3.81911330e+00
 9.90000000e+00 0.00000000e+00 9.90000000e+00 7.42342052e+00 9.90000000e+00 -2.90101001e+00
 1.02000000e+01 0.00000000e+00 1.02000000e+01 7.78578112e+00 1.02000000e+01 -4.13494774e+00
 1.05000000e+01 0.00000000e+00 1.05000000e+01 7.12713034e+00 1.05000000e+01 -3.61502649e+00
 1.08000000e+01 0.00000000e+00 1.08000000e+01 7.91712714e+00 1.08000000e+01 -3.98677180e+00
 1.11000000e+01 0.00000000e+00 1.11000000e+01 7.75611603e+00 1.11000000e+01 -3.94148276e+00
 1.14000000e+01 0.00000000e+00 1.14000000e+01 7.25853695e+00 1.14000000e+01 -4.59015341e+00
 1.17000000e+01 0.00000000e+00 1.17000000e+01 7.48041296e+00 1.17000000e+01 -3.42584150e+00
 1.20000000e+01 0.00000000e+00 1.20000000e+01 7.67477174e+00 1.20000000e+01 -3.79061571e+00
 1.23000000e+01 0.00000000e+00 1.23000000e+01 7.67107051e+00 1.23000000e+01 -3.52675888e+00
 1.26000000e+01 0.00000000e+00 1.26000000e+01 7.33977591e+00 1.26000000e+01 -3.99643697e+00
 1.29000000e+01 0.00000000e+00 1.29000000e+01 8.16522684e+00 1.29000000e+01 -4.07756443e+00
 1.32000000e+01 0.00000000e+00 1.32000000e+01 7.77594033e+00 1.32000000e+01 -4.04114704e+00
 1.35000000e+01 0.00000000e+00 1.35000000e+01 7.30226104e+00 1.35000000e+01 -3.55430495e+00
 1.38000000e+01 0.00000000e+00 1.38000000e+01 7.47848637e+00 1.38000000e+01 -4.29649874e+00
 1.41000000e+01 0.00000000e+00 1.41000000e+01 7.77189196e+00 1.41000000e+01 -3.39761600e+00
 1.44000000e+01 0.00000000e+00 1.44000000e+01 7.41471846e+00 1.44000000e+01 -3.63011869e+00
 1.47000000e+01 0.00000000e+00 1.47000000e+01 7.39058357e+00 1.47000000e+01 -4.15018658e+00
 1.50000000e+01 0.00000000e+00 1.50000000e+01 7.66239610e+00 1.50000000e+01 -3.96186173e+00
 1.53000000e+01 0.00000000e+00 1.53000000e+01 1.08928025e-01 1.53000000e+01 -4.93140015e+00
 1.56000000e+01 0.00000000e+00 1.56000000e+01 9.06975723e-02 1.56000000e+01 -5.36686359e+00
 1.59000000e+01 0.00000000e+00 1.59000000e+01 5.97922352e-01 1.59000000e+01 -4.47282767e+00
 1.62000000e+01 0.00000000e+00 1.62000000e+01 2.31842512e-01 1.62000000e+01 -4.96931887e+00
 1.65000000e+01 0.00000000e+00 1.65000000e+01 4.24256490e-01 1.65000000e+01 -5.60714304e+00
 1.68000000e+01 0.00000000e+00 1.68000000e+01 8.70461060e-01 1.68000000e+01 -4.97814181e+00
 1.71000000e+01 0.00000000e+00 1.71000000e+01 3.56742132e-01 1.71000000e+01 -5.45482684e+00
 1.74000000e+01 0.00000000e+00 1.74000000e+01 3.52268596e-01 1.74000000e+01 -4.99437948e+00
 1.77000000e+01 0.00000000e+00 1.77000000e+01 5.49508212e-01 1.77000000e+01 -4.94062786e+00
 1.80000000e+01 0.00000000e+00 1.80000000e+01 -2.79837864e-02 1.80000000e+01 -4.55175444e+00
 1.83000000e+01 0.00000000e+00 1.83000000e+01 2.52803942e-01 1.83000000e+01 -4.97627104e+00
 1.86000000e+01 0.00000000e+00 1.86000000e+01 2.42609937e-01 1.86000000e+01 -5.09958038e+00
 1.89000000e+01 0.00000000e+00 1.89000000e+01 5.87791604e-01 1.89000000e+01 -5.00256606e+00
 1.92000000e+01 0.00000000e+00 1.92000000e+01 2.64847143e-01 1.92000000e+01 -5.29052747e+00
 1.95000000e+01 0.00000000e+00 1.95000000e+01 1.93566294e-01 1.95000000e+01 -5.09483837e+00
 1.98000000e+01 0.00000000e+00 1.98000000e+01 4.25270652e-01 1.98000000e+01 -5.09788810e+00
 2.01000000e+01 0.00000000e+00 2.01000000e+01 6.65155419e-01 2.01000000e+01 -4.65044038e+00
 2.04000000e+01 0.00000000e+00 2.04000000e+01 5.95740887e-01 2.04000000e+01 -5.17763771e+00
 2.07000000e+01 0.00000000e+00 2.07000000e+01 1.32388276e+00 2.07000000e+01 -4.53038643e+00
 2.10000000e+01 0.00000000e+00 2.10000000e+01 6.91656527e-01 2.10000000e+01 -4.50841358e+00
 2.13000000e+01 0.00000000e+00 2.13000000e+01 1.13284607e+00 2.13000000e+01 -5.09777084e+00
 2.16000000e+01 0.00000000e+00 2.16000000e+01 7.18169432e-01 2.16000000e+01 -5.14522435e+00
 2.19000000e+01 0.00000000e+00 2.19000000e+01 4.29334222e-01 2.19000000e+01 -4.31309560e+00
 2.22000000e+01 0.00000000e+00 2.22000000e+01 4.10490895e-01 2.22000000e+01 -4.90583836e+00
 2.25000000e+01 0.00000000e+00 2.25000000e+01 -1.91528842e-01 2.25000000e+01 -4.90863447e+00
 2.28000000e+01 0.00000000e+00 2.28000000e+01 -1.46263416e-01 2.28000000e+01 -4.56510829e+00
 2.31000000e+01 0.00000000e+00 2.31000000e+01 -3.83236593e-02 2.31000000e+01 -4.80034331e+00
 2.34000000e+01 0.00000000e+00 2.34000000e+01 4.71593601e-01 2.34000000e+01 -5.35751691e+00
 2.37000000e+01 0.00000000e+00 2.37000000e+01 7.54288554e-01 2.37000000e+01 -4.86811112e+00
 2.40000000e+01 0.00000000e+00 2.40000000e+01 9.94426407e-01 2.40000000e+01 -5.23571967e+00
 2.43000000e+01 0.00000000e+00 2.43000000e+01 3.62775768e-01 2.43000000e+01 -5.03013555e+00
 2.46000000e+01 0.00000000e+00 2.46000000e+01 4.20639893e-01 2.46000000e+01 -4.69500228e+00
 2.49000000e+01 0.00000000e+00 2.49000000e+01 8.39795069e-01 2.49000000e+01 -4.78593457e+00
 2.52000000e+01 0.00000000e+00 2.52000000e+01 1.34392473e+00 2.52000000e+01 -5.25323590e+00
 2.55000000e+01 0.00000000e+00 2.55000000e+01 2.36715070e+00 2.55000000e+01 -4.96651179e+00
 2.58000000e+01 0.00000000e+00 2.58000000e+01 1.91946286e+00 2.58000000e+01 -5.34351891e+00
 2.61000000e+01 0.00000000e+00 2.61000000e+01 1.14212290e+00 2.61000000e+01 -4.79970177e+00
 2.64000000e+01 0.00000000e+00 2.64000000e+01 1.85987593e+00 2.64000000e+01 -4.72613723e+00
 2.67000000e+01 0.00000000e+00 2.67000000e+01 1.68159681e+00 2.67000000e+01 -5.02761592e+00
 2.70000000e+01 0.00000000e+00 2.70000000e+01 1.79025724e+00 2.70000000e+01 -4.92189252e+00
 2.73000000e+01 0.00000000e+00 2.73000000e+01 1.90296059e+00 2.73000000e+01 -4.66026750e+00
 2.76000000e+01 0.00000000e+00 2.76000000e+01 9.91716661e-01 2.76000000e+01 -5.04191586e+00
 2.79000000e+01 0.00000000e+00 2.79000000e+01 1.71845721e+00 2.79000000e+01 -4.40865631e+00
 2.82000000e+01 0.00000000e+00 2.82000000e+01 1.57773188e+00 2.82000000e+01 -4.75908366e+00
 2.85000000e+01 0.00000000e+00 2.85000000e+01 1.85888270e+00 2.85000000e+01 -4.53715776e+00
 2.88000000e+01 0.00000000e+00 2.88000000e+01 1.49783381e+00 2.88000000e+01 -4.45048257e+00
 2.91000000e+01 0.00000000e+00 2.91000000e+01 1.86714954e+00 2.91000000e+01 -4.60117256e+00
 2.94000000e+01 0.00000000e+00 2.94000000e+01 2.28592554e+00 2.94000000e+01 -4.83018257e+00
 2.97000000e+01 0.00000000e+00 2.97000000e+01 1.33361270e+00 2.97000000e+01 -5.46670758e+00
 3.00000000e+01 0.00000000e+00 3.00000000e+01 1.81891037e+00 3.00000000e+01 -5.01485301e+00
 3.03000000e+01 0.00000000e+00 3.03000000e+01 1.95280963e+00 3.03000000e+01 -5.12580536e+00
 3.06000000e+01 0.00000000e+00 3.06000000e+01 1.45874253e+00 3.06000000e+01 -5.19120951e+00
 3.09000000e+01 0.00000000e+00 3.09000000e+01 7.37217704e-01 3.09000000e+01 -5.01535519e+00
 3.12000000e+01 0.00000000e+00 3.12000000e+01 8.56154006e-01 3.12000000e+01 -4.51455368e+00
 3.15000000e+01 0.00000000e+00 3.15000000e+01 1.34536808e+00 3.15000000e+01 -5.52605983e+00
 3.18000000e+01 0.00000000e+00 3.18000000e+01 1.32880676e+00 3.18000000e+01 -4.70651245e+00
 3.21000000e+01 0.00000000e+00 3.21000000e+01 1.56270466e+00 3.21000000e+01 -4.53133561e+00
 3.24000000e+01 0.00000000e+00 3.24000000e+01 1.42008521e+00 3.24000000e+01 -4.97205231e+00
 3.27000000e+01 0.00000000e+00 3.27000000e+01 1.74966770e+00 3.27000000e+01 -4.17225748e+00
 3.30000000e+01 0.00000000e+00 3.30000000e+01 2.06475799e+00 3.30000000e+01 -4.84678928e+00
 3.33000000e+01 0.00000000e+00 3.33000000e+01 1.65470575e+00 3.33000000e+01 -4.98030013e+00
 3.36000000e+01 0.00000000e+00 3.36000000e+01 2.10841995e+00 3.36000000e+01 -5.02763453e+00
 3.39000000e+01 0.00000000e+00 3.39000000e+01 1.65952646e+00 3.39000000e+01 -4.79251457e+00
 3.42000000e+01 0.00000000e+00 3.42000000e+01 2.28738104e+00 3.42000000e+01 -4.67051764e+00
 3.45000000e+01 0.00000000e+00 3.45000000e+01 1.83321813e+00 3.45000000e+01 -5.06142701e+00
 3.48000000e+01 0.00000000e+00 3.48000000e+01 1.69376156e+00 3.48000000e+01 -4.35621965e+00
 3.51000000e+01 0.00000000e+00 3.51000000e+01 4.76321049e+00 3.51000000e+01 -9.86357195e-01
 3.54000000e+01 0.00000000e+00 3.54000000e+01 5.45614430e+00 3.54000000e+01 -6.67329764e-01
 3.57000000e+01 0.00000000e+00 3.57000000e+01 4.16482505e+00 3.57000000e+01 -6.74300084e-01
 3.60000000e+01 0.00000000e+00 3.60000000e+01 3.91222818e+00 3.60000000e+01 -1.51209181e+00
 3.63000000e+01 0.00000000e+00 3.63000000e+01 4.24105937e+00 3.63000000e+01 -5.00814367e-01
 3.66000000e+01 0.00000000e+00 3.66000000e+01 4.27380670e+00 3.66000000e+01 -8.22152135e-01
 3.69000000e+01 0.00000000e+00 3.69000000e+01 4.51773341e+00 3.69000000e+01 -7.13030650e-01
 3.72000000e+01 0.00000000e+00 3.72000000e+01 4.85385198e+00 3.72000000e+01 -1.11593387e+00
 3.75000000e+01 0.00000000e+00 3.75000000e+01 4.90990042e+00 3.75000000e+01 -8.82630937e-01
 3.78000000e+01 0.00000000e+00 3.78000000e+01 5.02452353e+00 3.78000000e+01 -1.01413224e+00
 3.81000000e+01 0.00000000e+00 3.81000000e+01 4.58348683e+00 3.81000000e+01 -1.28506608e+00
 3.84000000e+01 0.00000000e+00 3.84000000e+01 4.29957855e+00 3.84000000e+01 -6.78787263e-01
 3.87000000e+01 0.00000000e+00 3.87000000e+01 4.82463252e+00 3.87000000e+01 -1.25817218e+00
 3.90000000e+01 0.00000000e+00 3.90000000e+01 4.39639742e+00 3.90000000e+01 -6.57226715e-01
 3.93000000e+01 0.00000000e+00 3.93000000e+01 4.43992785e+00 3.93000000e+01 -2.67311424e-01
 3.96000000e+01 0.00000000e+00 3.96000000e+01 4.42976597e+00 3.96000000e+01 -1.05165943e+00
 3.99000000e+01 0.00000000e+00 3.99000000e+01 4.47616602e+00 3.99000000e+01 -2.85826130e-01
 4.02000000e+01 0.00000000e+00 4.02000000e+01 4.02400027e+00 4.02000000e+01 -2.26712101e+00
 4.05000000e+01 0.00000000e+00 4.05000000e+01 4.03748328e+00 4.05000000e+01 -2.44699812e+00
 4.08000000e+01 0.00000000e+00 4.08000000e+01 4.60944955e+00 4.08000000e+01 -1.68501201e+00
 4.11000000e+01 0.00000000e+00 4.11000000e+01 4.90133138e+00 4.11000000e+01 -2.19035165e+00
 4.14000000e+01 0.00000000e+00 4.14000000e+01 5.19121861e+00 4.14000000e+01 -2.12363460e+00
 4.17000000e+01 0.00000000e+00 4.17000000e+01 4.44635486e+00 4.17000000e+01 -2.62787430e+00
 4.20000000e+01 0.00000000e+00 4.20000000e+01 4.63267086e+00 4.20000000e+01 -2.12768775e+00
 4.23000000e+01 0.00000000e+00 4.23000000e+01 4.64199749e+00 4.23000000e+01 -2.24648743e+00
 4.26000000e+01 0.00000000e+00 4.26000000e+01 4.89943965e+00 4.26000000e+01 -2.22971261e+00
 4.29000000e+01 0.00000000e+00 4.29000000e+01 4.79520088e+00 4.29000000e+01 -1.92933658e+00
 4.32000000e+01 0.00000000e+00 4.32000000e+01 4.30054879e+00 4.32000000e+01 -2.22216073e+00
 4.35000000e+01 0.00000000e+00 4.35000000e+01 4.40029247e+00 4.35000000e+01 -1.97496891e+00
 4.38000000e+01 0.00000000e+00 4.38000000e+01 4.81806355e+00 4.38000000e+01 -2.32615021e+00
 4.41000000e+01 0.00000000e+00 4.41000000e+01 4.48561068e+00 4.41000000e+01 -2.31109018e+00
 4.44000000e+01 0.00000000e+00 4.44000000e+01 4.39942674e+00 4.44000000e+01 -2.02943692e+00
 4.47000000e+01 0.00000000e+00 4.47000000e+01 4.41408285e+00 4.47000000e+01 -2.39694905e+00
 4.50000000e+01 0.00000000e+00 4.50000000e+01 5.50642373e+00 4.50000000e+01 -1.37856493e+00
 4.53000000e+01 0.00000000e+00 4.53000000e+01 4.55752170e+00 4.53000000e+01 -1.61065328e+00
 4.56000000e+01 0.00000000e+00 4.56000000e+01 4.92015963e+00 4.56000000e+01 -2.53849438e+00
 4.59000000e+01 0.00000000e+00 4.59000000e+01 4.77691574e+00 4.59000000e+01 -1.35611642e+00
 4.62000000e+01 0.00000000e+00 4.62000000e+01 4.27214081e+00 4.62000000e+01 -1.83059499e+00
 4.65000000e+01 0.00000000e+00 4.65000000e+01 4.54345390e+00 4.65000000e+01 -2.65932399e+00
 4.68000000e+01 0.00000000e+00 4.68000000e+01 4.96221959e+00 4.68000000e+01 -2.83299628e+00
 4.71000000e+01 0.00000000e+00 4.71000000e+01 5.08751892e+00 4.71000000e+01 -1.86436953e+00
 4.74000000e+01 0.00000000e+00 4.74000000e+01 4.62955686e+00 4.74000000e+01 -2.55574292e+00
 4.77000000e+01 0.00000000e+00 4.77000000e+01 4.53336863e+00 4.77000000e+01 -2.17776857e+00
 4.80000000e+01 0.00000000e+00 4.80000000e+01 4.54182445e+00 4.80000000e+01 -2.78403760e+00
 4.83000000e+01 0.00000000e+00 4.83000000e+01 4.89347484e+00 4.83000000e+01 -1.90132512e+00
 4.86000000e+01 0.00000000e+00 4.86000000e+01 4.64915950e+00 4.86000000e+01 -1.71968081e+00
 4.89000000e+01 0.00000000e+00 4.89000000e+01 5.05719407e+00 4.89000000e+01 -2.83415799e+00
 4.92000000e+01 0.00000000e+00 4.92000000e+01 5.15035652e+00 4.92000000e+01 -2.20785094e+00
 4.95000000e+01 0.00000000e+00 4.95000000e+01 4.41480717e+00 4.95000000e+01 -2.43867557e+00
 4.98000000e+01 0.00000000e+00 4.98000000e+01 4.93578994e+00 4.98000000e+01 -2.20503716e+00
 5.01000000e+01 0.00000000e+00 5.01000000e+01 5.58386677e+00 5.01000000e+01 -3.97168063e+00
 5.04000000e+01 0.00000000e+00 5.04000000e+01 6.19383836e+00 5.04000000e+01 -3.52836844e+00
 5.07000000e+01 0.00000000e+00 5.07000000e+01 5.84952080e+00 5.07000000e+01 -3.97767811e+00
 5.10000000e+01 0.00000000e+00 5.10000000e+01 6.22062341e+00 5.10000000e+01 -4.39350175e+00
 5.13000000e+01 0.00000000e+00 5.13000000e+01 6.67501083e+00 5.13000000e+01 -3.88713467e+00
 5.16000000e+01 0.00000000e+00 5.16000000e+01 5.92425693e+00 5.16000000e+01 -3.91758994e+00
 5.19000000e+01 0.00000000e+00 5.19000000e+01 6.75630046e+00 5.19000000e+01 -4.01801325e+00
 5.22000000e+01 0.00000000e+00 5.22000000e+01 6.10596050e+00 5.22000000e+01 -4.29954960e+00
 5.25000000e+01 0.00000000e+00 5.25000000e+01 6.15873223e+00 5.25000000e+01 -3.71499689e+00
 5.28000000e+01 0.00000000e+00 5.28000000e+01 6.18759235e+00 5.28000000e+01 -3.94425070e+00
 5.31000000e+01 0.00000000e+00 5.31000000e+01 5.97103067e+00 5.31000000e+01 -3.72097105e+00
 5.34000000e+01 0.00000000e+00 5.34000000e+01 6.36355111e+00 5.34000000e+01 -4.05336846e+00
 5.37000000e+01 0.00000000e+00 5.37000000e+01 6.00392571e+00 5.37000000e+01 -3.85985959e+00
 5.40000000e+01 0.00000000e+00 5.40000000e+01 5.82935765e+00 5.40000000e+01 -4.20527279e+00
 5.43000000e+01 0.00000000e+00 5.43000000e+01 6.21343830e+00 5.43000000e+01 -4.21525083e+00
 5.46000000e+01 0.00000000e+00 5.46000000e+01 6.32591440e+00 5.46000000e+01 -4.23733209e+00
 5.49000000e+01 0.00000000e+00 5.49000000e+01 6.91747299e+00 5.49000000e+01 -4.46651447e+00
 5.52000000e+01 0.00000000e+00 5.52000000e+01 8.06220359e+00 5.52000000e+01 -3.73255608e+00
 5.55000000e+01 0.00000000e+00 5.55000000e+01 7.68805682e+00 5.55000000e+01 -3.62872706e+00
 5.58000000e+01 0.00000000e+00 5.58000000e+01 7.30237975e+00 5.58000000e+01 -3.91023259e+00
 5.61000000e+01 0.00000000e+00 5.61000000e+01 7.81258902e+00 5.61000000e+01 -4.10548002e+00
 5.64000000e+01 0.00000000e+00 5.64000000e+01 7.93686544e+00 5.64000000e+01 -4.37739694e+00
 5.67000000e+01 0.00000000e+00 5.67000000e+01 7.79104712e+00 5.67000000e+01 -3.66316411e+00
 5.70000000e+01 0.00000000e+00 5.70000000e+01 7.31544330e+00 5.70000000e+01 -3.92756671e+00
 5.73000000e+01 0.00000000e+00 5.73000000e+01 7.74848236e+00 5.73000000e+01 -3.87229361e+00
 5.76000000e+01 0.00000000e+00 5.76000000e+01 7.78171560e+00 5.76000000e+01 -3.81715232e+00
 5.79000000e+01 0.00000000e+00 5.79000000e+01 7.88135449e+00 5.79000000e+01 -3.56708956e+00
 5.82000000e+01 0.00000000e+00 5.82000000e+01 7.31304625e+00 5.82000000e+01 -4.12368965e+00
 5.85000000e+01 0.00000000e+00 5.85000000e+01 7.55312490e+00 5.85000000e+01 -4.05017161e+00
 5.88000000e+01 0.00000000e+00 5.88000000e+01 7.37751138e+00 5.88000000e+01 -3.61015352e+00
 5.91000000e+01 0.00000000e+00 5.91000000e+01 7.08410812e+00 5.91000000e+01 -3.72938525e+00
 5.94000000e+01 0.00000000e+00 5.94000000e+01 7.15194009e+00 5.94000000e+01 -3.11445672e+00
 5.97000000e+01 0.00000000e+00 5.97000000e+01 6.99639645e+00 5.97000000e+01 -3.63199803e+00
