 0.00000000e+00 0.00000000e+00 0.00000000e+00 8.78505256e+00 0.00000000e+00 -6.18598530e+00
 3.00000000e-01 0.00000000e+00 3.00000000e-01 8.53234540e+00 3.00000000e-01 -5.57014997e+00
 6.00000000e-01 0.00000000e+00 6.00000000e-01 9.28781665e+00 6.00000000e-01 -5.48410052e+00
 9.00000000e-01 0.00000000e+00 9.00000000e-01 8.25200653e+00 9.00000000e-01 -5.88539795e+00
 1.20000000e+00 0.00000000e+00 1.20000000e+00 8.98128432e+00 1.20000000e+00 -5.64973499e+00
 1.50000000e+00 0.00000000e+00 1.50000000e+00 8.37103402e+00 1.50000000e+00 -5.68992809e+00
 1.80000000e+00 0.00000000e+00 1.80000000e+00 8.60545629e+00 1.80000000e+00 -5.67826896e+00
 2.10000000e+00 0.00000000e+00 2.10000000e+00 8.72853825e+00 2.10000000e+00 -5.51644817e+00
 2.40000000e+00 0.00000000e+00 2.40000000e+00 8.80683099e+00 2.40000000e+00 -5.67599521e+00
 2.70000000e+00 0.00000000e+00 2.70000000e+00 8.72787106e+00 2.70000000e+00 -5.41504506e+00
 3.00000000e+00 0.00000000e+00 3.00000000e+00 8.67019711e+00 3.00000000e+00 -5.19431318e+00
 3.30000000e+00 0.00000000e+00 3.30000000e+00 8.71700391e+00 3.30000000e+00 -5.34946707e+00
 3.60000000e+00 0.00000000e+00 3.60000000e+00 8.70812759e+00 3.60000000e+00 -5.67483337e+00
 3.90000000e+00 0.00000000e+00 3.90000000e+00 8.65289746e+00 3.90000000e+00 -5.74174580e+00
 4.20000000e+00 0.00000000e+00 4.20000000e+00 8.70167783e+00 4.20000000e+00 -6.41256472e+00
 4.50000000e+00 0.00000000e+00 4.50000000e+00 8.59734883e+00 4.50000000e+00 -5.54742814e+00
 4.80000000e+00 0.00000000e+00 4.80000000e+00 8.91207807e+00 4.80000000e+00 -5.97918394e+00
 5.10000000e+00 0.00000000e+00 5.10000000e+00 8.78939607e+00 5.10000000e+00 -5.65422530e+00
 5.40000000e+00 0.00000000e+00 5.40000000e+00 8.35322525e+00 5.40000000e+00 -5.42129589e+00
 5.70000000e+00 0.00000000e+00 5.70000000e+00 8.85642416e+00 5.70000000e+00 -5.51212420e+00
 6.00000000e+00 0.00000000e+00 6.00000000e+00 8.85311537e+00 6.00000000e+00 -5.21513133e+00
 6.30000000e+00 0.00000000e+00 6.30000000e+00 8.82302483e+00 6.30000000e+00 -5.53692333e+00
 6.60000000e+00 0.00000000e+00 6.60000000e+00 8.02871218e+00 6.60000000e+00 -5.58248977e+00
 6.90000000e+00 0.00000000e+00 6.90000000e+00 8.98388661e+00 6.90000000e+00 -5.12626184e+00
 7.20000000e+00 0.00000000e+00 7.20000000e+00 8.87125389e+00 7.20000000e+00 -5.60104604e+00
 7.50000000e+00 0.00000000e+00 7.50000000e+00 8.60936172e+00 7.50000000e+00 -5.17178407e+00
 7.80000000e+00 0.00000000e+00 7.80000000e+00 8.37237629e+00 7.80000000e+00 -5.88372734e+00
 8.10000000e+00 0.00000000e+00 8.10000000e+00 7.77012503e+00 8.10000000e+00 -5.57708249e+00
 8.40000000e+00 0.00000000e+00 8.40000000e+00 9.05553262e+00 8.40000000e+00 -5.34791715e+00
 8.70000000e+00 0.00000000e+00 8.70000000e+00 8.95392029e+00 8.70000000e+00 -5.48896952e+00
 9.00000000e+00 0.00000000e+00 9.00000000e+00 9.11212880e+00 9.00000000e+00 -5.30607581e+00
 9.30000000e+00 0.00000000e+00 9.30000000e+00 7.91585842e+00 9.30000000e+00 -5.61227941e+00
 9.60000000e+00 0.00000000e+00 9.60000000e+00 8.66399012e+00 9.60000000e+00 -5.99192975e+00
 9.90000000e+00 0.00000000e+00 9.90000000e+00 8.57178333e+00 9.90000000e+00 -6.04532736e+00
 1.02000000e+01 0.00000000e+00 1.02000000e+01 8.97485485e+00 1.02000000e+01 -5.94760740e+00
 1.05000000e+01 0.00000000e+00 1.05000000e+01 8.58876839e+00 1.05000000e+01 -5.93997129e+00
 1.08000000e+01 0.00000000e+00 1.08000000e+01 8.68080852e+00 1.08000000e+01 -5.85028838e+00
 1.11000000e+01 0.00000000e+00 1.11000000e+01 8.74919340e+00 1.11000000e+01 -5.81109508e+00
 1.14000000e+01 0.00000000e+00 1.14000000e+01 8.23813114e+00 1.14000000e+01 -5.65911558e+00
 1.17000000e+01 0.00000000e+00 1.17000000e+01 8.77916137e+00 1.17000000e+01 -5.67746544e+00
 1.20000000e+01 0.00000000e+00 1.20000000e+01 8.50282979e+00 1.20000000e+01 -6.13417961e+00
 1.23000000e+01 0.00000000e+00 1.23000000e+01 8.32443717e+00 1.23000000e+01 -5.32190264e+00
 1.26000000e+01 0.00000000e+00 1.26000000e+01 8.67106049e+00 1.26000000e+01 -6.19716524e+00
 1.29000000e+01 0.00000000e+00 1.29000000e+01 8.52996462e+00 1.29000000e+01 -6.01160827e+00
 1.32000000e+01 0.00000000e+00 1.32000000e+01 8.68058200e+00 1.32000000e+01 -5.83766227e+00
 1.35000000e+01 0.00000000e+00 1.35000000e+01 8.79441955e+00 1.35000000e+01 -5.75956121e+00
 1.38000000e+01 0.00000000e+00 1.38000000e+01 9.30717089e+00 1.38000000e+01 -5.72951650e+00
 1.41000000e+01 0.00000000e+00 1.41000000e+01 8.33156943e+00 1.41000000e+01 -6.04534414e+00
 1.44000000e+01 0.00000000e+00 1.44000000e+01 8.46096757e+00 1.44000000e+01 -5.74097486e+00
 1.47000000e+01 0.00000000e+00 1.47000000e+01 8.92353543e+00 1.47000000e+01 -5.32866890e+00
 1.50000000e+01 0.00000000e+00 1.50000000e+01 8.56062200e+00 1.50000000e+01 -5.26884433e+00
 1.53000000e+01 0.00000000e+00 1.53000000e+01 1.28583255e+00 1.53000000e+01 -5.13617067e+00
 1.56000000e+01 0.00000000e+00 1.56000000e+01 1.17938132e+00 1.56000000e+01 -5.61545661e+00
 1.59000000e+01 0.00000000e+00 1.59000000e+01 9.87234676e-01 1.59000000e+01 -5.33884911e+00
 1.62000000e+01 0.00000000e+00 1.62000000e+01 1.85154975e-01 1.62000000e+01 -5.34410267e+00
 1.65000000e+01 0.00000000e+00 1.65000000e+01 3.74704803e-01 1.65000000e+01 -5.83812956e+00
 1.68000000e+01 0.00000000e+00 1.68000000e+01 1.18672296e+00 1.68000000e+01 -5.79820584e+00
 1.71000000e+01 0.00000000e+00 1.71000000e+01 7.52315808e-01 1.71000000e+01 -5.79231473e+00
 1.74000000e+01 0.00000000e+00 1.74000000e+01 5.64317550e-01 1.74000000e+01 -5.37029593e+00
 1.77000000e+01 0.00000000e+00 1.77000000e+01 1.08733599e+00 1.77000000e+01 -5.48067908e+00
 1.80000000e+01 0.00000000e+00 1.80000000e+01 9.49035558e-01 1.80000000e+01 -5.39172373e+00
 1.83000000e+01 0.00000000e+00 1.83000000e+01 5.04685417e-01 1.83000000e+01 -4.83989623e+00
 1.86000000e+01 0.00000000e+00 1.86000000e+01 7.16422836e-01 1.86000000e+01 -5.47409804e+00
 1.89000000e+01 0.00000000e+00 1.89000000e+01 8.20226359e-01 1.89000000e+01 -5.19786604e+00
 1.92000000e+01 0.00000000e+00 1.92000000e+01 8.84444591e-01 1.92000000e+01 -5.06922003e+00
 1.95000000e+01 0.00000000e+00 1.95000000e+01 5.02916022e-01 1.95000000e+01 -5.45269731e+00
 1.98000000e+01 0.00000000e+00 1.98000000e+01 6.45459434e-01 1.98000000e+01 -5.56426297e+00
 2.01000000e+01 0.00000000e+00 2.01000000e+01 5.50821062e-01 2.01000000e+01 -5.72127084e+00
 2.04000000e+01 0.00000000e+00 2.04000000e+01 9.10669567e-01 2.04000000e+01 -6.03285007e+00
 2.07000000e+01 0.00000000e+00 2.07000000e+01 3.42911621e-01 2.07000000e+01 -4.83363148e+00
 2.10000000e+01 0.00000000e+00 2.10000000e+01 7.14077589e-01 2.10000000e+01 -5.49168656e+00
 2.13000000e+01 0.00000000e+00 2.13000000e+01 9.83957867e-01 2.13000000e+01 -5.65478220e+00
 2.16000000e+01 0.00000000e+00 2.16000000e+01 8.20443154e-02 2.16000000e+01 -5.36962053e+00
 2.19000000e+01 0.00000000e+00 2.19000000e+01 5.57264899e-01 2.19000000e+01 -5.41578755e+00
 2.22000000e+01 0.00000000e+00 2.22000000e+01 2.85070798e-01 2.22000000e+01 -5.76700618e+00
 2.25000000e+01 0.00000000e+00 2.25000000e+01 8.11801799e-01 2.25000000e+01 -5.19300828e+00
 2.28000000e+01 0.00000000e+00 2.28000000e+01 4.56490001e-01 2.28000000e+01 -5.38651642e+00
 2.31000000e+01 0.00000000e+00 2.31000000e+01 7.18210564e-01 2.31000000e+01 -5.89962373e+00
 2.34000000e+01 0.00000000e+00 2.34000000e+01 7.63576816e-01 2.34000000e+01 -5.39813267e+00
 2.37000000e+01 0.00000000e+00 2.37000000e+01 7.41659542e-01 2.37000000e+01 -5.88603964e+00
 2.40000000e+01 0.00000000e+00 2.40000000e+01 8.71805214e-01 2.40000000e+01 -5.23548539e+00
 2.43000000e+01 0.00000000e+00 2.43000000e+01 8.28363106e-01 2.43000000e+01 -5.58531176e+00
 2.46000000e+01 0.00000000e+00 2.46000000e+01 7.87735595e-02 2.46000000e+01 -5.59753187e+00
 2.49000000e+01 0.00000000e+00 2.49000000e+01 9.31055873e-01 2.49000000e+01 -5.43968687e+00
 2.52000000e+01 0.00000000e+00 2.52000000e+01 3.15990834e+00 2.52000000e+01 -5.15854994e+00
 2.55000000e+01 0.00000000e+00 2.55000000e+01 2.87435407e+00 2.55000000e+01 -5.12147486e+00
 2.58000000e+01 0.00000000e+00 2.58000000e+01 3.06837530e+00 2.58000000e+01 -4.64669665e+00
 2.61000000e+01 0.00000000e+00 2.61000000e+01 2.81475815e+00 2.61000000e+01 -5.15541413e+00
 2.64000000e+01 0.00000000e+00 2.64000000e+01 3.51729212e+00 2.64000000e+01 -5.09790611e+00
 2.67000000e+01 0.00000000e+00 2.67000000e+01 3.00676578e+00 2.67000000e+01 -5.18305072e+00
 2.70000000e+01 0.00000000e+00 2.70000000e+01 2.65957232e+00 2.70000000e+01 -4.21670943e+00
 2.73000000e+01 0.00000000e+00 2.73000000e+01 2.35002883e+00 2.73000000e+01 -4.87496937e+00
 2.76000000e+01 0.00000000e+00 2.76000000e+01 2.52354464e+00 2.76000000e+01 -5.39422455e+00
 2.79000000e+01 0.00000000e+00 2.79000000e+01 2.88475655e+00 2.79000000e+01 -5.06839186e+00
 2.82000000e+01 0.00000000e+00 2.82000000e+01 2.98001965e+00 2.82000000e+01 -5.20026957e+00
 2.85000000e+01 0.00000000e+00 2.85000000e+01 2.83244924e+00 2.85000000e+01 -4.91913644e+00
 2.88000000e+01 0.00000000e+00 2.88000000e+01 2.73294642e+00 2.88000000e+01 -4.59265473e+00
 2.91000000e+01 0.00000000e+00 2.91000000e+01 3.49961313e+00 2.91000000e+01 -5.20979146e+00
 2.94000000e+01 0.00000000e+00 2.94000000e+01 2.97888348e+00 2.94000000e+01 -4.83546052e+00
 2.97000000e+01 0.00000000e+00 2.97000000e+01 2.90479125e+00 2.97000000e+01 -5.15195125e+00
 3.00000000e+01 0.00000000e+00 3.00000000e+01 2.99054670e+00 3.00000000e+01 -4.66430979e+00
 3.03000000e+01 0.00000000e+00 3.03000000e+01 3.03258827e+00 3.03000000e+01 -5.18228136e+00
 3.06000000e+01 0.00000000e+00 3.06000000e+01 3.31312382e+00 3.06000000e+01 -4.79468951e+00
 3.09000000e+01 0.00000000e+00 3.09000000e+01 3.43863554e+00 3.09000000e+01 -4.20700600e+00
 3.12000000e+01 0.00000000e+00 3.12000000e+01 2.84019672e+00 3.12000000e+01 -4.79390188e+00
 3.15000000e+01 0.00000000e+00 3.15000000e+01 3.17661367e+00 3.15000000e+01 -4.85276844e+00
 3.18000000e+01 0.00000000e+00 3.18000000e+01 3.05052398e+00 3.18000000e+01 -5.20117572e+00
 3.21000000e+01 0.00000000e+00 3.21000000e+01 3.05703262e+00 3.21000000e+01 -4.75219679e+00
 3.24000000e+01 0.00000000e+00 3.24000000e+01 3.01283286e+00 3.24000000e+01 -4.45191036e+00
 3.27000000e+01 0.00000000e+00 3.27000000e+01 3.31929848e+00 3.27000000e+01 -5.05854702e+00
 3.30000000e+01 0.00000000e+00 3.30000000e+01 3.24597119e+00 3.30000000e+01 -5.58907897e+00
 3.33000000e+01 0.00000000e+00 3.33000000e+01 2.77619652e+00 3.33000000e+01 -4.80274282e+00
 3.36000000e+01 0.00000000e+00 3.36000000e+01 3.57578138e+00 3.36000000e+01 -4.97353341e+00
 3.39000000e+01 0.00000000e+00 3.39000000e+01 3.07498581e+00 3.39000000e+01 -4.37780808e+00
 3.42000000e+01 0.00000000e+00 3.42000000e+01 3.07865595e+00 3.42000000e+01 -5.40900874e+00
 3.45000000e+01 0.00000000e+00 3.45000000e+01 2.63490295e+00 3.45000000e+01 -5.44803876e+00
 3.48000000e+01 0.00000000e+00 3.48000000e+01 2.86616773e+00 3.48000000e+01 -5.20093234e+00
 3.51000000e+01 0.00000000e+00 3.51000000e+01 5.39116341e+00 3.51000000e+01 -2.08101562e+00
 3.54000000e+01 0.00000000e+00 3.54000000e+01 5.17026047e+00 3.54000000e+01 -1.85255162e+00
 3.57000000e+01 0.00000000e+00 3.57000000e+01 5.86807575e+00 3.57000000e+01 -2.20236520e+00
 3.60000000e+01 0.00000000e+00 3.60000000e+01 5.08043141e+00 3.60000000e+01 -2.16115691e+00
 3.63000000e+01 0.00000000e+00 3.63000000e+01 5.96404858e+00 3.63000000e+01 -2.62400262e+00
 3.66000000e+01 0.00000000e+00 3.66000000e+01 6.27015110e+00 3.66000000e+01 -1.69318783e+00
 3.69000000e+01 0.00000000e+00 3.69000000e+01 5.53566798e+00 3.69000000e+01 -2.63228828e+00
 3.72000000e+01 0.00000000e+00 3.72000000e+01 6.33461146e+00 3.72000000e+01 -1.78006663e+00
 3.75000000e+01 0.00000000e+00 3.75000000e+01 5.56512150e+00 3.75000000e+01 -2.27892414e+00
 3.78000000e+01 0.00000000e+00 3.78000000e+01 5.77033910e+00 3.78000000e+01 -1.86058174e+00
 3.81000000e+01 0.00000000e+00 3.81000000e+01 5.50099011e+00 3.81000000e+01 -1.78433793e+00
 3.84000000e+01 0.00000000e+00 3.84000000e+01 5.49059504e+00 3.84000000e+01 -2.05485700e+00
 3.87000000e+01 0.00000000e+00 3.87000000e+01 5.35212114e+00 3.87000000e+01 -1.93513879e+00
 3.90000000e+01 0.00000000e+00 3.90000000e+01 5.36905143e+00 3.90000000e+01 -2.22504801e+00
 3.93000000e+01 0.00000000e+00 3.93000000e+01 5.81240892e+00 3.93000000e+01 -1.77469306e+00
 3.96000000e+01 0.00000000e+00 3.96000000e+01 5.51132070e+00 3.96000000e+01 -2.24910786e+00
 3.99000000e+01 0.00000000e+00 3.99000000e+01 6.00942956e+00 3.99000000e+01 -2.43688322e+00
 4.02000000e+01 0.00000000e+00 4.02000000e+01 4.26034996e+00 4.02000000e+01 -1.26664038e+00
 4.05000000e+01 0.00000000e+00 4.05000000e+01 4.10301583e+00 4.05000000e+01 -7.53580746e-01
 4.08000000e+01 0.00000000e+00 4.08000000e+01 3.79596013e+00 4.08000000e+01 -5.11314191e-01
 4.11000000e+01 0.00000000e+00 4.11000000e+01 4.35467271e+00 4.11000000e+01 -1.35883135e+00
 4.14000000e+01 0.00000000e+00 4.14000000e+01 3.94020788e+00 4.14000000e+01 -1.25310310e+00
 4.17000000e+01 0.00000000e+00 4.17000000e+01 4.01366634e+00 4.17000000e+01 -8.26222003e-01
 4.20000000e+01 0.00000000e+00 4.20000000e+01 4.34623027e+00 4.20000000e+01 -3.92189693e-01
 4.23000000e+01 0.00000000e+00 4.23000000e+01 3.92741810e+00 4.23000000e+01 -9.07148201e-01
 4.26000000e+01 0.00000000e+00 4.26000000e+01 3.92216451e+00 4.26000000e+01 -3.42706779e-01
 4.29000000e+01 0.00000000e+00 4.29000000e+01 4.23078411e+00 4.29000000e+01 -1.30995207e+00
 4.32000000e+01 0.00000000e+00 4.32000000e+01 4.25277414e+00 4.32000000e+01 -9.35786978e-01
 4.35000000e+01 0.00000000e+00 4.35000000e+01 3.60877963e+00 4.35000000e+01 -7.68920443e-01
 4.38000000e+01 0.00000000e+00 4.38000000e+01 3.45356642e+00 4.38000000e+01 -1.04934036e+00
 4.41000000e+01 0.00000000e+00 4.41000000e+01 3.71253649e+00 4.41000000e+01 -7.33986097e-01
 4.44000000e+01 0.00000000e+00 4.44000000e+01 3.60406349e+00 4.44000000e+01 -1.37451278e+00
 4.47000000e+01 0.00000000e+00 4.47000000e+01 3.95505258e+00 4.47000000e+01 -7.90807361e-01
 4.50000000e+01 0.00000000e+00 4.50000000e+01 3.86141656e+00 4.50000000e+01 -5.18899824e-01
 4.53000000e+01 0.00000000e+00 4.53000000e+01 3.77361178e+00 4.53000000e+01 -1.47561142e+00
 4.56000000e+01 0.00000000e+00 4.56000000e+01 3.26243076e+00 4.56000000e+01 -1.10806845e+00
 4.59000000e+01 0.00000000e+00 4.59000000e+01 4.28285065e+00 4.59000000e+01 -9.04007332e-01
 4.62000000e+01 0.00000000e+00 4.62000000e+01 3.74720964e+00 4.62000000e+01 -7.40735312e-01
 4.65000000e+01 0.00000000e+00 4.65000000e+01 3.86557011e+00 4.65000000e+01 -1.81987826e-01
 4.68000000e+01 0.00000000e+00 4.68000000e+01 4.08130262e+00 4.68000000e+01 -1.42965578e+00
 4.71000000e+01 0.00000000e+00 4.71000000e+01 3.76892289e+00 4.71000000e+01 -7.80973636e-01
 4.74000000e+01 0.00000000e+00 4.74000000e+01 3.86025468e+00 4.74000000e+01 -1.02209596e+00
 4.77000000e+01 0.00000000e+00 4.77000000e+01 4.04812111e+00 4.77000000e+01 -1.36068408e+00
 4.80000000e+01 0.00000000e+00 4.80000000e+01 4.01659176e+00 4.80000000e+01 -1.19094146e+00
 4.83000000e+01 0.00000000e+00 4.83000000e+01 4.33393569e+00 4.83000000e+01 -8.60089513e-01
 4.86000000e+01 0.00000000e+00 4.86000000e+01 4.21245543e+00 4.86000000e+01 -9.37852957e-01
 4.89000000e+01 0.00000000e+00 4.89000000e+01 4.38742761e+00 4.89000000e+01 -8.36602561e-01
 4.92000000e+01 0.00000000e+00 4.92000000e+01 4.67485761e+00 4.92000000e+01 -1.11147868e+00
 4.95000000e+01 0.00000000e+00 4.95000000e+01 3.78480837e+00 4.95000000e+01 -1.14518329e+00
 4.98000000e+01 0.00000000e+00 4.98000000e+01 4.24117653e+00 4.98000000e+01 -1.18905937e+00
 5.01000000e+01 0.00000000e+00 5.01000000e+01 3.50849555e+00 5.01000000e+01 -5.30892774e+00
 5.04000000e+01 0.00000000e+00 5.04000000e+01 3.88054929e+00 5.04000000e+01 -4.33283436e+00
 5.07000000e+01 0.00000000e+00 5.07000000e+01 4.03517295e+00 5.07000000e+01 -3.79606153e+00
 5.10000000e+01 0.00000000e+00 5.10000000e+01 4.11703066e+00 5.10000000e+01 -3.51769189e+00
 5.13000000e+01 0.00000000e+00 5.13000000e+01 3.87050936e+00 5.13000000e+01 -4.60058071e+00
 5.16000000e+01 0.00000000e+00 5.16000000e+01 3.68273979e+00 5.16000000e+01 -4.21634643e+00
 5.19000000e+01 0.00000000e+00 5.19000000e+01 3.63980354e+00 5.19000000e+01 -4.14235348e+00
 5.22000000e+01 0.00000000e+00 5.22000000e+01 3.78058892e+00 5.22000000e+01 -5.08145910e+00
 5.25000000e+01 0.00000000e+00 5.25000000e+01 3.42333590e+00 5.25000000e+01 -4.52066965e+00
 5.28000000e+01 0.00000000e+00 5.28000000e+01 3.66707414e+00 5.28000000e+01 -4.27431278e+00
 5.31000000e+01 0.00000000e+00 5.31000000e+01 3.95958089e+00 5.31000000e+01 -4.17481234e+00
 5.34000000e+01 0.00000000e+00 5.34000000e+01 3.77708815e+00 5.34000000e+01 -3.92268983e+00
 5.37000000e+01 0.00000000e+00 5.37000000e+01 3.90838490e+00 5.37000000e+01 -4.78822680e+00
 5.40000000e+01 0.00000000e+00 5.40000000e+01 4.01691440e+00 5.40000000e+01 -4.29383631e+00
 5.43000000e+01 0.00000000e+00 5.43000000e+01 4.26630640e+00 5.43000000e+01 -3.40752418e+00
 5.46000000e+01 0.00000000e+00 5.46000000e+01 4.06066461e+00 5.46000000e+01 -4.97671706e+00
 5.49000000e+01 0.00000000e+00 5.49000000e+01 4.22492631e+00 5.49000000e+01 -3.63962695e+00
 5.52000000e+01 0.00000000e+00 5.52000000e+01 9.11799896e+00 5.52000000e+01 -5.43207041e+00
 5.55000000e+01 0.00000000e+00 5.55000000e+01 9.21481876e+00 5.55000000e+01 -5.55592333e+00
 5.58000000e+01 0.00000000e+00 5.58000000e+01 8.52577294e+00 5.58000000e+01 -5.65949658e+00
 5.61000000e+01 0.00000000e+00 5.61000000e+01 8.61917198e+00 5.61000000e+01 -6.01504621e+00
 5.64000000e+01 0.00000000e+00 5.64000000e+01 8.82676226e+00 5.64000000e+01 -5.27161565e+00
 5.67000000e+01 0.00000000e+00 5.67000000e+01 8.44695272e+00 5.67000000e+01 -5.68807238e+00
 5.70000000e+01 0.00000000e+00 5.70000000e+01 9.36341488e+00 5.70000000e+01 -5.27819798e+00
 5.73000000e+01 0.00000000e+00 5.73000000e+01 8.90278992e+00 5.73000000e+01 -5.86315885e+00
 5.76000000e+01 0.00000000e+00 5.76000000e+01 8.39982819e+00 5.76000000e+01 -5.99401580e+00
 5.79000000e+01 0.00000000e+00 5.79000000e+01 8.50269177e+00 5.79000000e+01 -5.43201448e+00
 5.82000000e+01 0.00000000e+00 5.82000000e+01 8.55952575e+00 5.82000000e+01 -5.22882599e+00
 5.85000000e+01 0.00000000e+00 5.85000000e+01 8.44309583e+00 5.85000000e+01 -5.20113070e+00
 5.88000000e+01 0.00000000e+00 5.88000000e+01 9.17089671e+00 5.88000000e+01 -6.04039667e+00
 5.91000000e+01 0.00000000e+00 5.91000000e+01 8.39760094e+00 5.91000000e+01 -5.94398928e+00
 5.94000000e+01 0.00000000e+00 5.94000000e+01 8.80897069e+00 5.94000000e+01 -5.77216775e+00
 5.97000000e+01 0.00000000e+00 5.97000000e+01 8.25978428e+00 5.97000000e+01 -5.62171603e+00
