 0.00000000e+00 0.00000000e+00 0.00000000e+00 6.66979734e+00 0.00000000e+00 -5.08569577e+00
 3.00000000e-01 0.00000000e+00 3.00000000e-01 6.18895701e+00 3.00000000e-01 -5.64682103e+00
 6.00000000e-01 0.00000000e+00 6.00000000e-01 5.71338526e+00 6.00000000e-01 -5.20900637e+00
 9.00000000e-01 0.00000000e+00 9.00000000e-01 5.28668743e+00 9.00000000e-01 -5.47553778e+00
 1.20000000e+00 0.00000000e+00 1.20000000e+00 5.94385514e+00 1.20000000e+00 -5.49987011e+00
 1.50000000e+00 0.00000000e+00 1.50000000e+00 5.99220290e+00 1.50000000e+00 -4.68331757e+00
 1.80000000e+00 0.00000000e+00 1.80000000e+00 6.55384530e+00 1.80000000e+00 -5.05356381e+00
 2.10000000e+00 0.00000000e+00 2.10000000e+00 5.83035873e+00 2.10000000e+00 -5.96968060e+00
 2.40000000e+00 0.00000000e+00 2.40000000e+00 6.00951974e+00 2.40000000e+00 -5.72747483e+00
 2.70000000e+00 0.00000000e+00 2.70000000e+00 6.24411370e+00 2.70000000e+00 -4.77306489e+00
 3.00000000e+00 0.00000000e+00 3.00000000e+00 6.38454462e+00 3.00000000e+00 -5.24647552e+00
 3.30000000e+00 0.00000000e+00 3.30000000e+00 6.31599944e+00 3.30000000e+00 -5.08064633e+00
 3.60000000e+00 0.00000000e+00 3.60000000e+00 6.05595636e+00 3.60000000e+00 -5.14084663e+00
 3.90000000e+00 0.00000000e+00 3.90000000e+00 6.46696681e+00 3.90000000e+00 -5.53321994e+00
 4.20000000e+00 0.00000000e+00 4.20000000e+00 6.49729711e+00 4.20000000e+00 -5.08263435e+00
 4.50000000e+00 0.00000000e+00 4.50000000e+00 6.06148439e+00 4.50000000e+00 -4.47745987e+00
 4.80000000e+00 0.00000000e+00 4.80000000e+00 6.10357110e+00 4.80000000e+00 -4.90783978e+00
 5.10000000e+00 0.00000000e+00 5.10000000e+00 6.70879465e+00 5.10000000e+00 -5.79584524e+00
 5.40000000e+00 0.00000000e+00 5.40000000e+00 6.25830211e+00 5.40000000e+00 -5.03385901e+00
 5.70000000e+00 0.00000000e+00 5.70000000e+00 5.94018955e+00 5.70000000e+00 -5.68914759e+00
 6.00000000e+00 0.00000000e+00 6.00000000e+00 5.61134139e+00 6.00000000e+00 -5.27963119e+00
 6.30000000e+00 0.00000000e+00 6.30000000e+00 6.98070521e+00 6.30000000e+00 -5.67386900e+00
 6.60000000e+00 0.00000000e+00 6.60000000e+00 6.27876932e+00 6.60000000e+00 -4.80517120e+00
 6.90000000e+00 0.00000000e+00 6.90000000e+00 6.10789143e+00 6.90000000e+00 -5.32171512e+00
 7.20000000e+00 0.00000000e+00 7.20000000e+00 6.33490661e+00 7.20000000e+00 -4.31457550e+00
 7.50000000e+00 0.00000000e+00 7.50000000e+00 6.40069615e+00 7.50000000e+00 -5.08124826e+00
 7.80000000e+00 0.00000000e+00 7.80000000e+00 5.93852127e+00 7.80000000e+00 -5.22553465e+00
 8.10000000e+00 0.00000000e+00 8.10000000e+00 6.27449906e+00 8.10000000e+00 -4.56699084e+00
 8.40000000e+00 0.00000000e+00 8.40000000e+00 6.25357487e+00 8.40000000e+00 -5.57429083e+00
 8.70000000e+00 0.00000000e+00 8.70000000e+00 6.25965981e+00 8.70000000e+00 -5.15588938e+00
 9.00000000e+00 0.00000000e+00 9.00000000e+00 5.66679303e+00 9.00000000e+00 -5.48215503e+00
 9.30000000e+00 0.00000000e+00 9.30000000e+00 5.93241733e+00 9.30000000e+00 -5.04653865e+00
 9.60000000e+00 0.00000000e+00 9.60000000e+00 6.45744873e+00 9.60000000e+00 -5.50791592e+00
 9.90000000e+00 0.00000000e+00 9.90000000e+00 6.02624392e+00 9.90000000e+00 -5.19972757e+00
 1.02000000e+01 0.00000000e+00 1.02000000e+01 5.88619779e+00 1.02000000e+01 -5.16360403e+00
 1.05000000e+01 0.00000000e+00 1.05000000e+01 5.61090744e+00 1.05000000e+01 -5.69384332e+00
 1.08000000e+01 0.00000000e+00 1.08000000e+01 6.81990757e+00 1.08000000e+01 -5.04888815e+00
 1.11000000e+01 0.00000000e+00 1.11000000e+01 5.84265602e+00 1.11000000e+01 -5.38208719e+00
 1.14000000e+01 0.00000000e+00 1.14000000e+01 6.37749200e+00 1.14000000e+01 -5.31326204e+00
 1.17000000e+01 0.00000000e+00 1.17000000e+01 5.80194747e+00 1.17000000e+01 -5.17863763e+00
 1.20000000e+01 0.00000000e+00 1.20000000e+01 5.80247769e+00 1.20000000e+01 -4.51393820e+00
 1.23000000e+01 0.00000000e+00 1.23000000e+01 6.47568552e+00 1.23000000e+01 -5.55040555e+00
 1.26000000e+01 0.00000000e+00 1.26000000e+01 6.06551188e+00 1.26000000e+01 -5.43230861e+00
 1.29000000e+01 0.00000000e+00 1.29000000e+01 6.38587603e+00 1.29000000e+01 -5.15118565e+00
 1.32000000e+01 0.00000000e+00 1.32000000e+01 5.74322810e+00 1.32000000e+01 -4.92151091e+00
 1.35000000e+01 0.00000000e+00 1.35000000e+01 6.20595629e+00 1.35000000e+01 -5.17869898e+00
 1.38000000e+01 0.00000000e+00 1.38000000e+01 5.66018202e+00 1.38000000e+01 -5.07492436e+00
 1.41000000e+01 0.00000000e+00 1.41000000e+01 6.52722393e+00 1.41000000e+01 -4.99549775e+00
 1.44000000e+01 0.00000000e+00 1.44000000e+01 6.19027052e+00 1.44000000e+01 -4.67662151e+00
 1.47000000e+01 0.00000000e+00 1.47000000e+01 6.47779287e+00 1.47000000e+01 -5.20279698e+00
 1.50000000e+01 0.00000000e+00 1.50000000e+01 6.24213342e+00 1.50000000e+01 -5.39757826e+00
 1.53000000e+01 0.00000000e+00 1.53000000e+01 2.20992628e+00 1.53000000e+01 -5.86525307e+00
 1.56000000e+01 0.00000000e+00 1.56000000e+01 1.74733071e+00 1.56000000e+01 -6.10782260e+00
 1.59000000e+01 0.00000000e+00 1.59000000e+01 2.29493173e+00 1.59000000e+01 -5.16651219e+00
 1.62000000e+01 0.00000000e+00 1.62000000e+01 2.07695532e+00 1.62000000e+01 -5.78356366e+00
 1.65000000e+01 0.00000000e+00 1.65000000e+01 2.31732525e+00 1.65000000e+01 -5.58183949e+00
 1.68000000e+01 0.00000000e+00 1.68000000e+01 1.79612692e+00 1.68000000e+01 -5.66443845e+00
 1.71000000e+01 0.00000000e+00 1.71000000e+01 2.18425701e+00 1.71000000e+01 -5.46571206e+00
 1.74000000e+01 0.00000000e+00 1.74000000e+01 2.25860701e+00 1.74000000e+01 -5.98600441e+00
 1.77000000e+01 0.00000000e+00 1.77000000e+01 1.99330074e+00 1.77000000e+01 -5.16284689e+00
 1.80000000e+01 0.00000000e+00 1.80000000e+01 1.76790250e+00 1.80000000e+01 -6.28806574e+00
 1.83000000e+01 0.00000000e+00 1.83000000e+01 1.78823321e+00 1.83000000e+01 -5.78278617e+00
 1.86000000e+01 0.00000000e+00 1.86000000e+01 2.14128728e+00 1.86000000e+01 -5.93238792e+00
 1.89000000e+01 0.00000000e+00 1.89000000e+01 1.79000295e+00 1.89000000e+01 -5.70287531e+00
 1.92000000e+01 0.00000000e+00 1.92000000e+01 1.84462044e+00 1.92000000e+01 -5.48581387e+00
 1.95000000e+01 0.00000000e+00 1.95000000e+01 1.87280047e+00 1.95000000e+01 -5.48655622e+00
 1.98000000e+01 0.00000000e+00 1.98000000e+01 1.61737768e+00 1.98000000e+01 -5.03622689e+00
 2.01000000e+01 0.00000000e+00 2.01000000e+01 2.06034128e+00 2.01000000e+01 -6.49989108e+00
 2.04000000e+01 0.00000000e+00 2.04000000e+01 1.85370761e+00 2.04000000e+01 -5.92840523e+00
 2.07000000e+01 0.00000000e+00 2.07000000e+01 1.74902582e+00 2.07000000e+01 -5.94790696e+00
 2.10000000e+01 0.00000000e+00 2.10000000e+01 2.04049011e+00 2.10000000e+01 -5.72320840e+00
 2.13000000e+01 0.00000000e+00 2.13000000e+01 1.86446844e+00 2.13000000e+01 -5.97324719e+00
 2.16000000e+01 0.00000000e+00 2.16000000e+01 2.74849166e+00 2.16000000e+01 -6.17097509e+00
 2.19000000e+01 0.00000000e+00 2.19000000e+01 2.33125256e+00 2.19000000e+01 -4.98040631e+00
 2.22000000e+01 0.00000000e+00 2.22000000e+01 1.83514594e+00 2.22000000e+01 -5.85212396e+00
 2.25000000e+01 0.00000000e+00 2.25000000e+01 2.11800971e+00 2.25000000e+01 -5.16756107e+00
 2.28000000e+01 0.00000000e+00 2.28000000e+01 1.51249671e+00 2.28000000e+01 -5.92385258e+00
 2.31000000e+01 0.00000000e+00 2.31000000e+01 2.39206290e+00 2.31000000e+01 -5.77750602e+00
 2.34000000e+01 0.00000000e+00 2.34000000e+01 2.04830261e+00 2.34000000e+01 -5.52809079e+00
 2.37000000e+01 0.00000000e+00 2.37000000e+01 1.90279924e+00 2.37000000e+01 -5.23766648e+00
 2.40000000e+01 0.00000000e+00 2.40000000e+01 1.69773028e+00 2.40000000e+01 -5.67183633e+00
 2.43000000e+01 0.00000000e+00 2.43000000e+01 2.47918064e+00 2.43000000e+01 -5.34179211e+00
 2.46000000e+01 0.00000000e+00 2.46000000e+01 1.66391921e+00 2.46000000e+01 -5.81622269e+00
 2.49000000e+01 0.00000000e+00 2.49000000e+01 2.43558716e+00 2.49000000e+01 -6.27746038e+00
 2.52000000e+01 0.00000000e+00 2.52000000e+01 2.88182201e+00 2.52000000e+01 -3.63589373e+00
 2.55000000e+01 0.00000000e+00 2.55000000e+01 2.87009612e+00 2.55000000e+01 -3.96849344e+00
 2.58000000e+01 0.00000000e+00 2.58000000e+01 2.99657497e+00 2.58000000e+01 -3.75904075e+00
 2.61000000e+01 0.00000000e+00 2.61000000e+01 2.98639601e+00 2.61000000e+01 -3.71952891e+00
 2.64000000e+01 0.00000000e+00 2.64000000e+01 3.05139332e+00 2.64000000e+01 -3.75666980e+00
 2.67000000e+01 0.00000000e+00 2.67000000e+01 2.26712693e+00 2.67000000e+01 -3.72076256e+00
 2.70000000e+01 0.00000000e+00 2.70000000e+01 2.67152352e+00 2.70000000e+01 -3.87838203e+00
 2.73000000e+01 0.00000000e+00 2.73000000e+01 3.07532035e+00 2.73000000e+01 -3.65264036e+00
 2.76000000e+01 0.00000000e+00 2.76000000e+01 2.51317031e+00 2.76000000e+01 -3.74966706e+00
 2.79000000e+01 0.00000000e+00 2.79000000e+01 2.52750069e+00 2.79000000e+01 -4.03685747e+00
 2.82000000e+01 0.00000000e+00 2.82000000e+01 2.86113587e+00 2.82000000e+01 -3.82972661e+00
 2.85000000e+01 0.00000000e+00 2.85000000e+01 2.44121634e+00 2.85000000e+01 -3.46330243e+00
 2.88000000e+01 0.00000000e+00 2.88000000e+01 2.45090163e+00 2.88000000e+01 -4.05524843e+00
 2.91000000e+01 0.00000000e+00 2.91000000e+01 2.94985416e+00 2.91000000e+01 -3.27721925e+00
 2.94000000e+01 0.00000000e+00 2.94000000e+01 2.37890121e+00 2.94000000e+01 -3.63129268e+00
 2.97000000e+01 0.00000000e+00 2.97000000e+01 2.81493528e+00 2.97000000e+01 -3.96696780e+00
 3.00000000e+01 0.00000000e+00 3.00000000e+01 2.46497290e+00 3.00000000e+01 -3.80540011e+00
 3.03000000e+01 0.00000000e+00 3.03000000e+01 2.84585405e+00 3.03000000e+01 -4.07572010e+00
 3.06000000e+01 0.00000000e+00 3.06000000e+01 2.77918246e+00 3.06000000e+01 -3.78116627e+00
 3.09000000e+01 0.00000000e+00 3.09000000e+01 2.64885654e+00 3.09000000e+01 -3.44757628e+00
 3.12000000e+01 0.00000000e+00 3.12000000e+01 2.96171428e+00 3.12000000e+01 -3.25608208e+00
 3.15000000e+01 0.00000000e+00 3.15000000e+01 3.02325080e+00 3.15000000e+01 -3.49016079e+00
 3.18000000e+01 0.00000000e+00 3.18000000e+01 2.38061147e+00 3.18000000e+01 -3.81082782e+00
 3.21000000e+01 0.00000000e+00 3.21000000e+01 2.95904724e+00 3.21000000e+01 -3.54282079e+00
 3.24000000e+01 0.00000000e+00 3.24000000e+01 2.46537633e+00 3.24000000e+01 -4.05611577e+00
 3.27000000e+01 0.00000000e+00 3.27000000e+01 2.39763343e+00 3.27000000e+01 -3.69473819e+00
 3.30000000e+01 0.00000000e+00 3.30000000e+01 2.84032985e+00 3.30000000e+01 -4.31184354e+00
 3.33000000e+01 0.00000000e+00 3.33000000e+01 2.84833999e+00 3.33000000e+01 -4.28128621e+00
 3.36000000e+01 0.00000000e+00 3.36000000e+01 2.65257811e+00 3.36000000e+01 -3.54116761e+00
 3.39000000e+01 0.00000000e+00 3.39000000e+01 2.58134312e+00 3.39000000e+01 -3.42763892e+00
 3.42000000e+01 0.00000000e+00 3.42000000e+01 3.02832525e+00 3.42000000e+01 -3.17541633e+00
 3.45000000e+01 0.00000000e+00 3.45000000e+01 2.26529322e+00 3.45000000e+01 -3.57357097e+00
 3.48000000e+01 0.00000000e+00 3.48000000e+01 3.40115655e+00 3.48000000e+01 -3.68596966e+00
 3.51000000e+01 0.00000000e+00 3.51000000e+01 4.87860873e+00 3.51000000e+01 -2.47587866e+00
 3.54000000e+01 0.00000000e+00 3.54000000e+01 4.88537570e+00 3.54000000e+01 -2.44003494e+00
 3.57000000e+01 0.00000000e+00 3.57000000e+01 5.13956524e+00 3.57000000e+01 -2.53778286e+00
 3.60000000e+01 0.00000000e+00 3.60000000e+01 4.65696143e+00 3.60000000e+01 -2.19571898e+00
 3.63000000e+01 0.00000000e+00 3.63000000e+01 5.05556390e+00 3.63000000e+01 -2.70119769e+00
 3.66000000e+01 0.00000000e+00 3.66000000e+01 5.17707470e+00 3.66000000e+01 -2.06865152e+00
 3.69000000e+01 0.00000000e+00 3.69000000e+01 4.60434452e+00 3.69000000e+01 -2.38818826e+00
 3.72000000e+01 0.00000000e+00 3.72000000e+01 5.24759128e+00 3.72000000e+01 -2.12086782e+00
 3.75000000e+01 0.00000000e+00 3.75000000e+01 5.52160352e+00 3.75000000e+01 -2.20154199e+00
 3.78000000e+01 0.00000000e+00 3.78000000e+01 5.11504356e+00 3.78000000e+01 -2.35451129e+00
 3.81000000e+01 0.00000000e+00 3.81000000e+01 5.23992915e+00 3.81000000e+01 -2.71725363e+00
 3.84000000e+01 0.00000000e+00 3.84000000e+01 4.79523986e+00 3.84000000e+01 -2.84845635e+00
 3.87000000e+01 0.00000000e+00 3.87000000e+01 5.13627212e+00 3.87000000e+01 -2.53744854e+00
 3.90000000e+01 0.00000000e+00 3.90000000e+01 5.45396251e+00 3.90000000e+01 -2.94995778e+00
 3.93000000e+01 0.00000000e+00 3.93000000e+01 5.63046549e+00 3.93000000e+01 -3.07919903e+00
 3.96000000e+01 0.00000000e+00 3.96000000e+01 5.28072241e+00 3.96000000e+01 -2.79888017e+00
 3.99000000e+01 0.00000000e+00 3.99000000e+01 5.75094215e+00 3.99000000e+01 -2.37666763e+00
 4.02000000e+01 0.00000000e+00 4.02000000e+01 3.37418929e+00 4.02000000e+01 -2.42340548e+00
 4.05000000e+01 0.00000000e+00 4.05000000e+01 4.15161819e+00 4.05000000e+01 -2.07908863e+00
 4.08000000e+01 0.00000000e+00 4.08000000e+01 3.72593866e+00 4.08000000e+01 -2.22693153e+00
 4.11000000e+01 0.00000000e+00 4.11000000e+01 3.81144567e+00 4.11000000e+01 -1.79593753e+00
 4.14000000e+01 0.00000000e+00 4.14000000e+01 3.82948989e+00 4.14000000e+01 -1.93739359e+00
 4.17000000e+01 0.00000000e+00 4.17000000e+01 3.71061885e+00 4.17000000e+01 -1.58802364e+00
 4.20000000e+01 0.00000000e+00 4.20000000e+01 3.75688853e+00 4.20000000e+01 -2.14250177e+00
 4.23000000e+01 0.00000000e+00 4.23000000e+01 4.56178625e+00 4.23000000e+01 -2.09563360e+00
 4.26000000e+01 0.00000000e+00 4.26000000e+01 3.21663507e+00 4.26000000e+01 -7.04693358e-01
 4.29000000e+01 0.00000000e+00 4.29000000e+01 3.07049469e+00 4.29000000e+01 -2.45769602e+00
 4.32000000e+01 0.00000000e+00 4.32000000e+01 3.14646842e+00 4.32000000e+01 -1.94344905e+00
 4.35000000e+01 0.00000000e+00 4.35000000e+01 4.43813294e+00 4.35000000e+01 -1.89390653e+00
 4.38000000e+01 0.00000000e+00 4.38000000e+01 3.91081285e+00 4.38000000e+01 -2.10942694e+00
 4.41000000e+01 0.00000000e+00 4.41000000e+01 3.16574842e+00 4.41000000e+01 -1.68191940e+00
 4.44000000e+01 0.00000000e+00 4.44000000e+01 3.55391282e+00 4.44000000e+01 -2.51864922e+00
 4.47000000e+01 0.00000000e+00 4.47000000e+01 3.42723875e+00 4.47000000e+01 -2.06056327e+00
 4.50000000e+01 0.00000000e+00 4.50000000e+01 4.03564576e+00 4.50000000e+01 -1.26481396e+00
 4.53000000e+01 0.00000000e+00 4.53000000e+01 4.06383410e+00 4.53000000e+01 -1.88964154e+00
 4.56000000e+01 0.00000000e+00 4.56000000e+01 4.00208584e+00 4.56000000e+01 -1.97923746e+00
 4.59000000e+01 0.00000000e+00 4.59000000e+01 4.07001121e+00 4.59000000e+01 -2.01351644e+00
 4.62000000e+01 0.00000000e+00 4.62000000e+01 3.32435408e+00 4.62000000e+01 -1.92834455e+00
 4.65000000e+01 0.00000000e+00 4.65000000e+01 3.45612012e+00 4.65000000e+01 -2.42961974e+00
 4.68000000e+01 0.00000000e+00 4.68000000e+01 3.45676835e+00 4.68000000e+01 -2.10584187e+00
 4.71000000e+01 0.00000000e+00 4.71000000e+01 3.94007819e+00 4.71000000e+01 -2.03578246e+00
 4.74000000e+01 0.00000000e+00 4.74000000e+01 3.47166679e+00 4.74000000e+01 -2.17026809e+00
 4.77000000e+01 0.00000000e+00 4.77000000e+01 3.54732270e+00 4.77000000e+01 -2.38003050e+00
 4.80000000e+01 0.00000000e+00 4.80000000e+01 2.92764750e+00 4.80000000e+01 -2.21282227e+00
 4.83000000e+01 0.00000000e+00 4.83000000e+01 3.92844241e+00 4.83000000e+01 -1.60135198e+00
 4.86000000e+01 0.00000000e+00 4.86000000e+01 4.20521686e+00 4.86000000e+01 -1.67746315e+00
 4.89000000e+01 0.00000000e+00 4.89000000e+01 4.02781060e+00 4.89000000e+01 -2.20623308e+00
 4.92000000e+01 0.00000000e+00 4.92000000e+01 3.38672480e+00 4.92000000e+01 -2.07581492e+00
 4.95000000e+01 0.00000000e+00 4.95000000e+01 3.52535078e+00 4.95000000e+01 -2.12969226e+00
 4.98000000e+01 0.00000000e+00 4.98000000e+01 3.85681709e+00 4.98000000e+01 -1.88961510e+00
 5.01000000e+01 0.00000000e+00 5.01000000e+01 2.60384637e+00 5.01000000e+01 -4.86090146e+00
 5.04000000e+01 0.00000000e+00 5.04000000e+01 2.53227817e+00 5.04000000e+01 -4.78059708e+00
 5.07000000e+01 0.00000000e+00 5.07000000e+01 1.67247285e+00 5.07000000e+01 -5.21828004e+00
 5.10000000e+01 0.00000000e+00 5.10000000e+01 2.29794322e+00 5.10000000e+01 -4.10559914e+00
 5.13000000e+01 0.00000000e+00 5.13000000e+01 2.07399642e+00 5.13000000e+01 -4.85301535e+00
 5.16000000e+01 0.00000000e+00 5.16000000e+01 2.35260650e+00 5.16000000e+01 -5.08485567e+00
 5.19000000e+01 0.00000000e+00 5.19000000e+01 1.90489679e+00 5.19000000e+01 -4.97445848e+00
 5.22000000e+01 0.00000000e+00 5.22000000e+01 2.47859224e+00 5.22000000e+01 -4.17135286e+00
 5.25000000e+01 0.00000000e+00 5.25000000e+01 2.08777024e+00 5.25000000e+01 -4.77984384e+00
 5.28000000e+01 0.00000000e+00 5.28000000e+01 2.84618325e+00 5.28000000e+01 -4.90719182e+00
 5.31000000e+01 0.00000000e+00 5.31000000e+01 2.70624253e+00 5.31000000e+01 -3.85904653e+00
 5.34000000e+01 0.00000000e+00 5.34000000e+01 2.21529892e+00 5.34000000e+01 -4.78935060e+00
 5.37000000e+01 0.00000000e+00 5.37000000e+01 2.00245435e+00 5.37000000e+01 -5.11071882e+00
 5.40000000e+01 0.00000000e+00 5.40000000e+01 2.36651938e+00 5.40000000e+01 -4.68048223e+00
 5.43000000e+01 0.00000000e+00 5.43000000e+01 1.99152076e+00 5.43000000e+01 -4.95016925e+00
 5.46000000e+01 0.00000000e+00 5.46000000e+01 2.25832428e+00 5.46000000e+01 -4.89330484e+00
 5.49000000e+01 0.00000000e+00 5.49000000e+01 2.93911797e+00 5.49000000e+01 -4.81553452e+00
 5.52000000e+01 0.00000000e+00 5.52000000e+01 6.01418676e+00 5.52000000e+01 -5.53339410e+00
 5.55000000e+01 0.00000000e+00 5.55000000e+01 6.31664357e+00 5.55000000e+01 -4.95904292e+00
 5.58000000e+01 0.00000000e+00 5.58000000e+01 5.84056592e+00 5.58000000e+01 -5.26533612e+00
 5.61000000e+01 0.00000000e+00 5.61000000e+01 6.57565938e+00 5.61000000e+01 -4.89801922e+00
 5.64000000e+01 0.00000000e+00 5.64000000e+01 6.53483414e+00 5.64000000e+01 -5.69956664e+00
 5.67000000e+01 0.00000000e+00 5.67000000e+01 5.79563801e+00 5.67000000e+01 -4.74317253e+00
 5.70000000e+01 0.00000000e+00 5.70000000e+01 6.36430193e+00 5.70000000e+01 -5.38141159e+00
 5.73000000e+01 0.00000000e+00 5.73000000e+01 5.94624816e+00 5.73000000e+01 -5.11034192e+00
 5.76000000e+01 0.00000000e+00 5.76000000e+01 6.38361828e+00 5.76000000e+01 -4.96789854e+00
 5.79000000e+01 0.00000000e+00 5.79000000e+01 5.62735305e+00 5.79000000e+01 -5.86970808e+00
 5.82000000e+01 0.00000000e+00 5.82000000e+01 6.16311798e+00 5.82000000e+01 -5.16615040e+00
 5.85000000e+01 0.00000000e+00 5.85000000e+01 6.31767239e+00 5.85000000e+01 -5.72391860e+00
 5.88000000e+01 0.00000000e+00 5.88000000e+01 6.26216142e+00 5.88000000e+01 -5.20568586e+00
 5.91000000e+01 0.00000000e+00 5.91000000e+01 5.76133789e+00 5.91000000e+01 -5.39774584e+00
 5.94000000e+01 0.00000000e+00 5.94000000e+01 5.86117276e+00 5.94000000e+01 -4.98334840e+00
 5.97000000e+01 0.00000000e+00 5.97000000e+01 6.33498561e+00 5.97000000e+01 -5.20040833e+00
