 0.00000000e+00 0.00000000e+00 0.00000000e+00 7.82708994e+00 0.00000000e+00 -4.79943774e+00
 3.00000000e-01 0.00000000e+00 3.00000000e-01 7.88979504e+00 3.00000000e-01 -4.70459669e+00
 6.00000000e-01 0.00000000e+00 6.00000000e-01 7.78673201e+00 6.00000000e-01 -4.39738386e+00
 9.00000000e-01 0.00000000e+00 9.00000000e-01 7.42521145e+00 9.00000000e-01 -4.90180557e+00
 1.20000000e+00 0.00000000e+00 1.20000000e+00 7.29508372e+00 1.20000000e+00 -4.51739037e+00
 1.50000000e+00 0.00000000e+00 1.50000000e+00 8.15425188e+00 1.50000000e+00 -5.03348140e+00
 1.80000000e+00 0.00000000e+00 1.80000000e+00 7.81607422e+00 1.80000000e+00 -4.54080392e+00
 2.10000000e+00 0.00000000e+00 2.10000000e+00 7.19755215e+00 2.10000000e+00 -5.26552452e+00
 2.40000000e+00 0.00000000e+00 2.40000000e+00 7.36472169e+00 2.40000000e+00 -4.83219675e+00
 2.70000000e+00 0.00000000e+00 2.70000000e+00 7.94382039e+00 2.70000000e+00 -4.80539714e+00
 3.00000000e+00 0.00000000e+00 3.00000000e+00 8.00358272e+00 3.00000000e+00 -4.32627711e+00
 3.30000000e+00 0.00000000e+00 3.30000000e+00 8.14697134e+00 3.30000000e+00 -4.03853180e+00
 3.60000000e+00 0.00000000e+00 3.60000000e+00 7.67225446e+00 3.60000000e+00 -4.86399433e+00
 3.90000000e+00 0.00000000e+00 3.90000000e+00 7.77515121e+00 3.90000000e+00 -4.85996936e+00
 4.20000000e+00 0.00000000e+00 4.20000000e+00 7.86083516e+00 4.20000000e+00 -5.06145374e+00
 4.50000000e+00 0.00000000e+00 4.50000000e+00 7.14379596e+00 4.50000000e+00 -4.91961819e+00
 4.80000000e+00 0.00000000e+00 4.80000000e+00 7.42369110e+00 4.80000000e+00 -4.93200277e+00
 5.10000000e+00 0.00000000e+00 5.10000000e+00 7.05257023e+00 5.10000000e+00 -4.67549703e+00
 5.40000000e+00 0.00000000e+00 5.40000000e+00 7.94534063e+00 5.40000000e+00 -5.18058096e+00
 5.70000000e+00 0.00000000e+00 5.70000000e+00 7.27001379e+00 5.70000000e+00 -4.68763703e+00
 6.00000000e+00 0.00000000e+00 6.00000000e+00 7.51232343e+00 6.00000000e+00 -4.58836361e+00
 6.30000000e+00 0.00000000e+00 6.30000000e+00 7.68097939e+00 6.30000000e+00 -4.41789842e+00
 6.60000000e+00 0.00000000e+00 6.60000000e+00 7.40524070e+00 6.60000000e+00 -4.47557530e+00
 6.90000000e+00 0.00000000e+00 6.90000000e+00 7.36768500e+00 6.90000000e+00 -5.26729300e+00
 7.20000000e+00 0.00000000e+00 7.20000000e+00 6.90576808e+00 7.20000000e+00 -4.60410401e+00
 7.50000000e+00 0.00000000e+00 7.50000000e+00 7.53421587e+00 7.50000000e+00 -4.16597612e+00
 7.80000000e+00 0.00000000e+00 7.80000000e+00 7.46654329e+00 7.80000000e+00 -5.05499840e+00
 8.10000000e+00 0.00000000e+00 8.10000000e+00 7.64817981e+00 8.10000000e+00 -4.76314050e+00
 8.40000000e+00 0.00000000e+00 8.40000000e+00 7.55501585e+00 8.40000000e+00 -4.75219882e+00
 8.70000000e+00 0.00000000e+00 8.70000000e+00 7.65186163e+00 8.70000000e+00 -5.04082615e+00
 9.00000000e+00 0.00000000e+00 9.00000000e+00 7.49905397e+00 9.00000000e+00 -3.99421210e+00
 9.30000000e+00 0.00000000e+00 9.30000000e+00 7.47358787e+00 9.30000000e+00 -4.86615275e+00
 9.60000000e+00 0.00000000e+00 9.60000000e+00 8.21181690e+00 9.60000000e+00 -3.85325600e+00
 9.90000000e+00 0.00000000e+00 9.90000000e+00 7.31535456e+00 9.90000000e+00 -5.17498263e+00
 1.02000000e+01 0.00000000e+00 1.02000000e+01 7.49412760e+00 1.02000000e+01 -4.13381486e+00
 1.05000000e+01 0.00000000e+00 1.05000000e+01 7.28159846e+00 1.05000000e+01 -4.52099541e+00
 1.08000000e+01 0.00000000e+00 1.08000000e+01 7.58520068e+00 1.08000000e+01 -4.86203445e+00
 1.11000000e+01 0.00000000e+00 1.11000000e+01 7.69979810e+00 1.11000000e+01 -4.82869970e+00
 1.14000000e+01 0.00000000e+00 1.14000000e+01 7.66006938e+00 1.14000000e+01 -4.34144572e+00
 1.17000000e+01 0.00000000e+00 1.17000000e+01 7.41915450e+00 1.17000000e+01 -4.16324488e+00
 1.20000000e+01 0.00000000e+00 1.20000000e+01 7.51990154e+00 1.20000000e+01 -4.51316119e+00
 1.23000000e+01 0.00000000e+00 1.23000000e+01 7.44911590e+00 1.23000000e+01 -4.46649667e+00
 1.26000000e+01 0.00000000e+00 1.26000000e+01 7.48135347e+00 1.26000000e+01 -4.63144976e+00
 1.29000000e+01 0.00000000e+00 1.29000000e+01 7.65285144e+00 1.29000000e+01 -4.59724316e+00
 1.32000000e+01 0.00000000e+00 1.32000000e+01 7.50465025e+00 1.32000000e+01 -5.23430665e+00
 1.35000000e+01 0.00000000e+00 1.35000000e+01 7.11608642e+00 1.35000000e+01 -4.56747936e+00
 1.38000000e+01 0.00000000e+00 1.38000000e+01 7.06506118e+00 1.38000000e+01 -3.99019075e+00
 1.41000000e+01 0.00000000e+00 1.41000000e+01 7.56093134e+00 1.41000000e+01 -4.76536359e+00
 1.44000000e+01 0.00000000e+00 1.44000000e+01 7.68234403e+00 1.44000000e+01 -4.83519368e+00
 1.47000000e+01 0.00000000e+00 1.47000000e+01 8.02653092e+00 1.47000000e+01 -4.49708473e+00
 1.50000000e+01 0.00000000e+00 1.50000000e+01 7.50255520e+00 1.50000000e+01 -4.93981818e+00
 1.53000000e+01 0.00000000e+00 1.53000000e+01 9.88676263e-01 1.53000000e+01 -6.35830047e+00
 1.56000000e+01 0.00000000e+00 1.56000000e+01 1.88439182e+00 1.56000000e+01 -6.94611538e+00
 1.59000000e+01 0.00000000e+00 1.59000000e+01 1.22886828e+00 1.59000000e+01 -6.20869368e+00
 1.62000000e+01 0.00000000e+00 1.62000000e+01 1.44927428e+00 1.62000000e+01 -6.29392778e+00
 1.65000000e+01 0.00000000e+00 1.65000000e+01 1.20654924e+00 1.65000000e+01 -6.09260813e+00
 1.68000000e+01 0.00000000e+00 1.68000000e+01 1.18088332e+00 1.68000000e+01 -6.31946143e+00
 1.71000000e+01 0.00000000e+00 1.71000000e+01 1.32840953e+00 1.71000000e+01 -6.39388319e+00
 1.74000000e+01 0.00000000e+00 1.74000000e+01 1.40471938e+00 1.74000000e+01 -5.71880934e+00
 1.77000000e+01 0.00000000e+00 1.77000000e+01 1.45872030e+00 1.77000000e+01 -6.31252205e+00
 1.80000000e+01 0.00000000e+00 1.80000000e+01 1.11475863e+00 1.80000000e+01 -6.13227230e+00
 1.83000000e+01 0.00000000e+00 1.83000000e+01 8.76512380e-01 1.83000000e+01 -6.27686775e+00
 1.86000000e+01 0.00000000e+00 1.86000000e+01 1.73125471e+00 1.86000000e+01 -6.06076149e+00
 1.89000000e+01 0.00000000e+00 1.89000000e+01 9.84844024e-01 1.89000000e+01 -5.77683042e+00
 1.92000000e+01 0.00000000e+00 1.92000000e+01 1.12414742e+00 1.92000000e+01 -5.70997221e+00
 1.95000000e+01 0.00000000e+00 1.95000000e+01 1.24262193e+00 1.95000000e+01 -6.00547223e+00
 1.98000000e+01 0.00000000e+00 1.98000000e+01 1.27196873e+00 1.98000000e+01 -6.02576439e+00
 2.01000000e+01 0.00000000e+00 2.01000000e+01 1.76044980e+00 2.01000000e+01 -6.66841882e+00
 2.04000000e+01 0.00000000e+00 2.04000000e+01 1.11561975e+00 2.04000000e+01 -6.15099549e+00
 2.07000000e+01 0.00000000e+00 2.07000000e+01 8.64535644e-01 2.07000000e+01 -6.35246685e+00
 2.10000000e+01 0.00000000e+00 2.10000000e+01 9.91549961e-01 2.10000000e+01 -6.54336010e+00
 2.13000000e+01 0.00000000e+00 2.13000000e+01 1.39193705e+00 2.13000000e+01 -6.25224790e+00
 2.16000000e+01 0.00000000e+00 2.16000000e+01 1.59335397e+00 2.16000000e+01 -5.90019537e+00
 2.19000000e+01 0.00000000e+00 2.19000000e+01 1.27568026e+00 2.19000000e+01 -5.71928997e+00
 2.22000000e+01 0.00000000e+00 2.22000000e+01 1.39803468e+00 2.22000000e+01 -6.51152992e+00
 2.25000000e+01 0.00000000e+00 2.25000000e+01 7.23575426e-01 2.25000000e+01 -5.63283731e+00
 2.28000000e+01 0.00000000e+00 2.28000000e+01 1.44403255e+00 2.28000000e+01 -6.65252773e+00
 2.31000000e+01 0.00000000e+00 2.31000000e+01 1.22199396e+00 2.31000000e+01 -6.16259953e+00
 2.34000000e+01 0.00000000e+00 2.34000000e+01 1.14348735e+00 2.34000000e+01 -5.57873593e+00
 2.37000000e+01 0.00000000e+00 2.37000000e+01 9.28596534e-01 2.37000000e+01 -6.44278770e+00
 2.40000000e+01 0.00000000e+00 2.40000000e+01 1.41961304e+00 2.40000000e+01 -6.21349565e+00
 2.43000000e+01 0.00000000e+00 2.43000000e+01 1.46100216e+00 2.43000000e+01 -5.95761030e+00
 2.46000000e+01 0.00000000e+00 2.46000000e+01 1.36916913e+00 2.46000000e+01 -6.22114262e+00
 2.49000000e+01 0.00000000e+00 2.49000000e+01 1.26729640e+00 2.49000000e+01 -6.15899024e+00
 2.52000000e+01 0.00000000e+00 2.52000000e+01 1.31069914e+00 2.52000000e+01 -3.88499375e+00
 2.55000000e+01 0.00000000e+00 2.55000000e+01 7.47149929e-01 2.55000000e+01 -4.43323481e+00
 2.58000000e+01 0.00000000e+00 2.58000000e+01 5.25540152e-01 2.58000000e+01 -3.31680653e+00
 2.61000000e+01 0.00000000e+00 2.61000000e+01 9.82978960e-01 2.61000000e+01 -3.81789528e+00
 2.64000000e+01 0.00000000e+00 2.64000000e+01 6.53578490e-01 2.64000000e+01 -4.06206975e+00
 2.67000000e+01 0.00000000e+00 2.67000000e+01 8.20562920e-01 2.67000000e+01 -3.78653720e+00
 2.70000000e+01 0.00000000e+00 2.70000000e+01 1.16188990e+00 2.70000000e+01 -3.30056821e+00
 2.73000000e+01 0.00000000e+00 2.73000000e+01 7.84107381e-01 2.73000000e+01 -4.22981869e+00
 2.76000000e+01 0.00000000e+00 2.76000000e+01 6.57138208e-01 2.76000000e+01 -4.23207731e+00
 2.79000000e+01 0.00000000e+00 2.79000000e+01 1.29285310e+00 2.79000000e+01 -4.26044576e+00
 2.82000000e+01 0.00000000e+00 2.82000000e+01 1.35475408e+00 2.82000000e+01 -5.01923840e+00
 2.85000000e+01 0.00000000e+00 2.85000000e+01 6.14053120e-01 2.85000000e+01 -3.41242531e+00
 2.88000000e+01 0.00000000e+00 2.88000000e+01 3.92120931e-01 2.88000000e+01 -3.67259015e+00
 2.91000000e+01 0.00000000e+00 2.91000000e+01 1.09756459e+00 2.91000000e+01 -4.06549158e+00
 2.94000000e+01 0.00000000e+00 2.94000000e+01 8.37179366e-01 2.94000000e+01 -3.20132868e+00
 2.97000000e+01 0.00000000e+00 2.97000000e+01 6.19331234e-01 2.97000000e+01 -4.30223679e+00
 3.00000000e+01 0.00000000e+00 3.00000000e+01 9.47497441e-01 3.00000000e+01 -4.51776281e+00
 3.03000000e+01 0.00000000e+00 3.03000000e+01 7.18924082e-01 3.03000000e+01 -3.81258288e+00
 3.06000000e+01 0.00000000e+00 3.06000000e+01 1.02050138e+00 3.06000000e+01 -4.28861773e+00
 3.09000000e+01 0.00000000e+00 3.09000000e+01 1.21677260e+00 3.09000000e+01 -4.11506378e+00
 3.12000000e+01 0.00000000e+00 3.12000000e+01 1.32010949e+00 3.12000000e+01 -4.65448357e+00
 3.15000000e+01 0.00000000e+00 3.15000000e+01 8.16191173e-01 3.15000000e+01 -4.18997917e+00
 3.18000000e+01 0.00000000e+00 3.18000000e+01 7.07913029e-01 3.18000000e+01 -3.89089211e+00
 3.21000000e+01 0.00000000e+00 3.21000000e+01 8.28092285e-01 3.21000000e+01 -4.11189921e+00
 3.24000000e+01 0.00000000e+00 3.24000000e+01 9.30524996e-01 3.24000000e+01 -4.09947931e+00
 3.27000000e+01 0.00000000e+00 3.27000000e+01 8.87366374e-01 3.27000000e+01 -4.07059905e+00
 3.30000000e+01 0.00000000e+00 3.30000000e+01 9.43826608e-01 3.30000000e+01 -4.21729376e+00
 3.33000000e+01 0.00000000e+00 3.33000000e+01 7.04001210e-01 3.33000000e+01 -3.86647341e+00
 3.36000000e+01 0.00000000e+00 3.36000000e+01 1.46878213e+00 3.36000000e+01 -4.04957004e+00
 3.39000000e+01 0.00000000e+00 3.39000000e+01 6.62226147e-01 3.39000000e+01 -4.61059761e+00
 3.42000000e+01 0.00000000e+00 3.42000000e+01 8.36828516e-01 3.42000000e+01 -3.96609923e+00
 3.45000000e+01 0.00000000e+00 3.45000000e+01 9.24971852e-01 3.45000000e+01 -4.26353620e+00
 3.48000000e+01 0.00000000e+00 3.48000000e+01 1.59276757e-01 3.48000000e+01 -3.69939738e+00
 3.51000000e+01 0.00000000e+00 3.51000000e+01 5.43739698e+00 3.51000000e+01 -1.16597537e+00
 3.54000000e+01 0.00000000e+00 3.54000000e+01 5.44769068e+00 3.54000000e+01 -1.40063622e+00
 3.57000000e+01 0.00000000e+00 3.57000000e+01 5.98265335e+00 3.57000000e+01 -1.10374174e+00
 3.60000000e+01 0.00000000e+00 3.60000000e+01 6.35198690e+00 3.60000000e+01 -1.20383188e+00
 3.63000000e+01 0.00000000e+00 3.63000000e+01 5.69800638e+00 3.63000000e+01 -9.86498508e-01
 3.66000000e+01 0.00000000e+00 3.66000000e+01 5.02705099e+00 3.66000000e+01 -1.06230063e+00
 3.69000000e+01 0.00000000e+00 3.69000000e+01 5.82625075e+00 3.69000000e+01 -1.16171888e+00
 3.72000000e+01 0.00000000e+00 3.72000000e+01 5.72778245e+00 3.72000000e+01 -6.17719948e-01
 3.75000000e+01 0.00000000e+00 3.75000000e+01 5.10071772e+00 3.75000000e+01 -9.10337819e-01
 3.78000000e+01 0.00000000e+00 3.78000000e+01 5.27642916e+00 3.78000000e+01 -8.96302675e-01
 3.81000000e+01 0.00000000e+00 3.81000000e+01 5.65606210e+00 3.81000000e+01 -1.09066067e+00
 3.84000000e+01 0.00000000e+00 3.84000000e+01 5.37061675e+00 3.84000000e+01 -8.50378705e-01
 3.87000000e+01 0.00000000e+00 3.87000000e+01 5.00614850e+00 3.87000000e+01 -1.05350902e+00
 3.90000000e+01 0.00000000e+00 3.90000000e+01 5.36465829e+00 3.90000000e+01 -4.41038875e-01
 3.93000000e+01 0.00000000e+00 3.93000000e+01 5.02069908e+00 3.93000000e+01 -1.46186075e+00
 3.96000000e+01 0.00000000e+00 3.96000000e+01 5.58271953e+00 3.96000000e+01 -1.69111691e+00
 3.99000000e+01 0.00000000e+00 3.99000000e+01 5.27171912e+00 3.99000000e+01 -8.52916914e-01
 4.02000000e+01 0.00000000e+00 4.02000000e+01 4.73185450e+00 4.02000000e+01 -1.75895782e-01
 4.05000000e+01 0.00000000e+00 4.05000000e+01 4.48661929e+00 4.05000000e+01 4.81180843e-01
 4.08000000e+01 0.00000000e+00 4.08000000e+01 5.18768258e+00 4.08000000e+01 4.45132123e-01
 4.11000000e+01 0.00000000e+00 4.11000000e+01 5.26306119e+00 4.11000000e+01 3.67795614e-01
 4.14000000e+01 0.00000000e+00 4.14000000e+01 4.10423362e+00 4.14000000e+01 5.89222568e-01
 4.17000000e+01 0.00000000e+00 4.17000000e+01 4.42946337e+00 4.17000000e+01 3.32812326e-01
 4.20000000e+01 0.00000000e+00 4.20000000e+01 4.69512709e+00 4.20000000e+01 1.87428857e-01
 4.23000000e+01 0.00000000e+00 4.23000000e+01 4.81688587e+00 4.23000000e+01 1.07370328e+00
 4.26000000e+01 0.00000000e+00 4.26000000e+01 4.53734130e+00 4.26000000e+01 6.73525880e-01
 4.29000000e+01 0.00000000e+00 4.29000000e+01 5.16154609e+00 4.29000000e+01 7.50957597e-01
 4.32000000e+01 0.00000000e+00 4.32000000e+01 4.65141063e+00 4.32000000e+01 1.03457731e+00
 4.35000000e+01 0.00000000e+00 4.35000000e+01 4.12798073e+00 4.35000000e+01 4.33856986e-01
 4.38000000e+01 0.00000000e+00 4.38000000e+01 4.70226308e+00 4.38000000e+01 2.92920921e-01
 4.41000000e+01 0.00000000e+00 4.41000000e+01 4.99935026e+00 4.41000000e+01 2.16752101e-01
 4.44000000e+01 0.00000000e+00 4.44000000e+01 4.73088537e+00 4.44000000e+01 7.72519924e-01
 4.47000000e+01 0.00000000e+00 4.47000000e+01 4.38114486e+00 4.47000000e+01 7.89328974e-01
 4.50000000e+01 0.00000000e+00 4.50000000e+01 4.58008604e+00 4.50000000e+01 4.24601575e-01
 4.53000000e+01 0.00000000e+00 4.53000000e+01 4.62190436e+00 4.53000000e+01 4.32207292e-01
 4.56000000e+01 0.00000000e+00 4.56000000e+01 4.90151006e+00 4.56000000e+01 7.48104750e-01
 4.59000000e+01 0.00000000e+00 4.59000000e+01 4.65035154e+00 4.59000000e+01 1.55695433e-02
 4.62000000e+01 0.00000000e+00 4.62000000e+01 4.88099580e+00 4.62000000e+01 4.03940170e-01
 4.65000000e+01 0.00000000e+00 4.65000000e+01 4.85208901e+00 4.65000000e+01 4.58108396e-01
 4.68000000e+01 0.00000000e+00 4.68000000e+01 4.29023046e+00 4.68000000e+01 4.42450549e-02
 4.71000000e+01 0.00000000e+00 4.71000000e+01 4.12730757e+00 4.71000000e+01 3.04418847e-01
 4.74000000e+01 0.00000000e+00 4.74000000e+01 5.19092588e+00 4.74000000e+01 8.06794881e-01
 4.77000000e+01 0.00000000e+00 4.77000000e+01 4.89561567e+00 4.77000000e+01 2.67380343e-02
 4.80000000e+01 0.00000000e+00 4.80000000e+01 4.50716948e+00 4.80000000e+01 1.03377651e-01
 4.83000000e+01 0.00000000e+00 4.83000000e+01 5.05946988e+00 4.83000000e+01 -2.19160014e-02
 4.86000000e+01 0.00000000e+00 4.86000000e+01 4.90818877e+00 4.86000000e+01 9.37308904e-01
 4.89000000e+01 0.00000000e+00 4.89000000e+01 5.21980574e+00 4.89000000e+01 7.86888914e-01
 4.92000000e+01 0.00000000e+00 4.92000000e+01 4.02175580e+00 4.92000000e+01 4.63056381e-01
 4.95000000e+01 0.00000000e+00 4.95000000e+01 4.16046361e+00 4.95000000e+01 2.34082452e-01
 4.98000000e+01 0.00000000e+00 4.98000000e+01 5.07659213e+00 4.98000000e+01 6.90677961e-01
 5.01000000e+01 0.00000000e+00 5.01000000e+01 3.34686411e+00 5.01000000e+01 -5.44385491e+00
 5.04000000e+01 0.00000000e+00 5.04000000e+01 3.07769003e+00 5.04000000e+01 -5.01478556e+00
 5.07000000e+01 0.00000000e+00 5.07000000e+01 2.48943676e+00 5.07000000e+01 -4.95662557e+00
 5.10000000e+01 0.00000000e+00 5.10000000e+01 2.66610974e+00 5.10000000e+01 -5.47987868e+00
 5.13000000e+01 0.00000000e+00 5.13000000e+01 2.21072884e+00 5.13000000e+01 -4.33722277e+00
 5.16000000e+01 0.00000000e+00 5.16000000e+01 2.09648088e+00 5.16000000e+01 -5.72874791e+00
 5.19000000e+01 0.00000000e+00 5.19000000e+01 2.63893480e+00 5.19000000e+01 -4.93465986e+00
 5.22000000e+01 0.00000000e+00 5.22000000e+01 3.33250575e+00 5.22000000e+01 -5.31527127e+00
 5.25000000e+01 0.00000000e+00 5.25000000e+01 2.80743350e+00 5.25000000e+01 -4.58891281e+00
 5.28000000e+01 0.00000000e+00 5.28000000e+01 3.07811551e+00 5.28000000e+01 -4.68446111e+00
 5.31000000e+01 0.00000000e+00 5.31000000e+01 3.25772173e+00 5.31000000e+01 -4.82298999e+00
 5.34000000e+01 0.00000000e+00 5.34000000e+01 2.62246610e+00 5.34000000e+01 -4.90877997e+00
 5.37000000e+01 0.00000000e+00 5.37000000e+01 2.53492792e+00 5.37000000e+01 -4.84480000e+00
 5.40000000e+01 0.00000000e+00 5.40000000e+01 2.83225388e+00 5.40000000e+01 -5.40651627e+00
 5.43000000e+01 0.00000000e+00 5.43000000e+01 2.93175991e+00 5.43000000e+01 -5.49435204e+00
 5.46000000e+01 0.00000000e+00 5.46000000e+01 3.31888257e+00 5.46000000e+01 -5.43060416e+00
 5.49000000e+01 0.00000000e+00 5.49000000e+01 2.84326991e+00 5.49000000e+01 -4.94379568e+00
 5.52000000e+01 0.00000000e+00 5.52000000e+01 7.65678330e+00 5.52000000e+01 -4.50386800e+00
 5.55000000e+01 0.00000000e+00 5.55000000e+01 7.00222723e+00 5.55000000e+01 -4.56501069e+00
 5.58000000e+01 0.00000000e+00 5.58000000e+01 7.69669588e+00 5.58000000e+01 -4.90592180e+00
 5.61000000e+01 0.00000000e+00 5.61000000e+01 7.34522532e+00 5.61000000e+01 -5.09285725e+00
 5.64000000e+01 0.00000000e+00 5.64000000e+01 7.51281332e+00 5.64000000e+01 -5.19136907e+00
 5.67000000e+01 0.00000000e+00 5.67000000e+01 7.36711588e+00 5.67000000e+01 -4.70389390e+00
 5.70000000e+01 0.00000000e+00 5.70000000e+01 7.70102041e+00 5.70000000e+01 -4.77459692e+00
 5.73000000e+01 0.00000000e+00 5.73000000e+01 7.51842700e+00 5.73000000e+01 -4.67300796e+00
 5.76000000e+01 0.00000000e+00 5.76000000e+01 7.53322983e+00 5.76000000e+01 -4.56748310e+00
 5.79000000e+01 0.00000000e+00 5.79000000e+01 7.91974991e+00 5.79000000e+01 -4.90175076e+00
 5.82000000e+01 0.00000000e+00 5.82000000e+01 7.81695818e+00 5.82000000e+01 -4.58946665e+00
 5.85000000e+01 0.00000000e+00 5.85000000e+01 7.80362676e+00 5.85000000e+01 -4.78270267e+00
 5.88000000e+01 0.00000000e+00 5.88000000e+01 7.24301719e+00 5.88000000e+01 -4.63591175e+00
 5.91000000e+01 0.00000000e+00 5.91000000e+01 7.09909518e+00 5.91000000e+01 -4.52589747e+00
 5.94000000e+01 0.00000000e+00 5.94000000e+01 7.07811862e+00 5.94000000e+01 -5.55044030e+00
 5.97000000e+01 0.00000000e+00 5.97000000e+01 7.68533581e+00 5.97000000e+01 -4.13732846e+00
