 0.00000000e+00 0.00000000e+00 0.00000000e+00 8.00078959e+00 0.00000000e+00 -6.01917991e+00
 3.00000000e-01 0.00000000e+00 3.00000000e-01 7.66106800e+00 3.00000000e-01 -6.47936627e+00
 6.00000000e-01 0.00000000e+00 6.00000000e-01 8.09810184e+00 6.00000000e-01 -5.72632056e+00
 9.00000000e-01 0.00000000e+00 9.00000000e-01 7.25529943e+00 9.00000000e-01 -5.58268295e+00
 1.20000000e+00 0.00000000e+00 1.20000000e+00 7.64878397e+00 1.20000000e+00 -5.68390382e+00
 1.50000000e+00 0.00000000e+00 1.50000000e+00 7.84945610e+00 1.50000000e+00 -6.37631017e+00
 1.80000000e+00 0.00000000e+00 1.80000000e+00 7.26262194e+00 1.80000000e+00 -5.98742545e+00
 2.10000000e+00 0.00000000e+00 2.10000000e+00 7.77708195e+00 2.10000000e+00 -6.32225916e+00
 2.40000000e+00 0.00000000e+00 2.40000000e+00 7.36776099e+00 2.40000000e+00 -5.56079832e+00
 2.70000000e+00 0.00000000e+00 2.70000000e+00 7.52464267e+00 2.70000000e+00 -6.43907345e+00
 3.00000000e+00 0.00000000e+00 3.00000000e+00 8.38420791e+00 3.00000000e+00 -5.98843746e+00
 3.30000000e+00 0.00000000e+00 3.30000000e+00 7.72247504e+00 3.30000000e+00 -6.31867581e+00
 3.60000000e+00 0.00000000e+00 3.60000000e+00 7.74271893e+00 3.60000000e+00 -6.38313023e+00
 3.90000000e+00 0.00000000e+00 3.90000000e+00 8.11319947e+00 3.90000000e+00 -6.35145901e+00
 4.20000000e+00 0.00000000e+00 4.20000000e+00 7.38276619e+00 4.20000000e+00 -5.34871889e+00
 4.50000000e+00 0.00000000e+00 4.50000000e+00 8.00351857e+00 4.50000000e+00 -5.57922586e+00
 4.80000000e+00 0.00000000e+00 4.80000000e+00 7.64238674e+00 4.80000000e+00 -5.83149011e+00
 5.10000000e+00 0.00000000e+00 5.10000000e+00 7.90212042e+00 5.10000000e+00 -5.87487167e+00
 5.40000000e+00 0.00000000e+00 5.40000000e+00 7.56340942e+00 5.40000000e+00 -5.75439828e+00
 5.70000000e+00 0.00000000e+00 5.70000000e+00 7.65536325e+00 5.70000000e+00 -5.30355461e+00
 6.00000000e+00 0.00000000e+00 6.00000000e+00 8.09386912e+00 6.00000000e+00 -6.39986697e+00
 6.30000000e+00 0.00000000e+00 6.30000000e+00 7.93529739e+00 6.30000000e+00 -6.33621557e+00
 6.60000000e+00 0.00000000e+00 6.60000000e+00 7.91530724e+00 6.60000000e+00 -6.09129669e+00
 6.90000000e+00 0.00000000e+00 6.90000000e+00 7.83242148e+00 6.90000000e+00 -6.71530434e+00
 7.20000000e+00 0.00000000e+00 7.20000000e+00 7.77272125e+00 7.20000000e+00 -6.54927340e+00
 7.50000000e+00 0.00000000e+00 7.50000000e+00 8.00050723e+00 7.50000000e+00 -5.52345533e+00
 7.80000000e+00 0.00000000e+00 7.80000000e+00 7.96971612e+00 7.80000000e+00 -5.19544381e+00
 8.10000000e+00 0.00000000e+00 8.10000000e+00 7.67786116e+00 8.10000000e+00 -5.11555825e+00
 8.40000000e+00 0.00000000e+00 8.40000000e+00 7.87387671e+00 8.40000000e+00 -5.75375304e+00
 8.70000000e+00 0.00000000e+00 8.70000000e+00 7.66427312e+00 8.70000000e+00 -6.08003192e+00
 9.00000000e+00 0.00000000e+00 9.00000000e+00 7.77831715e+00 9.00000000e+00 -6.34354631e+00
 9.30000000e+00 0.00000000e+00 9.30000000e+00 7.79483969e+00 9.30000000e+00 -5.77954381e+00
 9.60000000e+00 0.00000000e+00 9.60000000e+00 8.07326154e+00 9.60000000e+00 -5.70888551e+00
 9.90000000e+00 0.00000000e+00 9.90000000e+00 7.56947356e+00 9.90000000e+00 -5.45848055e+00
 1.02000000e+01 0.00000000e+00 1.02000000e+01 7.53726158e+00 1.02000000e+01 -6.65371519e+00
 1.05000000e+01 0.00000000e+00 1.05000000e+01 7.19602917e+00 1.05000000e+01 -5.84318499e+00
 1.08000000e+01 0.00000000e+00 1.08000000e+01 8.10445968e+00 1.08000000e+01 -5.82052767e+00
 1.11000000e+01 0.00000000e+00 1.11000000e+01 7.47274570e+00 1.11000000e+01 -6.30695729e+00
 1.14000000e+01 0.00000000e+00 1.14000000e+01 7.97886392e+00 1.14000000e+01 -5.88740978e+00
 1.17000000e+01 0.00000000e+00 1.17000000e+01 7.91861747e+00 1.17000000e+01 -6.08812831e+00
 1.20000000e+01 0.00000000e+00 1.20000000e+01 8.05962574e+00 1.20000000e+01 -5.87080876e+00
 1.23000000e+01 0.00000000e+00 1.23000000e+01 7.26901306e+00 1.23000000e+01 -6.35080750e+00
 1.26000000e+01 0.00000000e+00 1.26000000e+01 8.17849127e+00 1.26000000e+01 -6.15872695e+00
 1.29000000e+01 0.00000000e+00 1.29000000e+01 7.64033236e+00 1.29000000e+01 -5.75618765e+00
 1.32000000e+01 0.00000000e+00 1.32000000e+01 7.53938334e+00 1.32000000e+01 -5.76798741e+00
 1.35000000e+01 0.00000000e+00 1.35000000e+01 7.89849707e+00 1.35000000e+01 -6.58910114e+00
 1.38000000e+01 0.00000000e+00 1.38000000e+01 7.85264265e+00 1.38000000e+01 -6.12520337e+00
 1.41000000e+01 0.00000000e+00 1.41000000e+01 8.06472763e+00 1.41000000e+01 -5.74436607e+00
 1.44000000e+01 0.00000000e+00 1.44000000e+01 8.19177862e+00 1.44000000e+01 -5.98436753e+00
 1.47000000e+01 0.00000000e+00 1.47000000e+01 7.97287685e+00 1.47000000e+01 -5.65953487e+00
 1.50000000e+01 0.00000000e+00 1.50000000e+01 8.21807186e+00 1.50000000e+01 -5.79093265e+00
 1.53000000e+01 0.00000000e+00 1.53000000e+01 1.09524190e+00 1.53000000e+01 -6.65884579e+00
 1.56000000e+01 0.00000000e+00 1.56000000e+01 9.08239688e-01 1.56000000e+01 -6.71876416e+00
 1.59000000e+01 0.00000000e+00 1.59000000e+01 1.04279608e+00 1.59000000e+01 -6.90471208e+00
 1.62000000e+01 0.00000000e+00 1.62000000e+01 1.11840495e+00 1.62000000e+01 -6.95027748e+00
 1.65000000e+01 0.00000000e+00 1.65000000e+01 5.96618688e-01 1.65000000e+01 -7.07100627e+00
 1.68000000e+01 0.00000000e+00 1.68000000e+01 3.84370475e-01 1.68000000e+01 -6.29753637e+00
 1.71000000e+01 0.00000000e+00 1.71000000e+01 8.32518546e-01 1.71000000e+01 -7.11628197e+00
 1.74000000e+01 0.00000000e+00 1.74000000e+01 4.76417332e-01 1.74000000e+01 -6.53397120e+00
 1.77000000e+01 0.00000000e+00 1.77000000e+01 6.34574642e-01 1.77000000e+01 -7.00238680e+00
 1.80000000e+01 0.00000000e+00 1.80000000e+01 7.87399520e-02 1.80000000e+01 -7.19143402e+00
 1.83000000e+01 0.00000000e+00 1.83000000e+01 1.15067744e+00 1.83000000e+01 -6.73890385e+00
 1.86000000e+01 0.00000000e+00 1.86000000e+01 1.03165886e+00 1.86000000e+01 -6.18430775e+00
 1.89000000e+01 0.00000000e+00 1.89000000e+01 1.32833355e+00 1.89000000e+01 -7.07262485e+00
 1.92000000e+01 0.00000000e+00 1.92000000e+01 6.36619286e-01 1.92000000e+01 -7.12035211e+00
 1.95000000e+01 0.00000000e+00 1.95000000e+01 4.71223477e-01 1.95000000e+01 -6.74219355e+00
 1.98000000e+01 0.00000000e+00 1.98000000e+01 3.09138277e-01 1.98000000e+01 -6.78465684e+00
 2.01000000e+01 0.00000000e+00 2.01000000e+01 2.65743922e-01 2.01000000e+01 -6.20464320e+00
 2.04000000e+01 0.00000000e+00 2.04000000e+01 1.00329512e+00 2.04000000e+01 -6.75424225e+00
 2.07000000e+01 0.00000000e+00 2.07000000e+01 5.11815915e-01 2.07000000e+01 -7.12395508e+00
 2.10000000e+01 0.00000000e+00 2.10000000e+01 5.66587216e-01 2.10000000e+01 -6.80358911e+00
 2.13000000e+01 0.00000000e+00 2.13000000e+01 6.89011801e-01 2.13000000e+01 -6.51056045e+00
 2.16000000e+01 0.00000000e+00 2.16000000e+01 8.64739691e-01 2.16000000e+01 -6.71399784e+00
 2.19000000e+01 0.00000000e+00 2.19000000e+01 6.07361695e-01 2.19000000e+01 -6.77664481e+00
 2.22000000e+01 0.00000000e+00 2.22000000e+01 8.21563199e-01 2.22000000e+01 -6.29315407e+00
 2.25000000e+01 0.00000000e+00 2.25000000e+01 2.37762769e-01 2.25000000e+01 -6.71908792e+00
 2.28000000e+01 0.00000000e+00 2.28000000e+01 1.30568984e+00 2.28000000e+01 -6.71098118e+00
 2.31000000e+01 0.00000000e+00 2.31000000e+01 7.73193254e-01 2.31000000e+01 -6.31310222e+00
 2.34000000e+01 0.00000000e+00 2.34000000e+01 1.12611088e+00 2.34000000e+01 -6.31413280e+00
 2.37000000e+01 0.00000000e+00 2.37000000e+01 3.44736865e-01 2.37000000e+01 -6.79144412e+00
 2.40000000e+01 0.00000000e+00 2.40000000e+01 3.85108807e-01 2.40000000e+01 -7.15771004e+00
 2.43000000e+01 0.00000000e+00 2.43000000e+01 7.43050795e-01 2.43000000e+01 -6.65670574e+00
 2.46000000e+01 0.00000000e+00 2.46000000e+01 6.08529703e-01 2.46000000e+01 -6.52254962e+00
 2.49000000e+01 0.00000000e+00 2.49000000e+01 5.18524578e-01 2.49000000e+01 -6.80409072e+00
 2.52000000e+01 0.00000000e+00 2.52000000e+01 2.79360824e+00 2.52000000e+01 -5.59001013e+00
 2.55000000e+01 0.00000000e+00 2.55000000e+01 2.35374615e+00 2.55000000e+01 -6.16413818e+00
 2.58000000e+01 0.00000000e+00 2.58000000e+01 3.17607146e+00 2.58000000e+01 -5.71544531e+00
 2.61000000e+01 0.00000000e+00 2.61000000e+01 3.04411042e+00 2.61000000e+01 -5.65392903e+00
 2.64000000e+01 0.00000000e+00 2.64000000e+01 2.53652805e+00 2.64000000e+01 -5.54300670e+00
 2.67000000e+01 0.00000000e+00 2.67000000e+01 2.89974160e+00 2.67000000e+01 -5.79525380e+00
 2.70000000e+01 0.00000000e+00 2.70000000e+01 3.22389913e+00 2.70000000e+01 -5.36889335e+00
 2.73000000e+01 0.00000000e+00 2.73000000e+01 3.37237195e+00 2.73000000e+01 -5.68109184e+00
 2.76000000e+01 0.00000000e+00 2.76000000e+01 2.87113562e+00 2.76000000e+01 -5.58790896e+00
 2.79000000e+01 0.00000000e+00 2.79000000e+01 2.15744310e+00 2.79000000e+01 -5.39890221e+00
 2.82000000e+01 0.00000000e+00 2.82000000e+01 2.81948787e+00 2.82000000e+01 -5.68699082e+00
 2.85000000e+01 0.00000000e+00 2.85000000e+01 2.78006764e+00 2.85000000e+01 -6.00836016e+00
 2.88000000e+01 0.00000000e+00 2.88000000e+01 2.78253397e+00 2.88000000e+01 -5.05600156e+00
 2.91000000e+01 0.00000000e+00 2.91000000e+01 3.41457508e+00 2.91000000e+01 -5.46556824e+00
 2.94000000e+01 0.00000000e+00 2.94000000e+01 3.02648691e+00 2.94000000e+01 -4.95321929e+00
 2.97000000e+01 0.00000000e+00 2.97000000e+01 3.02425698e+00 2.97000000e+01 -5.64647922e+00
 3.00000000e+01 0.00000000e+00 3.00000000e+01 3.03786673e+00 3.00000000e+01 -6.04875333e+00
 3.03000000e+01 0.00000000e+00 3.03000000e+01 3.15344693e+00 3.03000000e+01 -4.90039932e+00
 3.06000000e+01 0.00000000e+00 3.06000000e+01 3.65974773e+00 3.06000000e+01 -5.47263428e+00
 3.09000000e+01 0.00000000e+00 3.09000000e+01 3.08177792e+00 3.09000000e+01 -5.38001108e+00
 3.12000000e+01 0.00000000e+00 3.12000000e+01 3.40608429e+00 3.12000000e+01 -5.51775527e+00
 3.15000000e+01 0.00000000e+00 3.15000000e+01 3.09836030e+00 3.15000000e+01 -5.49861023e+00
 3.18000000e+01 0.00000000e+00 3.18000000e+01 3.18048819e+00 3.18000000e+01 -5.05401501e+00
 3.21000000e+01 0.00000000e+00 3.21000000e+01 2.92533283e+00 3.21000000e+01 -5.77793469e+00
 3.24000000e+01 0.00000000e+00 3.24000000e+01 3.20505471e+00 3.24000000e+01 -5.40341784e+00
 3.27000000e+01 0.00000000e+00 3.27000000e+01 2.61000764e+00 3.27000000e+01 -4.81096735e+00
 3.30000000e+01 0.00000000e+00 3.30000000e+01 2.61657523e+00 3.30000000e+01 -5.28816055e+00
 3.33000000e+01 0.00000000e+00 3.33000000e+01 2.53113698e+00 3.33000000e+01 -5.61314566e+00
 3.36000000e+01 0.00000000e+00 3.36000000e+01 2.95087963e+00 3.36000000e+01 -5.65191156e+00
 3.39000000e+01 0.00000000e+00 3.39000000e+01 3.38616958e+00 3.39000000e+01 -5.62917654e+00
 3.42000000e+01 0.00000000e+00 3.42000000e+01 2.83852066e+00 3.42000000e+01 -5.50025092e+00
 3.45000000e+01 0.00000000e+00 3.45000000e+01 2.78484304e+00 3.45000000e+01 -5.44225599e+00
 3.48000000e+01 0.00000000e+00 3.48000000e+01 3.06656246e+00 3.48000000e+01 -5.57294899e+00
 3.51000000e+01 0.00000000e+00 3.51000000e+01 4.26682590e+00 3.51000000e+01 -2.54958577e+00
 3.54000000e+01 0.00000000e+00 3.54000000e+01 4.55044803e+00 3.54000000e+01 -2.84464817e+00
 3.57000000e+01 0.00000000e+00 3.57000000e+01 3.54415598e+00 3.57000000e+01 -2.71080001e+00
 3.60000000e+01 0.00000000e+00 3.60000000e+01 4.31122279e+00 3.60000000e+01 -2.11880762e+00
 3.63000000e+01 0.00000000e+00 3.63000000e+01 4.25304119e+00 3.63000000e+01 -2.72198949e+00
 3.66000000e+01 0.00000000e+00 3.66000000e+01 4.57447044e+00 3.66000000e+01 -3.27897468e+00
 3.69000000e+01 0.00000000e+00 3.69000000e+01 4.49512387e+00 3.69000000e+01 -2.49934454e+00
 3.72000000e+01 0.00000000e+00 3.72000000e+01 3.89683894e+00 3.72000000e+01 -3.05087121e+00
 3.75000000e+01 0.00000000e+00 3.75000000e+01 3.86983394e+00 3.75000000e+01 -3.01747299e+00
 3.78000000e+01 0.00000000e+00 3.78000000e+01 4.74080052e+00 3.78000000e+01 -3.19158408e+00
 3.81000000e+01 0.00000000e+00 3.81000000e+01 4.08421396e+00 3.81000000e+01 -2.87400909e+00
 3.84000000e+01 0.00000000e+00 3.84000000e+01 4.37303503e+00 3.84000000e+01 -2.56839815e+00
 3.87000000e+01 0.00000000e+00 3.87000000e+01 4.22706201e+00 3.87000000e+01 -2.96514686e+00
 3.90000000e+01 0.00000000e+00 3.90000000e+01 4.37090248e+00 3.90000000e+01 -2.47249634e+00
 3.93000000e+01 0.00000000e+00 3.93000000e+01 4.35814777e+00 3.93000000e+01 -3.51215200e+00
 3.96000000e+01 0.00000000e+00 3.96000000e+01 4.14563563e+00 3.96000000e+01 -2.63923620e+00
 3.99000000e+01 0.00000000e+00 3.99000000e+01 4.28874634e+00 3.99000000e+01 -2.51239353e+00
 4.02000000e+01 0.00000000e+00 4.02000000e+01 6.08481118e+00 4.02000000e+01 -2.05837262e+00
 4.05000000e+01 0.00000000e+00 4.05000000e+01 6.06568979e+00 4.05000000e+01 -2.58381900e+00
 4.08000000e+01 0.00000000e+00 4.08000000e+01 5.51726843e+00 4.08000000e+01 -2.47573396e+00
 4.11000000e+01 0.00000000e+00 4.11000000e+01 6.26304298e+00 4.11000000e+01 -3.10683030e+00
 4.14000000e+01 0.00000000e+00 4.14000000e+01 6.76386518e+00 4.14000000e+01 -2.05112250e+00
 4.17000000e+01 0.00000000e+00 4.17000000e+01 5.78178557e+00 4.17000000e+01 -2.25029618e+00
 4.20000000e+01 0.00000000e+00 4.20000000e+01 6.16164962e+00 4.20000000e+01 -2.64316797e+00
 4.23000000e+01 0.00000000e+00 4.23000000e+01 5.41955370e+00 4.23000000e+01 -2.84655448e+00
 4.26000000e+01 0.00000000e+00 4.26000000e+01 5.24067046e+00 4.26000000e+01 -2.30095804e+00
 4.29000000e+01 0.00000000e+00 4.29000000e+01 6.12632037e+00 4.29000000e+01 -2.65833107e+00
 4.32000000e+01 0.00000000e+00 4.32000000e+01 6.26925440e+00 4.32000000e+01 -2.23196787e+00
 4.35000000e+01 0.00000000e+00 4.35000000e+01 6.10062612e+00 4.35000000e+01 -2.79950573e+00
 4.38000000e+01 0.00000000e+00 4.38000000e+01 5.23497304e+00 4.38000000e+01 -2.28155957e+00
 4.41000000e+01 0.00000000e+00 4.41000000e+01 5.85424666e+00 4.41000000e+01 -3.39494458e+00
 4.44000000e+01 0.00000000e+00 4.44000000e+01 6.26453517e+00 4.44000000e+01 -1.60556584e+00
 4.47000000e+01 0.00000000e+00 4.47000000e+01 5.82183076e+00 4.47000000e+01 -2.46977021e+00
 4.50000000e+01 0.00000000e+00 4.50000000e+01 5.92223126e+00 4.50000000e+01 -2.50850494e+00
 4.53000000e+01 0.00000000e+00 4.53000000e+01 6.19827287e+00 4.53000000e+01 -2.44935938e+00
 4.56000000e+01 0.00000000e+00 4.56000000e+01 5.77121163e+00 4.56000000e+01 -2.21126216e+00
 4.59000000e+01 0.00000000e+00 4.59000000e+01 6.14906354e+00 4.59000000e+01 -2.51073952e+00
 4.62000000e+01 0.00000000e+00 4.62000000e+01 5.49358673e+00 4.62000000e+01 -2.98593849e+00
 4.65000000e+01 0.00000000e+00 4.65000000e+01 6.51879460e+00 4.65000000e+01 -2.01328584e+00
 4.68000000e+01 0.00000000e+00 4.68000000e+01 6.01894487e+00 4.68000000e+01 -2.34976368e+00
 4.71000000e+01 0.00000000e+00 4.71000000e+01 5.76845975e+00 4.71000000e+01 -2.29287310e+00
 4.74000000e+01 0.00000000e+00 4.74000000e+01 6.12479406e+00 4.74000000e+01 -2.12811761e+00
 4.77000000e+01 0.00000000e+00 4.77000000e+01 6.38468865e+00 4.77000000e+01 -2.42789367e+00
 4.80000000e+01 0.00000000e+00 4.80000000e+01 6.59430284e+00 4.80000000e+01 -2.33451486e+00
 4.83000000e+01 0.00000000e+00 4.83000000e+01 6.32715092e+00 4.83000000e+01 -2.32427427e+00
 4.86000000e+01 0.00000000e+00 4.86000000e+01 5.78562412e+00 4.86000000e+01 -2.66201244e+00
 4.89000000e+01 0.00000000e+00 4.89000000e+01 6.17331407e+00 4.89000000e+01 -2.52113261e+00
 4.92000000e+01 0.00000000e+00 4.92000000e+01 5.39033720e+00 4.92000000e+01 -2.38086014e+00
 4.95000000e+01 0.00000000e+00 4.95000000e+01 6.14731092e+00 4.95000000e+01 -2.67141091e+00
 4.98000000e+01 0.00000000e+00 4.98000000e+01 6.24949534e+00 4.98000000e+01 -2.71648365e+00
 5.01000000e+01 0.00000000e+00 5.01000000e+01 1.42426602e+00 5.01000000e+01 -4.27044452e+00
 5.04000000e+01 0.00000000e+00 5.04000000e+01 8.69732062e-01 5.04000000e+01 -3.42925313e+00
 5.07000000e+01 0.00000000e+00 5.07000000e+01 1.77531866e+00 5.07000000e+01 -4.31377361e+00
 5.10000000e+01 0.00000000e+00 5.10000000e+01 1.25695771e+00 5.10000000e+01 -3.80158802e+00
 5.13000000e+01 0.00000000e+00 5.13000000e+01 1.59089150e+00 5.13000000e+01 -4.06654827e+00
 5.16000000e+01 0.00000000e+00 5.16000000e+01 1.55989801e+00 5.16000000e+01 -2.64688445e+00
 5.19000000e+01 0.00000000e+00 5.19000000e+01 1.56876037e+00 5.19000000e+01 -3.74434728e+00
 5.22000000e+01 0.00000000e+00 5.22000000e+01 1.05187296e+00 5.22000000e+01 -3.88905151e+00
 5.25000000e+01 0.00000000e+00 5.25000000e+01 1.77144742e+00 5.25000000e+01 -4.12966269e+00
 5.28000000e+01 0.00000000e+00 5.28000000e+01 6.98761180e-01 5.28000000e+01 -3.88693829e+00
 5.31000000e+01 0.00000000e+00 5.31000000e+01 1.24963353e+00 5.31000000e+01 -3.45155629e+00
 5.34000000e+01 0.00000000e+00 5.34000000e+01 1.19834067e+00 5.34000000e+01 -4.00542655e+00
 5.37000000e+01 0.00000000e+00 5.37000000e+01 1.36242765e+00 5.37000000e+01 -3.66022942e+00
 5.40000000e+01 0.00000000e+00 5.40000000e+01 8.74963735e-01 5.40000000e+01 -3.94797346e+00
 5.43000000e+01 0.00000000e+00 5.43000000e+01 1.40350428e+00 5.43000000e+01 -3.71743407e+00
 5.46000000e+01 0.00000000e+00 5.46000000e+01 2.13464136e+00 5.46000000e+01 -3.26236363e+00
 5.49000000e+01 0.00000000e+00 5.49000000e+01 1.86633092e+00 5.49000000e+01 -4.03478772e+00
 5.52000000e+01 0.00000000e+00 5.52000000e+01 8.01212802e+00 5.52000000e+01 -5.86230429e+00
 5.55000000e+01 0.00000000e+00 5.55000000e+01 8.38580479e+00 5.55000000e+01 -5.92578874e+00
 5.58000000e+01 0.00000000e+00 5.58000000e+01 7.78730664e+00 5.58000000e+01 -4.96240701e+00
 5.61000000e+01 0.00000000e+00 5.61000000e+01 7.54910168e+00 5.61000000e+01 -6.31047219e+00
 5.64000000e+01 0.00000000e+00 5.64000000e+01 7.53525217e+00 5.64000000e+01 -5.99275408e+00
 5.67000000e+01 0.00000000e+00 5.67000000e+01 8.16834901e+00 5.67000000e+01 -5.52997166e+00
 5.70000000e+01 0.00000000e+00 5.70000000e+01 7.59932368e+00 5.70000000e+01 -5.84994785e+00
 5.73000000e+01 0.00000000e+00 5.73000000e+01 8.47019673e+00 5.73000000e+01 -6.30332898e+00
 5.76000000e+01 0.00000000e+00 5.76000000e+01 7.40709190e+00 5.76000000e+01 -5.91026316e+00
 5.79000000e+01 0.00000000e+00 5.79000000e+01 7.20041697e+00 5.79000000e+01 -5.59459967e+00
 5.82000000e+01 0.00000000e+00 5.82000000e+01 7.97919301e+00 5.82000000e+01 -6.10342990e+00
 5.85000000e+01 0.00000000e+00 5.85000000e+01 8.13156897e+00 5.85000000e+01 -5.32398245e+00
 5.88000000e+01 0.00000000e+00 5.88000000e+01 7.70496629e+00 5.88000000e+01 -5.92972825e+00
 5.91000000e+01 0.00000000e+00 5.91000000e+01 7.77513183e+00 5.91000000e+01 -5.65820931e+00
 5.94000000e+01 0.00000000e+00 5.94000000e+01 7.30893686e+00 5.94000000e+01 -6.17458987e+00
 5.97000000e+01 0.00000000e+00 5.97000000e+01 7.16562051e+00 5.97000000e+01 -5.38122211e+00
