 0.00000000e+00 0.00000000e+00 0.00000000e+00 6.83425907e+00 0.00000000e+00 -6.20938938e+00
 3.00000000e-01 0.00000000e+00 3.00000000e-01 6.89118379e+00 3.00000000e-01 -6.09640790e+00
 6.00000000e-01 0.00000000e+00 6.00000000e-01 6.80774658e+00 6.00000000e-01 -6.25032825e+00
 9.00000000e-01 0.00000000e+00 9.00000000e-01 6.78663659e+00 9.00000000e-01 -5.41038557e+00
 1.20000000e+00 0.00000000e+00 1.20000000e+00 6.99085369e+00 1.20000000e+00 -5.61161107e+00
 1.50000000e+00 0.00000000e+00 1.50000000e+00 6.93158602e+00 1.50000000e+00 -6.37858330e+00
 1.80000000e+00 0.00000000e+00 1.80000000e+00 6.83690057e+00 1.80000000e+00 -5.71114645e+00
 2.10000000e+00 0.00000000e+00 2.10000000e+00 7.53360383e+00 2.10000000e+00 -6.11562483e+00
 2.40000000e+00 0.00000000e+00 2.40000000e+00 7.32083072e+00 2.40000000e+00 -5.87227734e+00
 2.70000000e+00 0.00000000e+00 2.70000000e+00 7.06959127e+00 2.70000000e+00 -5.85102015e+00
 3.00000000e+00 0.00000000e+00 3.00000000e+00 7.54782518e+00 3.00000000e+00 -5.85383716e+00
 3.30000000e+00 0.00000000e+00 3.30000000e+00 7.06900935e+00 3.30000000e+00 -5.64264345e+00
 3.60000000e+00 0.00000000e+00 3.60000000e+00 6.79063118e+00 3.60000000e+00 -5.97608666e+00
 3.90000000e+00 0.00000000e+00 3.90000000e+00 7.35299421e+00 3.90000000e+00 -6.32926570e+00
 4.20000000e+00 0.00000000e+00 4.20000000e+00 6.43269347e+00 4.20000000e+00 -6.12424360e+00
 4.50000000e+00 0.00000000e+00 4.50000000e+00 7.09455031e+00 4.50000000e+00 -5.77990020e+00
 4.80000000e+00 0.00000000e+00 4.80000000e+00 7.26965018e+00 4.80000000e+00 -6.29026765e+00
 5.10000000e+00 0.00000000e+00 5.10000000e+00 6.03219792e+00 5.10000000e+00 -5.56216525e+00
 5.40000000e+00 0.00000000e+00 5.40000000e+00 6.58395387e+00 5.40000000e+00 -6.04192736e+00
 5.70000000e+00 0.00000000e+00 5.70000000e+00 7.14430054e+00 5.70000000e+00 -5.97548255e+00
 6.00000000e+00 0.00000000e+00 6.00000000e+00 7.30983192e+00 6.00000000e+00 -6.36712719e+00
 6.30000000e+00 0.00000000e+00 6.30000000e+00 7.44859998e+00 6.30000000e+00 -5.61492938e+00
 6.60000000e+00 0.00000000e+00 6.60000000e+00 7.56190759e+00 6.60000000e+00 -6.52219643e+00
 6.90000000e+00 0.00000000e+00 6.90000000e+00 7.10197129e+00 6.90000000e+00 -6.25868920e+00
 7.20000000e+00 0.00000000e+00 7.20000000e+00 6.78669601e+00 7.20000000e+00 -6.41862018e+00
 7.50000000e+00 0.00000000e+00 7.50000000e+00 6.69539093e+00 7.50000000e+00 -5.93317845e+00
 7.80000000e+00 0.00000000e+00 7.80000000e+00 7.12607962e+00 7.80000000e+00 -5.51454909e+00
 8.10000000e+00 0.00000000e+00 8.10000000e+00 7.29167475e+00 8.10000000e+00 -5.79316798e+00
 8.40000000e+00 0.00000000e+00 8.40000000e+00 6.79627129e+00 8.40000000e+00 -5.62557152e+00
 8.70000000e+00 0.00000000e+00 8.70000000e+00 7.02961126e+00 8.70000000e+00 -6.13541996e+00
 9.00000000e+00 0.00000000e+00 9.00000000e+00 7.19784710e+00 9.00000000e+00 -5.72873022e+00
 9.30000000e+00 0.00000000e+00 9.30000000e+00 6.98475487e+00 9.30000000e+00 -6.14503205e+00
 9.60000000e+00 0.00000000e+00 9.60000000e+00 6.79667312e+00 9.60000000e+00 -6.04104755e+00
 9.90000000e+00 0.00000000e+00 9.90000000e+00 6.98863934e+00 9.90000000e+00 -5.93377311e+00
 1.02000000e+01 0.00000000e+00 1.02000000e+01 7.00336685e+00 1.02000000e+01 -6.19815492e+00
 1.05000000e+01 0.00000000e+00 1.05000000e+01 6.63241607e+00 1.05000000e+01 -4.99234905e+00
 1.08000000e+01 0.00000000e+00 1.08000000e+01 7.20713028e+00 1.08000000e+01 -6.20904272e+00
 1.11000000e+01 0.00000000e+00 1.11000000e+01 6.15521464e+00 1.11000000e+01 -5.60164470e+00
 1.14000000e+01 0.00000000e+00 1.14000000e+01 7.09925937e+00 1.14000000e+01 -5.81976046e+00
 1.17000000e+01 0.00000000e+00 1.17000000e+01 7.04230023e+00 1.17000000e+01 -5.58302986e+00
 1.20000000e+01 0.00000000e+00 1.20000000e+01 7.49346628e+00 1.20000000e+01 -5.44620774e+00
 1.23000000e+01 0.00000000e+00 1.23000000e+01 7.16266281e+00 1.23000000e+01 -6.36857946e+00
 1.26000000e+01 0.00000000e+00 1.26000000e+01 7.23254031e+00 1.26000000e+01 -5.88620168e+00
 1.29000000e+01 0.00000000e+00 1.29000000e+01 6.91189894e+00 1.29000000e+01 -5.14773339e+00
 1.32000000e+01 0.00000000e+00 1.32000000e+01 7.16114363e+00 1.32000000e+01 -6.24434755e+00
 1.35000000e+01 0.00000000e+00 1.35000000e+01 7.27497792e+00 1.35000000e+01 -5.67847611e+00
 1.38000000e+01 0.00000000e+00 1.38000000e+01 6.73722342e+00 1.38000000e+01 -5.41118321e+00
 1.41000000e+01 0.00000000e+00 1.41000000e+01 6.96364952e+00 1.41000000e+01 -5.99041699e+00
 1.44000000e+01 0.00000000e+00 1.44000000e+01 7.38315353e+00 1.44000000e+01 -5.73441174e+00
 1.47000000e+01 0.00000000e+00 1.47000000e+01 7.25997957e+00 1.47000000e+01 -5.60901568e+00
 1.50000000e+01 0.00000000e+00 1.50000000e+01 6.76685657e+00 1.50000000e+01 -5.54023898e+00
 1.53000000e+01 0.00000000e+00 1.53000000e+01 2.38182510e+00 1.53000000e+01 -7.04073485e+00
 1.56000000e+01 0.00000000e+00 1.56000000e+01 1.76976339e+00 1.56000000e+01 -7.01320732e+00
 1.59000000e+01 0.00000000e+00 1.59000000e+01 2.36679409e+00 1.59000000e+01 -7.15372760e+00
 1.62000000e+01 0.00000000e+00 1.62000000e+01 2.47141604e+00 1.62000000e+01 -6.25348897e+00
 1.65000000e+01 0.00000000e+00 1.65000000e+01 2.05720059e+00 1.65000000e+01 -6.60268328e+00
 1.68000000e+01 0.00000000e+00 1.68000000e+01 2.64950133e+00 1.68000000e+01 -6.97085162e+00
 1.71000000e+01 0.00000000e+00 1.71000000e+01 2.71276685e+00 1.71000000e+01 -6.46963468e+00
 1.74000000e+01 0.00000000e+00 1.74000000e+01 2.29203208e+00 1.74000000e+01 -6.67410292e+00
 1.77000000e+01 0.00000000e+00 1.77000000e+01 2.94225733e+00 1.77000000e+01 -7.12961459e+00
 1.80000000e+01 0.00000000e+00 1.80000000e+01 2.35011384e+00 1.80000000e+01 -6.60468754e+00
 1.83000000e+01 0.00000000e+00 1.83000000e+01 2.62453301e+00 1.83000000e+01 -6.90163138e+00
 1.86000000e+01 0.00000000e+00 1.86000000e+01 2.75362263e+00 1.86000000e+01 -6.97731786e+00
 1.89000000e+01 0.00000000e+00 1.89000000e+01 2.64630072e+00 1.89000000e+01 -6.51737536e+00
 1.92000000e+01 0.00000000e+00 1.92000000e+01 2.28522236e+00 1.92000000e+01 -6.55349013e+00
 1.95000000e+01 0.00000000e+00 1.95000000e+01 3.39774570e+00 1.95000000e+01 -6.68725804e+00
 1.98000000e+01 0.00000000e+00 1.98000000e+01 2.75400217e+00 1.98000000e+01 -6.20142842e+00
 2.01000000e+01 0.00000000e+00 2.01000000e+01 2.42152115e+00 2.01000000e+01 -6.57637728e+00
 2.04000000e+01 0.00000000e+00 2.04000000e+01 1.86704442e+00 2.04000000e+01 -6.70852130e+00
 2.07000000e+01 0.00000000e+00 2.07000000e+01 2.36850276e+00 2.07000000e+01 -6.13273111e+00
 2.10000000e+01 0.00000000e+00 2.10000000e+01 2.35303901e+00 2.10000000e+01 -7.06505203e+00
 2.13000000e+01 0.00000000e+00 2.13000000e+01 1.98903432e+00 2.13000000e+01 -6.69175200e+00
 2.16000000e+01 0.00000000e+00 2.16000000e+01 2.92429232e+00 2.16000000e+01 -7.02766740e+00
 2.19000000e+01 0.00000000e+00 2.19000000e+01 2.15234941e+00 2.19000000e+01 -6.66292813e+00
 2.22000000e+01 0.00000000e+00 2.22000000e+01 2.82961231e+00 2.22000000e+01 -6.11999773e+00
 2.25000000e+01 0.00000000e+00 2.25000000e+01 2.54039821e+00 2.25000000e+01 -6.33994203e+00
 2.28000000e+01 0.00000000e+00 2.28000000e+01 2.52980032e+00 2.28000000e+01 -7.21261976e+00
 2.31000000e+01 0.00000000e+00 2.31000000e+01 2.34547268e+00 2.31000000e+01 -6.80029550e+00
 2.34000000e+01 0.00000000e+00 2.34000000e+01 1.70353898e+00 2.34000000e+01 -6.93990778e+00
 2.37000000e+01 0.00000000e+00 2.37000000e+01 2.34940175e+00 2.37000000e+01 -6.76670998e+00
 2.40000000e+01 0.00000000e+00 2.40000000e+01 2.60491420e+00 2.40000000e+01 -7.24739713e+00
 2.43000000e+01 0.00000000e+00 2.43000000e+01 2.38631312e+00 2.43000000e+01 -7.08794721e+00
 2.46000000e+01 0.00000000e+00 2.46000000e+01 2.60875945e+00 2.46000000e+01 -6.85365233e+00
 2.49000000e+01 0.00000000e+00 2.49000000e+01 2.56045394e+00 2.49000000e+01 -6.67448530e+00
 2.52000000e+01 0.00000000e+00 2.52000000e+01 8.86473570e-01 2.52000000e+01 -4.67331057e+00
 2.55000000e+01 0.00000000e+00 2.55000000e+01 1.55863880e+00 2.55000000e+01 -5.82723246e+00
 2.58000000e+01 0.00000000e+00 2.58000000e+01 1.76806085e+00 2.58000000e+01 -5.05611395e+00
 2.61000000e+01 0.00000000e+00 2.61000000e+01 1.39539431e+00 2.61000000e+01 -5.23177044e+00
 2.64000000e+01 0.00000000e+00 2.64000000e+01 1.09702144e+00 2.64000000e+01 -5.53827057e+00
 2.67000000e+01 0.00000000e+00 2.67000000e+01 1.29812673e+00 2.67000000e+01 -5.27116007e+00
 2.70000000e+01 0.00000000e+00 2.70000000e+01 1.39871126e+00 2.70000000e+01 -5.13689360e+00
 2.73000000e+01 0.00000000e+00 2.73000000e+01 1.04330717e+00 2.73000000e+01 -5.86121938e+00
 2.76000000e+01 0.00000000e+00 2.76000000e+01 1.93751258e+00 2.76000000e+01 -5.24709471e+00
 2.79000000e+01 0.00000000e+00 2.79000000e+01 1.47493198e+00 2.79000000e+01 -5.24577633e+00
 2.82000000e+01 0.00000000e+00 2.82000000e+01 1.88786078e+00 2.82000000e+01 -5.32454360e+00
 2.85000000e+01 0.00000000e+00 2.85000000e+01 1.01366832e+00 2.85000000e+01 -5.33059169e+00
 2.88000000e+01 0.00000000e+00 2.88000000e+01 1.58798207e+00 2.88000000e+01 -5.47075780e+00
 2.91000000e+01 0.00000000e+00 2.91000000e+01 2.00967144e+00 2.91000000e+01 -5.30262684e+00
 2.94000000e+01 0.00000000e+00 2.94000000e+01 1.60607253e+00 2.94000000e+01 -4.93991818e+00
 2.97000000e+01 0.00000000e+00 2.97000000e+01 1.01908975e+00 2.97000000e+01 -6.02248379e+00
 3.00000000e+01 0.00000000e+00 3.00000000e+01 1.51286629e+00 3.00000000e+01 -5.25712588e+00
 3.03000000e+01 0.00000000e+00 3.03000000e+01 1.39772881e+00 3.03000000e+01 -5.34210192e+00
 3.06000000e+01 0.00000000e+00 3.06000000e+01 1.57531227e+00 3.06000000e+01 -4.63917895e+00
 3.09000000e+01 0.00000000e+00 3.09000000e+01 1.66109054e+00 3.09000000e+01 -5.25775420e+00
 3.12000000e+01 0.00000000e+00 3.12000000e+01 1.93550701e+00 3.12000000e+01 -6.01902389e+00
 3.15000000e+01 0.00000000e+00 3.15000000e+01 1.47050805e+00 3.15000000e+01 -4.99542164e+00
 3.18000000e+01 0.00000000e+00 3.18000000e+01 1.85603986e+00 3.18000000e+01 -5.15729453e+00
 3.21000000e+01 0.00000000e+00 3.21000000e+01 1.71126084e+00 3.21000000e+01 -5.14417791e+00
 3.24000000e+01 0.00000000e+00 3.24000000e+01 1.33229541e+00 3.24000000e+01 -5.43035573e+00
 3.27000000e+01 0.00000000e+00 3.27000000e+01 2.21597590e+00 3.27000000e+01 -5.29190584e+00
 3.30000000e+01 0.00000000e+00 3.30000000e+01 3.42876179e-01 3.30000000e+01 -4.73065079e+00
 3.33000000e+01 0.00000000e+00 3.33000000e+01 1.95185981e+00 3.33000000e+01 -5.33713935e+00
 3.36000000e+01 0.00000000e+00 3.36000000e+01 1.04648216e+00 3.36000000e+01 -4.76254876e+00
 3.39000000e+01 0.00000000e+00 3.39000000e+01 2.10621481e+00 3.39000000e+01 -5.20893912e+00
 3.42000000e+01 0.00000000e+00 3.42000000e+01 1.01370144e+00 3.42000000e+01 -5.39974762e+00
 3.45000000e+01 0.00000000e+00 3.45000000e+01 1.52970711e+00 3.45000000e+01 -4.96520255e+00
 3.48000000e+01 0.00000000e+00 3.48000000e+01 1.11006542e+00 3.48000000e+01 -5.53898654e+00
 3.51000000e+01 0.00000000e+00 3.51000000e+01 6.04896937e+00 3.51000000e+01 -2.38217813e+00
 3.54000000e+01 0.00000000e+00 3.54000000e+01 6.67361401e+00 3.54000000e+01 -2.28632148e+00
 3.57000000e+01 0.00000000e+00 3.57000000e+01 6.33903806e+00 3.57000000e+01 -2.42834546e+00
 3.60000000e+01 0.00000000e+00 3.60000000e+01 6.72108562e+00 3.60000000e+01 -2.11413553e+00
 3.63000000e+01 0.00000000e+00 3.63000000e+01 6.66232947e+00 3.63000000e+01 -2.32093518e+00
 3.66000000e+01 0.00000000e+00 3.66000000e+01 6.12789043e+00 3.66000000e+01 -2.62972608e+00
 3.69000000e+01 0.00000000e+00 3.69000000e+01 6.90837426e+00 3.69000000e+01 -2.47622640e+00
 3.72000000e+01 0.00000000e+00 3.72000000e+01 6.34165462e+00 3.72000000e+01 -1.89760335e+00
 3.75000000e+01 0.00000000e+00 3.75000000e+01 7.18069124e+00 3.75000000e+01 -2.26384342e+00
 3.78000000e+01 0.00000000e+00 3.78000000e+01 7.04596318e+00 3.78000000e+01 -2.45518641e+00
 3.81000000e+01 0.00000000e+00 3.81000000e+01 6.26772748e+00 3.81000000e+01 -2.39585199e+00
 3.84000000e+01 0.00000000e+00 3.84000000e+01 6.59215208e+00 3.84000000e+01 -2.66910022e+00
 3.87000000e+01 0.00000000e+00 3.87000000e+01 6.93330175e+00 3.87000000e+01 -1.79702129e+00
 3.90000000e+01 0.00000000e+00 3.90000000e+01 6.09207488e+00 3.90000000e+01 -1.69406279e+00
 3.93000000e+01 0.00000000e+00 3.93000000e+01 6.74073965e+00 3.93000000e+01 -2.15404254e+00
 3.96000000e+01 0.00000000e+00 3.96000000e+01 6.43980481e+00 3.96000000e+01 -2.11903263e+00
 3.99000000e+01 0.00000000e+00 3.99000000e+01 7.19826050e+00 3.99000000e+01 -2.41301479e+00
 4.02000000e+01 0.00000000e+00 4.02000000e+01 5.24994669e+00 4.02000000e+01 -1.87806310e+00
 4.05000000e+01 0.00000000e+00 4.05000000e+01 4.63547279e+00 4.05000000e+01 -2.31931194e+00
 4.08000000e+01 0.00000000e+00 4.08000000e+01 5.48391112e+00 4.08000000e+01 -2.51853564e+00
 4.11000000e+01 0.00000000e+00 4.11000000e+01 5.19717684e+00 4.11000000e+01 -2.12206168e+00
 4.14000000e+01 0.00000000e+00 4.14000000e+01 5.47175482e+00 4.14000000e+01 -2.63120526e+00
 4.17000000e+01 0.00000000e+00 4.17000000e+01 5.39189930e+00 4.17000000e+01 -2.52005453e+00
 4.20000000e+01 0.00000000e+00 4.20000000e+01 4.98619595e+00 4.20000000e+01 -2.86342333e+00
 4.23000000e+01 0.00000000e+00 4.23000000e+01 5.00656876e+00 4.23000000e+01 -2.51389016e+00
 4.26000000e+01 0.00000000e+00 4.26000000e+01 5.45913963e+00 4.26000000e+01 -2.25703993e+00
 4.29000000e+01 0.00000000e+00 4.29000000e+01 5.48227644e+00 4.29000000e+01 -1.94529384e+00
 4.32000000e+01 0.00000000e+00 4.32000000e+01 5.32695588e+00 4.32000000e+01 -2.30673005e+00
 4.35000000e+01 0.00000000e+00 4.35000000e+01 5.38927860e+00 4.35000000e+01 -2.47207289e+00
 4.38000000e+01 0.00000000e+00 4.38000000e+01 4.84797387e+00 4.38000000e+01 -2.24441968e+00
 4.41000000e+01 0.00000000e+00 4.41000000e+01 5.44913744e+00 4.41000000e+01 -2.81143792e+00
 4.44000000e+01 0.00000000e+00 4.44000000e+01 5.68508394e+00 4.44000000e+01 -2.54162485e+00
 4.47000000e+01 0.00000000e+00 4.47000000e+01 6.11018773e+00 4.47000000e+01 -2.39532418e+00
 4.50000000e+01 0.00000000e+00 4.50000000e+01 4.91493025e+00 4.50000000e+01 -1.76543276e+00
 4.53000000e+01 0.00000000e+00 4.53000000e+01 5.20823713e+00 4.53000000e+01 -1.95388253e+00
 4.56000000e+01 0.00000000e+00 4.56000000e+01 5.15086337e+00 4.56000000e+01 -1.96634971e+00
 4.59000000e+01 0.00000000e+00 4.59000000e+01 5.58958086e+00 4.59000000e+01 -2.14515703e+00
 4.62000000e+01 0.00000000e+00 4.62000000e+01 5.26034916e+00 4.62000000e+01 -2.80197213e+00
 4.65000000e+01 0.00000000e+00 4.65000000e+01 5.13355726e+00 4.65000000e+01 -2.59015907e+00
 4.68000000e+01 0.00000000e+00 4.68000000e+01 4.87677504e+00 4.68000000e+01 -2.30450339e+00
 4.71000000e+01 0.00000000e+00 4.71000000e+01 4.84985076e+00 4.71000000e+01 -2.93863089e+00
 4.74000000e+01 0.00000000e+00 4.74000000e+01 5.18720931e+00 4.74000000e+01 -3.01961545e+00
 4.77000000e+01 0.00000000e+00 4.77000000e+01 5.38805517e+00 4.77000000e+01 -2.63382651e+00
 4.80000000e+01 0.00000000e+00 4.80000000e+01 4.71085603e+00 4.80000000e+01 -2.61497441e+00
 4.83000000e+01 0.00000000e+00 4.83000000e+01 4.91965975e+00 4.83000000e+01 -2.51480011e+00
 4.86000000e+01 0.00000000e+00 4.86000000e+01 5.20448738e+00 4.86000000e+01 -2.31831685e+00
 4.89000000e+01 0.00000000e+00 4.89000000e+01 5.01630584e+00 4.89000000e+01 -2.15630957e+00
 4.92000000e+01 0.00000000e+00 4.92000000e+01 5.29755046e+00 4.92000000e+01 -2.65098887e+00
 4.95000000e+01 0.00000000e+00 4.95000000e+01 5.02360999e+00 4.95000000e+01 -2.80808904e+00
 4.98000000e+01 0.00000000e+00 4.98000000e+01 5.38784915e+00 4.98000000e+01 -2.37085835e+00
 5.01000000e+01 0.00000000e+00 5.01000000e+01 4.25130990e+00 5.01000000e+01 -2.39219430e+00
 5.04000000e+01 0.00000000e+00 5.04000000e+01 4.65898314e+00 5.04000000e+01 -2.87786434e+00
 5.07000000e+01 0.00000000e+00 5.07000000e+01 4.03214757e+00 5.07000000e+01 -2.25535365e+00
 5.10000000e+01 0.00000000e+00 5.10000000e+01 4.80922274e+00 5.10000000e+01 -3.28383733e+00
 5.13000000e+01 0.00000000e+00 5.13000000e+01 4.68857662e+00 5.13000000e+01 -3.26986801e+00
 5.16000000e+01 0.00000000e+00 5.16000000e+01 4.91082914e+00 5.16000000e+01 -3.49768883e+00
 5.19000000e+01 0.00000000e+00 5.19000000e+01 4.66813321e+00 5.19000000e+01 -3.12062377e+00
 5.22000000e+01 0.00000000e+00 5.22000000e+01 4.09487060e+00 5.22000000e+01 -2.96390773e+00
 5.25000000e+01 0.00000000e+00 5.25000000e+01 3.90846026e+00 5.25000000e+01 -2.91068647e+00
 5.28000000e+01 0.00000000e+00 5.28000000e+01 4.18751177e+00 5.28000000e+01 -3.08257384e+00
 5.31000000e+01 0.00000000e+00 5.31000000e+01 4.65193842e+00 5.31000000e+01 -2.63765796e+00
 5.34000000e+01 0.00000000e+00 5.34000000e+01 4.17266948e+00 5.34000000e+01 -3.68681968e+00
 5.37000000e+01 0.00000000e+00 5.37000000e+01 4.32285945e+00 5.37000000e+01 -3.36616724e+00
 5.40000000e+01 0.00000000e+00 5.40000000e+01 4.53025662e+00 5.40000000e+01 -3.21230603e+00
 5.43000000e+01 0.00000000e+00 5.43000000e+01 4.25001283e+00 5.43000000e+01 -2.92403950e+00
 5.46000000e+01 0.00000000e+00 5.46000000e+01 4.35352059e+00 5.46000000e+01 -3.63067652e+00
 5.49000000e+01 0.00000000e+00 5.49000000e+01 4.71205777e+00 5.49000000e+01 -3.10226181e+00
 5.52000000e+01 0.00000000e+00 5.52000000e+01 6.53727541e+00 5.52000000e+01 -6.15231129e+00
 5.55000000e+01 0.00000000e+00 5.55000000e+01 6.70247742e+00 5.55000000e+01 -5.94805046e+00
 5.58000000e+01 0.00000000e+00 5.58000000e+01 6.75576091e+00 5.58000000e+01 -6.02185250e+00
 5.61000000e+01 0.00000000e+00 5.61000000e+01 7.32046860e+00 5.61000000e+01 -6.21960709e+00
 5.64000000e+01 0.00000000e+00 5.64000000e+01 7.08539974e+00 5.64000000e+01 -5.96683479e+00
 5.67000000e+01 0.00000000e+00 5.67000000e+01 7.12166085e+00 5.67000000e+01 -6.45173849e+00
 5.70000000e+01 0.00000000e+00 5.70000000e+01 7.05428355e+00 5.70000000e+01 -6.39870362e+00
 5.73000000e+01 0.00000000e+00 5.73000000e+01 6.94625694e+00 5.73000000e+01 -5.88985290e+00
 5.76000000e+01 0.00000000e+00 5.76000000e+01 6.99063376e+00 5.76000000e+01 -5.24982205e+00
 5.79000000e+01 0.00000000e+00 5.79000000e+01 6.93625839e+00 5.79000000e+01 -6.27668721e+00
 5.82000000e+01 0.00000000e+00 5.82000000e+01 7.24823556e+00 5.82000000e+01 -6.16440352e+00
 5.85000000e+01 0.00000000e+00 5.85000000e+01 7.69469416e+00 5.85000000e+01 -5.97992223e+00
 5.88000000e+01 0.00000000e+00 5.88000000e+01 6.80907066e+00 5.88000000e+01 -5.89968000e+00
 5.91000000e+01 0.00000000e+00 5.91000000e+01 7.16887736e+00 5.91000000e+01 -6.11183185e+00
 5.94000000e+01 0.00000000e+00 5.94000000e+01 7.22550307e+00 5.94000000e+01 -5.64620649e+00
 5.97000000e+01 0.00000000e+00 5.97000000e+01 6.50741265e+00 5.97000000e+01 -5.96068794e+00
