 0.00000000e+00 0.00000000e+00 0.00000000e+00 7.42452083e+00 0.00000000e+00 -4.74723139e+00
 3.00000000e-01 0.00000000e+00 3.00000000e-01 7.00473557e+00 3.00000000e-01 -4.55221181e+00
 6.00000000e-01 0.00000000e+00 6.00000000e-01 6.88621636e+00 6.00000000e-01 -4.39345591e+00
 9.00000000e-01 0.00000000e+00 9.00000000e-01 6.80829895e+00 9.00000000e-01 -4.44494925e+00
 1.20000000e+00 0.00000000e+00 1.20000000e+00 6.91391826e+00 1.20000000e+00 -4.37960238e+00
 1.50000000e+00 0.00000000e+00 1.50000000e+00 7.26173634e+00 1.50000000e+00 -4.71847527e+00
 1.80000000e+00 0.00000000e+00 1.80000000e+00 6.46122622e+00 1.80000000e+00 -4.39007965e+00
 2.10000000e+00 0.00000000e+00 2.10000000e+00 7.42725408e+00 2.10000000e+00 -4.60350316e+00
 2.40000000e+00 0.00000000e+00 2.40000000e+00 7.25092593e+00 2.40000000e+00 -4.53555971e+00
 2.70000000e+00 0.00000000e+00 2.70000000e+00 7.03070480e+00 2.70000000e+00 -4.68043823e+00
 3.00000000e+00 0.00000000e+00 3.00000000e+00 7.05801932e+00 3.00000000e+00 -4.28493433e+00
 3.30000000e+00 0.00000000e+00 3.30000000e+00 7.26290749e+00 3.30000000e+00 -4.61090425e+00
 3.60000000e+00 0.00000000e+00 3.60000000e+00 7.11124701e+00 3.60000000e+00 -4.06735351e+00
 3.90000000e+00 0.00000000e+00 3.90000000e+00 7.03638378e+00 3.90000000e+00 -4.56323009e+00
 4.20000000e+00 0.00000000e+00 4.20000000e+00 6.80094287e+00 4.20000000e+00 -4.86794916e+00
 4.50000000e+00 0.00000000e+00 4.50000000e+00 6.33564351e+00 4.50000000e+00 -4.86184053e+00
 4.80000000e+00 0.00000000e+00 4.80000000e+00 6.75014348e+00 4.80000000e+00 -4.97419897e+00
 5.10000000e+00 0.00000000e+00 5.10000000e+00 6.88382090e+00 5.10000000e+00 -4.61326139e+00
 5.40000000e+00 0.00000000e+00 5.40000000e+00 7.02485651e+00 5.40000000e+00 -4.82689057e+00
 5.70000000e+00 0.00000000e+00 5.70000000e+00 7.20118508e+00 5.70000000e+00 -4.50529422e+00
 6.00000000e+00 0.00000000e+00 6.00000000e+00 6.45017521e+00 6.00000000e+00 -4.59583090e+00
 6.30000000e+00 0.00000000e+00 6.30000000e+00 6.72779031e+00 6.30000000e+00 -4.28757749e+00
 6.60000000e+00 0.00000000e+00 6.60000000e+00 7.18153432e+00 6.60000000e+00 -4.51334666e+00
 6.90000000e+00 0.00000000e+00 6.90000000e+00 7.24546647e+00 6.90000000e+00 -4.92540601e+00
 7.20000000e+00 0.00000000e+00 7.20000000e+00 7.26140307e+00 7.20000000e+00 -4.13146310e+00
 7.50000000e+00 0.00000000e+00 7.50000000e+00 6.95634694e+00 7.50000000e+00 -4.67459460e+00
 7.80000000e+00 0.00000000e+00 7.80000000e+00 7.01764691e+00 7.80000000e+00 -4.70467380e+00
 8.10000000e+00 0.00000000e+00 8.10000000e+00 6.74871306e+00 8.10000000e+00 -4.56067557e+00
 8.40000000e+00 0.00000000e+00 8.40000000e+00 6.95028598e+00 8.40000000e+00 -4.58445161e+00
 8.70000000e+00 0.00000000e+00 8.70000000e+00 6.49067716e+00 8.70000000e+00 -3.81515753e+00
 9.00000000e+00 0.00000000e+00 9.00000000e+00 6.78502447e+00 9.00000000e+00 -4.12555718e+00
 9.30000000e+00 0.00000000e+00 9.30000000e+00 6.54070312e+00 9.30000000e+00 -3.84522023e+00
 9.60000000e+00 0.00000000e+00 9.60000000e+00 6.83071094e+00 9.60000000e+00 -4.55303087e+00
 9.90000000e+00 0.00000000e+00 9.90000000e+00 7.25087180e+00 9.90000000e+00 -4.85256580e+00
 1.02000000e+01 0.00000000e+00 1.02000000e+01 6.75788928e+00 1.02000000e+01 -4.54868886e+00
 1.05000000e+01 0.00000000e+00 1.05000000e+01 6.37567769e+00 1.05000000e+01 -4.29441091e+00
 1.08000000e+01 0.00000000e+00 1.08000000e+01 7.59762701e+00 1.08000000e+01 -4.07042943e+00
 1.11000000e+01 0.00000000e+00 1.11000000e+01 7.00292153e+00 1.11000000e+01 -4.71321767e+00
 1.14000000e+01 0.00000000e+00 1.14000000e+01 6.77645230e+00 1.14000000e+01 -4.76490388e+00
 1.17000000e+01 0.00000000e+00 1.17000000e+01 6.32143595e+00 1.17000000e+01 -4.84322882e+00
 1.20000000e+01 0.00000000e+00 1.20000000e+01 6.85791709e+00 1.20000000e+01 -4.46900322e+00
 1.23000000e+01 0.00000000e+00 1.23000000e+01 7.32777600e+00 1.23000000e+01 -4.83854721e+00
 1.26000000e+01 0.00000000e+00 1.26000000e+01 6.73486820e+00 1.26000000e+01 -4.49238209e+00
 1.29000000e+01 0.00000000e+00 1.29000000e+01 7.26579160e+00 1.29000000e+01 -4.54250993e+00
 1.32000000e+01 0.00000000e+00 1.32000000e+01 6.67038682e+00 1.32000000e+01 -4.40082977e+00
 1.35000000e+01 0.00000000e+00 1.35000000e+01 7.07038485e+00 1.35000000e+01 -4.36759372e+00
 1.38000000e+01 0.00000000e+00 1.38000000e+01 7.04053776e+00 1.38000000e+01 -4.86499001e+00
 1.41000000e+01 0.00000000e+00 1.41000000e+01 7.12845475e+00 1.41000000e+01 -4.87254889e+00
 1.44000000e+01 0.00000000e+00 1.44000000e+01 6.91748130e+00 1.44000000e+01 -4.47043315e+00
 1.47000000e+01 0.00000000e+00 1.47000000e+01 7.05858328e+00 1.47000000e+01 -4.99654582e+00
 1.50000000e+01 0.00000000e+00 1.50000000e+01 6.90121273e+00 1.50000000e+01 -4.72215590e+00
 1.53000000e+01 0.00000000e+00 1.53000000e+01 1.58030034e+00 1.53000000e+01 -4.70504169e+00
 1.56000000e+01 0.00000000e+00 1.56000000e+01 2.32048836e+00 1.56000000e+01 -4.24305527e+00
 1.59000000e+01 0.00000000e+00 1.59000000e+01 2.28515002e+00 1.59000000e+01 -5.03455695e+00
 1.62000000e+01 0.00000000e+00 1.62000000e+01 1.75954606e+00 1.62000000e+01 -4.99180830e+00
 1.65000000e+01 0.00000000e+00 1.65000000e+01 1.85946672e+00 1.65000000e+01 -4.54201125e+00
 1.68000000e+01 0.00000000e+00 1.68000000e+01 2.21892582e+00 1.68000000e+01 -4.08588262e+00
 1.71000000e+01 0.00000000e+00 1.71000000e+01 2.16186339e+00 1.71000000e+01 -4.79166337e+00
 1.74000000e+01 0.00000000e+00 1.74000000e+01 1.24734944e+00 1.74000000e+01 -5.37318768e+00
 1.77000000e+01 0.00000000e+00 1.77000000e+01 2.62927286e+00 1.77000000e+01 -4.90346926e+00
 1.80000000e+01 0.00000000e+00 1.80000000e+01 2.22799409e+00 1.80000000e+01 -5.02999125e+00
 1.83000000e+01 0.00000000e+00 1.83000000e+01 2.00073169e+00 1.83000000e+01 -4.84094437e+00
 1.86000000e+01 0.00000000e+00 1.86000000e+01 2.16254099e+00 1.86000000e+01 -4.84013419e+00
 1.89000000e+01 0.00000000e+00 1.89000000e+01 1.82903819e+00 1.89000000e+01 -4.80988749e+00
 1.92000000e+01 0.00000000e+00 1.92000000e+01 2.56643944e+00 1.92000000e+01 -4.50098300e+00
 1.95000000e+01 0.00000000e+00 1.95000000e+01 1.77241352e+00 1.95000000e+01 -4.99394872e+00
 1.98000000e+01 0.00000000e+00 1.98000000e+01 2.16837345e+00 1.98000000e+01 -4.34939026e+00
 2.01000000e+01 0.00000000e+00 2.01000000e+01 1.97810327e+00 2.01000000e+01 -4.68466082e+00
 2.04000000e+01 0.00000000e+00 2.04000000e+01 2.41576051e+00 2.04000000e+01 -4.54656926e+00
 2.07000000e+01 0.00000000e+00 2.07000000e+01 1.98889250e+00 2.07000000e+01 -4.89771243e+00
 2.10000000e+01 0.00000000e+00 2.10000000e+01 2.11975545e+00 2.10000000e+01 -4.92871980e+00
 2.13000000e+01 0.00000000e+00 2.13000000e+01 2.30965762e+00 2.13000000e+01 -4.54269420e+00
 2.16000000e+01 0.00000000e+00 2.16000000e+01 2.10458492e+00 2.16000000e+01 -4.71814411e+00
 2.19000000e+01 0.00000000e+00 2.19000000e+01 2.42158191e+00 2.19000000e+01 -4.98606393e+00
 2.22000000e+01 0.00000000e+00 2.22000000e+01 2.75665802e+00 2.22000000e+01 -4.55990910e+00
 2.25000000e+01 0.00000000e+00 2.25000000e+01 1.78094407e+00 2.25000000e+01 -4.62146287e+00
 2.28000000e+01 0.00000000e+00 2.28000000e+01 1.85974899e+00 2.28000000e+01 -5.17929105e+00
 2.31000000e+01 0.00000000e+00 2.31000000e+01 1.97202952e+00 2.31000000e+01 -4.62609924e+00
 2.34000000e+01 0.00000000e+00 2.34000000e+01 2.27066004e+00 2.34000000e+01 -4.71302502e+00
 2.37000000e+01 0.00000000e+00 2.37000000e+01 2.14992348e+00 2.37000000e+01 -4.84517083e+00
 2.40000000e+01 0.00000000e+00 2.40000000e+01 2.11846874e+00 2.40000000e+01 -4.49139614e+00
 2.43000000e+01 0.00000000e+00 2.43000000e+01 1.44255725e+00 2.43000000e+01 -4.46277469e+00
 2.46000000e+01 0.00000000e+00 2.46000000e+01 2.37670963e+00 2.46000000e+01 -4.24155983e+00
 2.49000000e+01 0.00000000e+00 2.49000000e+01 2.17480336e+00 2.49000000e+01 -4.00074337e+00
 2.52000000e+01 0.00000000e+00 2.52000000e+01 3.04452143e+00 2.52000000e+01 -6.25594101e+00
 2.55000000e+01 0.00000000e+00 2.55000000e+01 3.17866939e+00 2.55000000e+01 -6.09981122e+00
 2.58000000e+01 0.00000000e+00 2.58000000e+01 2.76477505e+00 2.58000000e+01 -6.50025396e+00
 2.61000000e+01 0.00000000e+00 2.61000000e+01 2.99776953e+00 2.61000000e+01 -6.15284523e+00
 2.64000000e+01 0.00000000e+00 2.64000000e+01 3.15515099e+00 2.64000000e+01 -6.44150748e+00
 2.67000000e+01 0.00000000e+00 2.67000000e+01 3.22441128e+00 2.67000000e+01 -6.23297274e+00
 2.70000000e+01 0.00000000e+00 2.70000000e+01 3.01564484e+00 2.70000000e+01 -6.64950955e+00
 2.73000000e+01 0.00000000e+00 2.73000000e+01 3.30717722e+00 2.73000000e+01 -6.20125821e+00
 2.76000000e+01 0.00000000e+00 2.76000000e+01 2.71928305e+00 2.76000000e+01 -6.19105647e+00
 2.79000000e+01 0.00000000e+00 2.79000000e+01 3.13299330e+00 2.79000000e+01 -6.47720151e+00
 2.82000000e+01 0.00000000e+00 2.82000000e+01 2.66313118e+00 2.82000000e+01 -6.15079485e+00
 2.85000000e+01 0.00000000e+00 2.85000000e+01 3.29639551e+00 2.85000000e+01 -5.88022787e+00
 2.88000000e+01 0.00000000e+00 2.88000000e+01 3.94690815e+00 2.88000000e+01 -6.81771957e+00
 2.91000000e+01 0.00000000e+00 2.91000000e+01 3.13612626e+00 2.91000000e+01 -6.24179806e+00
 2.94000000e+01 0.00000000e+00 2.94000000e+01 3.39491508e+00 2.94000000e+01 -5.16362054e+00
 2.97000000e+01 0.00000000e+00 2.97000000e+01 2.75629038e+00 2.97000000e+01 -5.80940352e+00
 3.00000000e+01 0.00000000e+00 3.00000000e+01 3.92956386e+00 3.00000000e+01 -6.04034549e+00
 3.03000000e+01 0.00000000e+00 3.03000000e+01 3.16164238e+00 3.03000000e+01 -6.27000214e+00
 3.06000000e+01 0.00000000e+00 3.06000000e+01 3.24050867e+00 3.06000000e+01 -6.00794057e+00
 3.09000000e+01 0.00000000e+00 3.09000000e+01 3.55530527e+00 3.09000000e+01 -5.75853628e+00
 3.12000000e+01 0.00000000e+00 3.12000000e+01 3.63195363e+00 3.12000000e+01 -6.19129054e+00
 3.15000000e+01 0.00000000e+00 3.15000000e+01 3.09014970e+00 3.15000000e+01 -5.72988290e+00
 3.18000000e+01 0.00000000e+00 3.18000000e+01 3.32923364e+00 3.18000000e+01 -6.27100739e+00
 3.21000000e+01 0.00000000e+00 3.21000000e+01 3.28772631e+00 3.21000000e+01 -6.07719076e+00
 3.24000000e+01 0.00000000e+00 3.24000000e+01 3.37112197e+00 3.24000000e+01 -5.93524259e+00
 3.27000000e+01 0.00000000e+00 3.27000000e+01 3.91451249e+00 3.27000000e+01 -6.60633457e+00
 3.30000000e+01 0.00000000e+00 3.30000000e+01 3.27019806e+00 3.30000000e+01 -6.28471348e+00
 3.33000000e+01 0.00000000e+00 3.33000000e+01 3.31863748e+00 3.33000000e+01 -5.97094207e+00
 3.36000000e+01 0.00000000e+00 3.36000000e+01 3.34630640e+00 3.36000000e+01 -5.87642226e+00
 3.39000000e+01 0.00000000e+00 3.39000000e+01 3.24705860e+00 3.39000000e+01 -6.39175464e+00
 3.42000000e+01 0.00000000e+00 3.42000000e+01 2.47904034e+00 3.42000000e+01 -5.90789773e+00
 3.45000000e+01 0.00000000e+00 3.45000000e+01 3.35577698e+00 3.45000000e+01 -5.96622260e+00
 3.48000000e+01 0.00000000e+00 3.48000000e+01 2.64943324e+00 3.48000000e+01 -6.65975006e+00
 3.51000000e+01 0.00000000e+00 3.51000000e+01 6.78635647e+00 3.51000000e+01 -2.38385878e+00
 3.54000000e+01 0.00000000e+00 3.54000000e+01 7.04984065e+00 3.54000000e+01 -2.39419577e+00
 3.57000000e+01 0.00000000e+00 3.57000000e+01 6.58352911e+00 3.57000000e+01 -2.09920996e+00
 3.60000000e+01 0.00000000e+00 3.60000000e+01 7.11803329e+00 3.60000000e+01 -2.43906913e+00
 3.63000000e+01 0.00000000e+00 3.63000000e+01 7.30928772e+00 3.63000000e+01 -2.34878906e+00
 3.66000000e+01 0.00000000e+00 3.66000000e+01 6.68804671e+00 3.66000000e+01 -2.22093949e+00
 3.69000000e+01 0.00000000e+00 3.69000000e+01 6.71733185e+00 3.69000000e+01 -2.10758822e+00
 3.72000000e+01 0.00000000e+00 3.72000000e+01 6.56892849e+00 3.72000000e+01 -2.30338252e+00
 3.75000000e+01 0.00000000e+00 3.75000000e+01 6.69511607e+00 3.75000000e+01 -2.33342010e+00
 3.78000000e+01 0.00000000e+00 3.78000000e+01 6.82378689e+00 3.78000000e+01 -2.25279971e+00
 3.81000000e+01 0.00000000e+00 3.81000000e+01 6.76696284e+00 3.81000000e+01 -2.12827853e+00
 3.84000000e+01 0.00000000e+00 3.84000000e+01 6.71981285e+00 3.84000000e+01 -2.52642460e+00
 3.87000000e+01 0.00000000e+00 3.87000000e+01 6.84448798e+00 3.87000000e+01 -2.13547436e+00
 3.90000000e+01 0.00000000e+00 3.90000000e+01 6.52376109e+00 3.90000000e+01 -2.43540511e+00
 3.93000000e+01 0.00000000e+00 3.93000000e+01 7.31133351e+00 3.93000000e+01 -2.28680209e+00
 3.96000000e+01 0.00000000e+00 3.96000000e+01 7.37678605e+00 3.96000000e+01 -2.62579626e+00
 3.99000000e+01 0.00000000e+00 3.99000000e+01 6.27472989e+00 3.99000000e+01 -2.44506269e+00
 4.02000000e+01 0.00000000e+00 4.02000000e+01 5.51086190e+00 4.02000000e+01 -2.71225858e+00
 4.05000000e+01 0.00000000e+00 4.05000000e+01 5.57999390e+00 4.05000000e+01 -3.21819109e+00
 4.08000000e+01 0.00000000e+00 4.08000000e+01 5.87490734e+00 4.08000000e+01 -2.85194819e+00
 4.11000000e+01 0.00000000e+00 4.11000000e+01 4.88883539e+00 4.11000000e+01 -3.03272143e+00
 4.14000000e+01 0.00000000e+00 4.14000000e+01 5.99004533e+00 4.14000000e+01 -2.80918033e+00
 4.17000000e+01 0.00000000e+00 4.17000000e+01 5.73195121e+00 4.17000000e+01 -2.71921868e+00
 4.20000000e+01 0.00000000e+00 4.20000000e+01 5.90763515e+00 4.20000000e+01 -3.03255552e+00
 4.23000000e+01 0.00000000e+00 4.23000000e+01 5.73271236e+00 4.23000000e+01 -2.86763685e+00
 4.26000000e+01 0.00000000e+00 4.26000000e+01 5.47933795e+00 4.26000000e+01 -2.39629181e+00
 4.29000000e+01 0.00000000e+00 4.29000000e+01 5.77490939e+00 4.29000000e+01 -2.46529765e+00
 4.32000000e+01 0.00000000e+00 4.32000000e+01 6.13152736e+00 4.32000000e+01 -3.17327391e+00
 4.35000000e+01 0.00000000e+00 4.35000000e+01 5.77029265e+00 4.35000000e+01 -2.45385616e+00
 4.38000000e+01 0.00000000e+00 4.38000000e+01 5.68578772e+00 4.38000000e+01 -2.81828178e+00
 4.41000000e+01 0.00000000e+00 4.41000000e+01 5.82578840e+00 4.41000000e+01 -2.90423156e+00
 4.44000000e+01 0.00000000e+00 4.44000000e+01 5.72509998e+00 4.44000000e+01 -3.45387799e+00
 4.47000000e+01 0.00000000e+00 4.47000000e+01 5.73274640e+00 4.47000000e+01 -2.51056658e+00
 4.50000000e+01 0.00000000e+00 4.50000000e+01 5.31585136e+00 4.50000000e+01 -2.82041684e+00
 4.53000000e+01 0.00000000e+00 4.53000000e+01 5.94011270e+00 4.53000000e+01 -2.78261878e+00
 4.56000000e+01 0.00000000e+00 4.56000000e+01 5.87982785e+00 4.56000000e+01 -3.28199998e+00
 4.59000000e+01 0.00000000e+00 4.59000000e+01 6.13913317e+00 4.59000000e+01 -3.00748936e+00
 4.62000000e+01 0.00000000e+00 4.62000000e+01 5.93253771e+00 4.62000000e+01 -3.00624036e+00
 4.65000000e+01 0.00000000e+00 4.65000000e+01 6.63680623e+00 4.65000000e+01 -2.72129876e+00
 4.68000000e+01 0.00000000e+00 4.68000000e+01 5.92203598e+00 4.68000000e+01 -2.96023539e+00
 4.71000000e+01 0.00000000e+00 4.71000000e+01 5.88668924e+00 4.71000000e+01 -3.13122653e+00
 4.74000000e+01 0.00000000e+00 4.74000000e+01 5.91938056e+00 4.74000000e+01 -3.48096895e+00
 4.77000000e+01 0.00000000e+00 4.77000000e+01 6.02289073e+00 4.77000000e+01 -3.08917879e+00
 4.80000000e+01 0.00000000e+00 4.80000000e+01 6.45850991e+00 4.80000000e+01 -3.03415791e+00
 4.83000000e+01 0.00000000e+00 4.83000000e+01 5.91635091e+00 4.83000000e+01 -2.45490083e+00
 4.86000000e+01 0.00000000e+00 4.86000000e+01 5.53229329e+00 4.86000000e+01 -2.81100680e+00
 4.89000000e+01 0.00000000e+00 4.89000000e+01 5.86045406e+00 4.89000000e+01 -2.40561505e+00
 4.92000000e+01 0.00000000e+00 4.92000000e+01 5.71463119e+00 4.92000000e+01 -2.60712136e+00
 4.95000000e+01 0.00000000e+00 4.95000000e+01 5.40364083e+00 4.95000000e+01 -2.85222210e+00
 4.98000000e+01 0.00000000e+00 4.98000000e+01 5.95753927e+00 4.98000000e+01 -3.31385155e+00
 5.01000000e+01 0.00000000e+00 5.01000000e+01 2.21518759e+00 5.01000000e+01 -2.67583510e+00
 5.04000000e+01 0.00000000e+00 5.04000000e+01 2.17480111e+00 5.04000000e+01 -2.84491006e+00
 5.07000000e+01 0.00000000e+00 5.07000000e+01 1.52585499e+00 5.07000000e+01 -2.73697377e+00
 5.10000000e+01 0.00000000e+00 5.10000000e+01 2.23062619e+00 5.10000000e+01 -2.83415364e+00
 5.13000000e+01 0.00000000e+00 5.13000000e+01 2.46634140e+00 5.13000000e+01 -2.52879199e+00
 5.16000000e+01 0.00000000e+00 5.16000000e+01 2.16973273e+00 5.16000000e+01 -2.48581633e+00
 5.19000000e+01 0.00000000e+00 5.19000000e+01 2.09442690e+00 5.19000000e+01 -2.29296277e+00
 5.22000000e+01 0.00000000e+00 5.22000000e+01 1.94887095e+00 5.22000000e+01 -2.16832899e+00
 5.25000000e+01 0.00000000e+00 5.25000000e+01 1.83268704e+00 5.25000000e+01 -2.64922254e+00
 5.28000000e+01 0.00000000e+00 5.28000000e+01 1.74215646e+00 5.28000000e+01 -2.59853518e+00
 5.31000000e+01 0.00000000e+00 5.31000000e+01 2.28221201e+00 5.31000000e+01 -2.62172673e+00
 5.34000000e+01 0.00000000e+00 5.34000000e+01 2.37141596e+00 5.34000000e+01 -2.56298701e+00
 5.37000000e+01 0.00000000e+00 5.37000000e+01 2.34879763e+00 5.37000000e+01 -2.68907881e+00
 5.40000000e+01 0.00000000e+00 5.40000000e+01 2.12568875e+00 5.40000000e+01 -2.67639354e+00
 5.43000000e+01 0.00000000e+00 5.43000000e+01 1.46514898e+00 5.43000000e+01 -2.58774972e+00
 5.46000000e+01 0.00000000e+00 5.46000000e+01 1.99610607e+00 5.46000000e+01 -2.75684978e+00
 5.49000000e+01 0.00000000e+00 5.49000000e+01 1.64009672e+00 5.49000000e+01 -2.38941175e+00
 5.52000000e+01 0.00000000e+00 5.52000000e+01 6.73161488e+00 5.52000000e+01 -4.55610734e+00
 5.55000000e+01 0.00000000e+00 5.55000000e+01 6.95371613e+00 5.55000000e+01 -5.10473293e+00
 5.58000000e+01 0.00000000e+00 5.58000000e+01 7.16706256e+00 5.58000000e+01 -4.22102711e+00
 5.61000000e+01 0.00000000e+00 5.61000000e+01 6.63607177e+00 5.61000000e+01 -4.49075862e+00
 5.64000000e+01 0.00000000e+00 5.64000000e+01 6.70379458e+00 5.64000000e+01 -4.95461921e+00
 5.67000000e+01 0.00000000e+00 5.67000000e+01 7.06650927e+00 5.67000000e+01 -4.09413782e+00
 5.70000000e+01 0.00000000e+00 5.70000000e+01 6.76088088e+00 5.70000000e+01 -4.64499879e+00
 5.73000000e+01 0.00000000e+00 5.73000000e+01 7.33676468e+00 5.73000000e+01 -4.55276201e+00
 5.76000000e+01 0.00000000e+00 5.76000000e+01 6.83747361e+00 5.76000000e+01 -4.56946283e+00
 5.79000000e+01 0.00000000e+00 5.79000000e+01 6.49184196e+00 5.79000000e+01 -5.00143815e+00
 5.82000000e+01 0.00000000e+00 5.82000000e+01 6.97200806e+00 5.82000000e+01 -4.48502300e+00
 5.85000000e+01 0.00000000e+00 5.85000000e+01 6.79136456e+00 5.85000000e+01 -4.30277544e+00
 5.88000000e+01 0.00000000e+00 5.88000000e+01 6.74033012e+00 5.88000000e+01 -4.67493579e+00
 5.91000000e+01 0.00000000e+00 5.91000000e+01 6.76843579e+00 5.91000000e+01 -4.37784826e+00
 5.94000000e+01 0.00000000e+00 5.94000000e+01 7.52383381e+00 5.94000000e+01 -4.84823784e+00
 5.97000000e+01 0.00000000e+00 5.97000000e+01 6.60641272e+00 5.97000000e+01 -4.42509685e+00
