 0.00000000e+00 0.00000000e+00 0.00000000e+00 6.86073936e+00 0.00000000e+00 -4.41453798e+00
 3.00000000e-01 0.00000000e+00 3.00000000e-01 8.12945991e+00 3.00000000e-01 -4.47595745e+00
 6.00000000e-01 0.00000000e+00 6.00000000e-01 6.87355043e+00 6.00000000e-01 -4.39243964e+00
 9.00000000e-01 0.00000000e+00 9.00000000e-01 7.84338195e+00 9.00000000e-01 -4.71319263e+00
 1.20000000e+00 0.00000000e+00 1.20000000e+00 7.73326713e+00 1.20000000e+00 -4.14104889e+00
 1.50000000e+00 0.00000000e+00 1.50000000e+00 7.43184628e+00 1.50000000e+00 -4.89758711e+00
 1.80000000e+00 0.00000000e+00 1.80000000e+00 7.77694152e+00 1.80000000e+00 -4.62186735e+00
 2.10000000e+00 0.00000000e+00 2.10000000e+00 7.77576151e+00 2.10000000e+00 -4.77932581e+00
 2.40000000e+00 0.00000000e+00 2.40000000e+00 7.48018237e+00 2.40000000e+00 -5.80783537e+00
 2.70000000e+00 0.00000000e+00 2.70000000e+00 7.70004918e+00 2.70000000e+00 -4.87413656e+00
 3.00000000e+00 0.00000000e+00 3.00000000e+00 7.30599846e+00 3.00000000e+00 -5.01661442e+00
 3.30000000e+00 0.00000000e+00 3.30000000e+00 7.62158356e+00 3.30000000e+00 -4.50351924e+00
 3.60000000e+00 0.00000000e+00 3.60000000e+00 8.17772947e+00 3.60000000e+00 -4.39494678e+00
 3.90000000e+00 0.00000000e+00 3.90000000e+00 7.48689838e+00 3.90000000e+00 -3.97080422e+00
 4.20000000e+00 0.00000000e+00 4.20000000e+00 7.67771245e+00 4.20000000e+00 -4.74742970e+00
 4.50000000e+00 0.00000000e+00 4.50000000e+00 7.66973114e+00 4.50000000e+00 -5.51287836e+00
 4.80000000e+00 0.00000000e+00 4.80000000e+00 8.08716714e+00 4.80000000e+00 -4.95260944e+00
 5.10000000e+00 0.00000000e+00 5.10000000e+00 7.94770539e+00 5.10000000e+00 -4.75576645e+00
 5.40000000e+00 0.00000000e+00 5.40000000e+00 7.14506137e+00 5.40000000e+00 -5.20631423e+00
 5.70000000e+00 0.00000000e+00 5.70000000e+00 7.40023857e+00 5.70000000e+00 -4.77840693e+00
 6.00000000e+00 0.00000000e+00 6.00000000e+00 7.25408166e+00 6.00000000e+00 -4.24863642e+00
 6.30000000e+00 0.00000000e+00 6.30000000e+00 7.73250149e+00 6.30000000e+00 -5.06797099e+00
 6.60000000e+00 0.00000000e+00 6.60000000e+00 7.78617282e+00 6.60000000e+00 -4.92768493e+00
 6.90000000e+00 0.00000000e+00 6.90000000e+00 7.68959913e+00 6.90000000e+00 -4.82647521e+00
 7.20000000e+00 0.00000000e+00 7.20000000e+00 7.59407898e+00 7.20000000e+00 -4.71773713e+00
 7.50000000e+00 0.00000000e+00 7.50000000e+00 7.36689742e+00 7.50000000e+00 -4.59421054e+00
 7.80000000e+00 0.00000000e+00 7.80000000e+00 8.14321841e+00 7.80000000e+00 -4.23556313e+00
 8.10000000e+00 0.00000000e+00 8.10000000e+00 7.86073864e+00 8.10000000e+00 -4.42430947e+00
 8.40000000e+00 0.00000000e+00 8.40000000e+00 7.63357244e+00 8.40000000e+00 -4.67580584e+00
 8.70000000e+00 0.00000000e+00 8.70000000e+00 7.37228264e+00 8.70000000e+00 -4.70017876e+00
 9.00000000e+00 0.00000000e+00 9.00000000e+00 7.65191682e+00 9.00000000e+00 -4.13089855e+00
 9.30000000e+00 0.00000000e+00 9.30000000e+00 7.65752039e+00 9.30000000e+00 -4.76381929e+00
 9.60000000e+00 0.00000000e+00 9.60000000e+00 7.24663317e+00 9.60000000e+00 -4.87119044e+00
 9.90000000e+00 0.00000000e+00 9.90000000e+00 8.07216977e+00 9.90000000e+00 -5.14200277e+00
 1.02000000e+01 0.00000000e+00 1.02000000e+01 7.30552447e+00 1.02000000e+01 -4.77462074e+00
 1.05000000e+01 0.00000000e+00 1.05000000e+01 7.94041714e+00 1.05000000e+01 -4.58683481e+00
 1.08000000e+01 0.00000000e+00 1.08000000e+01 7.52419966e+00 1.08000000e+01 -4.80942660e+00
 1.11000000e+01 0.00000000e+00 1.11000000e+01 8.05262597e+00 1.11000000e+01 -5.15758665e+00
 1.14000000e+01 0.00000000e+00 1.14000000e+01 7.81016732e+00 1.14000000e+01 -4.52701300e+00
 1.17000000e+01 0.00000000e+00 1.17000000e+01 7.86517870e+00 1.17000000e+01 -4.67620184e+00
 1.20000000e+01 0.00000000e+00 1.20000000e+01 8.17011042e+00 1.20000000e+01 -4.76353976e+00
 1.23000000e+01 0.00000000e+00 1.23000000e+01 7.87889164e+00 1.23000000e+01 -4.23651929e+00
 1.26000000e+01 0.00000000e+00 1.26000000e+01 7.66721669e+00 1.26000000e+01 -5.05961861e+00
 1.29000000e+01 0.00000000e+00 1.29000000e+01 7.48971591e+00 1.29000000e+01 -4.50079608e+00
 1.32000000e+01 0.00000000e+00 1.32000000e+01 7.87445351e+00 1.32000000e+01 -5.33424712e+00
 1.35000000e+01 0.00000000e+00 1.35000000e+01 7.28709502e+00 1.35000000e+01 -4.10639870e+00
 1.38000000e+01 0.00000000e+00 1.38000000e+01 7.63764968e+00 1.38000000e+01 -4.68942809e+00
 1.41000000e+01 0.00000000e+00 1.41000000e+01 8.21648838e+00 1.41000000e+01 -4.49673590e+00
 1.44000000e+01 0.00000000e+00 1.44000000e+01 7.21749426e+00 1.44000000e+01 -3.90805641e+00
 1.47000000e+01 0.00000000e+00 1.47000000e+01 7.42222239e+00 1.47000000e+01 -4.79326784e+00
 1.50000000e+01 0.00000000e+00 1.50000000e+01 7.37223463e+00 1.50000000e+01 -4.88314440e+00
 1.53000000e+01 0.00000000e+00 1.53000000e+01 1.85865073e+00 1.53000000e+01 -4.35809470e+00
 1.56000000e+01 0.00000000e+00 1.56000000e+01 2.06632133e+00 1.56000000e+01 -4.61562955e+00
 1.59000000e+01 0.00000000e+00 1.59000000e+01 1.96455018e+00 1.59000000e+01 -4.76949335e+00
 1.62000000e+01 0.00000000e+00 1.62000000e+01 1.75669595e+00 1.62000000e+01 -4.84292597e+00
 1.65000000e+01 0.00000000e+00 1.65000000e+01 1.75588604e+00 1.65000000e+01 -4.88744745e+00
 1.68000000e+01 0.00000000e+00 1.68000000e+01 1.73297113e+00 1.68000000e+01 -4.16458797e+00
 1.71000000e+01 0.00000000e+00 1.71000000e+01 1.98130714e+00 1.71000000e+01 -4.65505962e+00
 1.74000000e+01 0.00000000e+00 1.74000000e+01 1.86311332e+00 1.74000000e+01 -5.09446082e+00
 1.77000000e+01 0.00000000e+00 1.77000000e+01 1.76929185e+00 1.77000000e+01 -4.59748585e+00
 1.80000000e+01 0.00000000e+00 1.80000000e+01 2.27758135e+00 1.80000000e+01 -4.62649609e+00
 1.83000000e+01 0.00000000e+00 1.83000000e+01 1.81217371e+00 1.83000000e+01 -4.17932920e+00
 1.86000000e+01 0.00000000e+00 1.86000000e+01 1.59305980e+00 1.86000000e+01 -4.57715464e+00
 1.89000000e+01 0.00000000e+00 1.89000000e+01 1.93995050e+00 1.89000000e+01 -5.04482939e+00
 1.92000000e+01 0.00000000e+00 1.92000000e+01 1.64317810e+00 1.92000000e+01 -4.56065412e+00
 1.95000000e+01 0.00000000e+00 1.95000000e+01 1.99654047e+00 1.95000000e+01 -5.36700965e+00
 1.98000000e+01 0.00000000e+00 1.98000000e+01 2.15030462e+00 1.98000000e+01 -4.82743922e+00
 2.01000000e+01 0.00000000e+00 2.01000000e+01 1.66689162e+00 2.01000000e+01 -4.97758715e+00
 2.04000000e+01 0.00000000e+00 2.04000000e+01 1.56748592e+00 2.04000000e+01 -4.93220916e+00
 2.07000000e+01 0.00000000e+00 2.07000000e+01 1.67856448e+00 2.07000000e+01 -4.59065990e+00
 2.10000000e+01 0.00000000e+00 2.10000000e+01 1.96638875e+00 2.10000000e+01 -5.05338854e+00
 2.13000000e+01 0.00000000e+00 2.13000000e+01 1.47828446e+00 2.13000000e+01 -4.89002391e+00
 2.16000000e+01 0.00000000e+00 2.16000000e+01 2.14836786e+00 2.16000000e+01 -4.61416799e+00
 2.19000000e+01 0.00000000e+00 2.19000000e+01 1.92875269e+00 2.19000000e+01 -4.91200960e+00
 2.22000000e+01 0.00000000e+00 2.22000000e+01 2.07991234e+00 2.22000000e+01 -4.70788889e+00
 2.25000000e+01 0.00000000e+00 2.25000000e+01 1.90151222e+00 2.25000000e+01 -5.37326201e+00
 2.28000000e+01 0.00000000e+00 2.28000000e+01 1.96511669e+00 2.28000000e+01 -5.16864565e+00
 2.31000000e+01 0.00000000e+00 2.31000000e+01 2.52772839e+00 2.31000000e+01 -4.24506216e+00
 2.34000000e+01 0.00000000e+00 2.34000000e+01 1.88856070e+00 2.34000000e+01 -4.72939698e+00
 2.37000000e+01 0.00000000e+00 2.37000000e+01 1.97165252e+00 2.37000000e+01 -4.97455273e+00
 2.40000000e+01 0.00000000e+00 2.40000000e+01 1.52574335e+00 2.40000000e+01 -4.89509927e+00
 2.43000000e+01 0.00000000e+00 2.43000000e+01 2.23992183e+00 2.43000000e+01 -4.91333626e+00
 2.46000000e+01 0.00000000e+00 2.46000000e+01 2.01443894e+00 2.46000000e+01 -4.96953950e+00
 2.49000000e+01 0.00000000e+00 2.49000000e+01 1.72852226e+00 2.49000000e+01 -5.23916310e+00
 2.52000000e+01 0.00000000e+00 2.52000000e+01 2.31481291e+00 2.52000000e+01 -5.83350792e+00
 2.55000000e+01 0.00000000e+00 2.55000000e+01 1.90959057e+00 2.55000000e+01 -5.67661297e+00
 2.58000000e+01 0.00000000e+00 2.58000000e+01 1.84204841e+00 2.58000000e+01 -5.18644690e+00
 2.61000000e+01 0.00000000e+00 2.61000000e+01 2.17093543e+00 2.61000000e+01 -5.52980303e+00
 2.64000000e+01 0.00000000e+00 2.64000000e+01 1.76159571e+00 2.64000000e+01 -5.10859917e+00
 2.67000000e+01 0.00000000e+00 2.67000000e+01 2.06186453e+00 2.67000000e+01 -6.17124800e+00
 2.70000000e+01 0.00000000e+00 2.70000000e+01 1.85534755e+00 2.70000000e+01 -5.17277597e+00
 2.73000000e+01 0.00000000e+00 2.73000000e+01 2.20973840e+00 2.73000000e+01 -5.49387541e+00
 2.76000000e+01 0.00000000e+00 2.76000000e+01 1.73934146e+00 2.76000000e+01 -4.60198918e+00
 2.79000000e+01 0.00000000e+00 2.79000000e+01 1.50568382e+00 2.79000000e+01 -5.40277925e+00
 2.82000000e+01 0.00000000e+00 2.82000000e+01 2.21624188e+00 2.82000000e+01 -5.15360708e+00
 2.85000000e+01 0.00000000e+00 2.85000000e+01 1.94282310e+00 2.85000000e+01 -5.36570046e+00
 2.88000000e+01 0.00000000e+00 2.88000000e+01 2.60627388e+00 2.88000000e+01 -5.46725660e+00
 2.91000000e+01 0.00000000e+00 2.91000000e+01 2.47898568e+00 2.91000000e+01 -4.99406273e+00
 2.94000000e+01 0.00000000e+00 2.94000000e+01 1.61051588e+00 2.94000000e+01 -4.95836927e+00
 2.97000000e+01 0.00000000e+00 2.97000000e+01 1.87170497e+00 2.97000000e+01 -4.89639303e+00
 3.00000000e+01 0.00000000e+00 3.00000000e+01 2.27465483e+00 3.00000000e+01 -5.50478912e+00
 3.03000000e+01 0.00000000e+00 3.03000000e+01 2.47138052e+00 3.03000000e+01 -5.08308157e+00
 3.06000000e+01 0.00000000e+00 3.06000000e+01 2.12287972e+00 3.06000000e+01 -5.38879532e+00
 3.09000000e+01 0.00000000e+00 3.09000000e+01 1.89450094e+00 3.09000000e+01 -5.14957851e+00
 3.12000000e+01 0.00000000e+00 3.12000000e+01 2.65355434e+00 3.12000000e+01 -5.43307549e+00
 3.15000000e+01 0.00000000e+00 3.15000000e+01 2.59352885e+00 3.15000000e+01 -5.37912375e+00
 3.18000000e+01 0.00000000e+00 3.18000000e+01 1.91992646e+00 3.18000000e+01 -5.72123155e+00
 3.21000000e+01 0.00000000e+00 3.21000000e+01 1.91306140e+00 3.21000000e+01 -5.47781855e+00
 3.24000000e+01 0.00000000e+00 3.24000000e+01 2.27051230e+00 3.24000000e+01 -6.11467530e+00
 3.27000000e+01 0.00000000e+00 3.27000000e+01 2.10978229e+00 3.27000000e+01 -5.01308959e+00
 3.30000000e+01 0.00000000e+00 3.30000000e+01 1.70019794e+00 3.30000000e+01 -4.66463805e+00
 3.33000000e+01 0.00000000e+00 3.33000000e+01 2.30547829e+00 3.33000000e+01 -4.94683530e+00
 3.36000000e+01 0.00000000e+00 3.36000000e+01 1.91937874e+00 3.36000000e+01 -5.24189063e+00
 3.39000000e+01 0.00000000e+00 3.39000000e+01 1.59921176e+00 3.39000000e+01 -5.28035285e+00
 3.42000000e+01 0.00000000e+00 3.42000000e+01 2.02163071e+00 3.42000000e+01 -5.71080697e+00
 3.45000000e+01 0.00000000e+00 3.45000000e+01 2.06921808e+00 3.45000000e+01 -5.64776526e+00
 3.48000000e+01 0.00000000e+00 3.48000000e+01 1.55640845e+00 3.48000000e+01 -5.50534074e+00
 3.51000000e+01 0.00000000e+00 3.51000000e+01 4.79058907e+00 3.51000000e+01 7.05880041e-02
 3.54000000e+01 0.00000000e+00 3.54000000e+01 4.69206623e+00 3.54000000e+01 3.14032100e-01
 3.57000000e+01 0.00000000e+00 3.57000000e+01 4.53136806e+00 3.57000000e+01 -5.33434846e-01
 3.60000000e+01 0.00000000e+00 3.60000000e+01 4.78871421e+00 3.60000000e+01 -1.71483508e-01
 3.63000000e+01 0.00000000e+00 3.63000000e+01 5.16886032e+00 3.63000000e+01 -3.86010388e-01
 3.66000000e+01 0.00000000e+00 3.66000000e+01 4.81004558e+00 3.66000000e+01 -5.71143558e-01
 3.69000000e+01 0.00000000e+00 3.69000000e+01 4.62099192e+00 3.69000000e+01 -1.92016441e-01
 3.72000000e+01 0.00000000e+00 3.72000000e+01 4.78732141e+00 3.72000000e+01 -5.29050528e-01
 3.75000000e+01 0.00000000e+00 3.75000000e+01 5.30340498e+00 3.75000000e+01 -6.71781687e-01
 3.78000000e+01 0.00000000e+00 3.78000000e+01 4.70903237e+00 3.78000000e+01 -3.37914763e-01
 3.81000000e+01 0.00000000e+00 3.81000000e+01 5.26346598e+00 3.81000000e+01 -1.64576299e-02
 3.84000000e+01 0.00000000e+00 3.84000000e+01 4.73333771e+00 3.84000000e+01 -5.14564256e-01
 3.87000000e+01 0.00000000e+00 3.87000000e+01 4.62433528e+00 3.87000000e+01 -5.84843529e-01
 3.90000000e+01 0.00000000e+00 3.90000000e+01 5.07627068e+00 3.90000000e+01 -3.93877806e-01
 3.93000000e+01 0.00000000e+00 3.93000000e+01 4.40102953e+00 3.93000000e+01 -3.91618973e-01
 3.96000000e+01 0.00000000e+00 3.96000000e+01 4.59226350e+00 3.96000000e+01 1.41346034e-01
 3.99000000e+01 0.00000000e+00 3.99000000e+01 5.29191265e+00 3.99000000e+01 -5.75452261e-02
 4.02000000e+01 0.00000000e+00 4.02000000e+01 4.35029041e+00 4.02000000e+01 -2.87843937e+00
 4.05000000e+01 0.00000000e+00 4.05000000e+01 3.84877584e+00 4.05000000e+01 -2.47664825e+00
 4.08000000e+01 0.00000000e+00 4.08000000e+01 3.67089748e+00 4.08000000e+01 -2.73697464e+00
 4.11000000e+01 0.00000000e+00 4.11000000e+01 3.41149738e+00 4.11000000e+01 -3.31716797e+00
 4.14000000e+01 0.00000000e+00 4.14000000e+01 3.72995537e+00 4.14000000e+01 -3.59048724e+00
 4.17000000e+01 0.00000000e+00 4.17000000e+01 3.63189738e+00 4.17000000e+01 -2.67985124e+00
 4.20000000e+01 0.00000000e+00 4.20000000e+01 3.74802460e+00 4.20000000e+01 -3.26786841e+00
 4.23000000e+01 0.00000000e+00 4.23000000e+01 4.09550387e+00 4.23000000e+01 -2.64356444e+00
 4.26000000e+01 0.00000000e+00 4.26000000e+01 3.80647070e+00 4.26000000e+01 -3.18092937e+00
 4.29000000e+01 0.00000000e+00 4.29000000e+01 4.08473402e+00 4.29000000e+01 -3.07976025e+00
 4.32000000e+01 0.00000000e+00 4.32000000e+01 3.74901246e+00 4.32000000e+01 -2.69738847e+00
 4.35000000e+01 0.00000000e+00 4.35000000e+01 3.91776450e+00 4.35000000e+01 -2.42867428e+00
 4.38000000e+01 0.00000000e+00 4.38000000e+01 4.41212082e+00 4.38000000e+01 -2.64444370e+00
 4.41000000e+01 0.00000000e+00 4.41000000e+01 4.47803567e+00 4.41000000e+01 -2.34206206e+00
 4.44000000e+01 0.00000000e+00 4.44000000e+01 3.39718269e+00 4.44000000e+01 -2.98535565e+00
 4.47000000e+01 0.00000000e+00 4.47000000e+01 4.44447329e+00 4.47000000e+01 -2.55441066e+00
 4.50000000e+01 0.00000000e+00 4.50000000e+01 3.96268647e+00 4.50000000e+01 -3.01358421e+00
 4.53000000e+01 0.00000000e+00 4.53000000e+01 4.21378439e+00 4.53000000e+01 -2.84470585e+00
 4.56000000e+01 0.00000000e+00 4.56000000e+01 4.27007194e+00 4.56000000e+01 -3.23029149e+00
 4.59000000e+01 0.00000000e+00 4.59000000e+01 3.59720677e+00 4.59000000e+01 -2.99912006e+00
 4.62000000e+01 0.00000000e+00 4.62000000e+01 3.59394493e+00 4.62000000e+01 -2.32489586e+00
 4.65000000e+01 0.00000000e+00 4.65000000e+01 4.33988710e+00 4.65000000e+01 -2.84471337e+00
 4.68000000e+01 0.00000000e+00 4.68000000e+01 4.14496504e+00 4.68000000e+01 -3.03969874e+00
 4.71000000e+01 0.00000000e+00 4.71000000e+01 4.43651136e+00 4.71000000e+01 -2.98175279e+00
 4.74000000e+01 0.00000000e+00 4.74000000e+01 3.59174069e+00 4.74000000e+01 -2.51825581e+00
 4.77000000e+01 0.00000000e+00 4.77000000e+01 3.55683446e+00 4.77000000e+01 -3.27684863e+00
 4.80000000e+01 0.00000000e+00 4.80000000e+01 3.69580062e+00 4.80000000e+01 -3.05271760e+00
 4.83000000e+01 0.00000000e+00 4.83000000e+01 3.82296279e+00 4.83000000e+01 -3.10014585e+00
 4.86000000e+01 0.00000000e+00 4.86000000e+01 3.46322797e+00 4.86000000e+01 -2.08851368e+00
 4.89000000e+01 0.00000000e+00 4.89000000e+01 4.07381121e+00 4.89000000e+01 -3.20541944e+00
 4.92000000e+01 0.00000000e+00 4.92000000e+01 3.99078908e+00 4.92000000e+01 -3.04921485e+00
 4.95000000e+01 0.00000000e+00 4.95000000e+01 4.53462319e+00 4.95000000e+01 -3.65377832e+00
 4.98000000e+01 0.00000000e+00 4.98000000e+01 4.44650827e+00 4.98000000e+01 -3.01855729e+00
 5.01000000e+01 0.00000000e+00 5.01000000e+01 2.50359943e+00 5.01000000e+01 -4.53046388e+00
 5.04000000e+01 0.00000000e+00 5.04000000e+01 2.48411365e+00 5.04000000e+01 -4.86065333e+00
 5.07000000e+01 0.00000000e+00 5.07000000e+01 2.32424964e+00 5.07000000e+01 -4.71943428e+00
 5.10000000e+01 0.00000000e+00 5.10000000e+01 2.77050857e+00 5.10000000e+01 -4.95016781e+00
 5.13000000e+01 0.00000000e+00 5.13000000e+01 2.79536220e+00 5.13000000e+01 -5.57956831e+00
 5.16000000e+01 0.00000000e+00 5.16000000e+01 2.91515653e+00 5.16000000e+01 -5.22422783e+00
 5.19000000e+01 0.00000000e+00 5.19000000e+01 3.31091650e+00 5.19000000e+01 -4.53823471e+00
 5.22000000e+01 0.00000000e+00 5.22000000e+01 2.65894271e+00 5.22000000e+01 -5.47630226e+00
 5.25000000e+01 0.00000000e+00 5.25000000e+01 2.14982230e+00 5.25000000e+01 -4.91240986e+00
 5.28000000e+01 0.00000000e+00 5.28000000e+01 2.95168306e+00 5.28000000e+01 -5.35740235e+00
 5.31000000e+01 0.00000000e+00 5.31000000e+01 2.74799552e+00 5.31000000e+01 -4.97806998e+00
 5.34000000e+01 0.00000000e+00 5.34000000e+01 3.05595441e+00 5.34000000e+01 -4.22949083e+00
 5.37000000e+01 0.00000000e+00 5.37000000e+01 2.49736792e+00 5.37000000e+01 -4.80498135e+00
 5.40000000e+01 0.00000000e+00 5.40000000e+01 2.40091720e+00 5.40000000e+01 -4.65356958e+00
 5.43000000e+01 0.00000000e+00 5.43000000e+01 3.05442735e+00 5.43000000e+01 -4.28220698e+00
 5.46000000e+01 0.00000000e+00 5.46000000e+01 2.52449861e+00 5.46000000e+01 -4.17769297e+00
 5.49000000e+01 0.00000000e+00 5.49000000e+01 3.07203389e+00 5.49000000e+01 -5.39915946e+00
 5.52000000e+01 0.00000000e+00 5.52000000e+01 7.79125791e+00 5.52000000e+01 -4.29459527e+00
 5.55000000e+01 0.00000000e+00 5.55000000e+01 7.26918863e+00 5.55000000e+01 -4.18482399e+00
 5.58000000e+01 0.00000000e+00 5.58000000e+01 7.72262003e+00 5.58000000e+01 -4.25864088e+00
 5.61000000e+01 0.00000000e+00 5.61000000e+01 7.23028399e+00 5.61000000e+01 -4.14453254e+00
 5.64000000e+01 0.00000000e+00 5.64000000e+01 8.02808148e+00 5.64000000e+01 -4.88419087e+00
 5.67000000e+01 0.00000000e+00 5.67000000e+01 8.14513799e+00 5.67000000e+01 -4.92351941e+00
 5.70000000e+01 0.00000000e+00 5.70000000e+01 8.26425006e+00 5.70000000e+01 -4.39229702e+00
 5.73000000e+01 0.00000000e+00 5.73000000e+01 7.53779423e+00 5.73000000e+01 -4.98574895e+00
 5.76000000e+01 0.00000000e+00 5.76000000e+01 7.95259238e+00 5.76000000e+01 -4.79492105e+00
 5.79000000e+01 0.00000000e+00 5.79000000e+01 7.80230593e+00 5.79000000e+01 -4.69407809e+00
 5.82000000e+01 0.00000000e+00 5.82000000e+01 8.04849833e+00 5.82000000e+01 -4.72048396e+00
 5.85000000e+01 0.00000000e+00 5.85000000e+01 7.77493861e+00 5.85000000e+01 -4.12762524e+00
 5.88000000e+01 0.00000000e+00 5.88000000e+01 7.96760508e+00 5.88000000e+01 -4.84520272e+00
 5.91000000e+01 0.00000000e+00 5.91000000e+01 7.88211992e+00 5.91000000e+01 -4.61355568e+00
 5.94000000e+01 0.00000000e+00 5.94000000e+01 7.34895238e+00 5.94000000e+01 -4.21827241e+00
 5.97000000e+01 0.00000000e+00 5.97000000e+01 8.13467100e+00 5.97000000e+01 -4.39949320e+00
