 0.00000000e+00 0.00000000e+00 0.00000000e+00 5.75782954e+00 0.00000000e+00 -5.05554120e+00
 3.00000000e-01 0.00000000e+00 3.00000000e-01 5.65257336e+00 3.00000000e-01 -5.52718544e+00
 6.00000000e-01 0.00000000e+00 6.00000000e-01 5.76185538e+00 6.00000000e-01 -5.20160179e+00
 9.00000000e-01 0.00000000e+00 9.00000000e-01 5.45355079e+00 9.00000000e-01 -6.02859803e+00
 1.20000000e+00 0.00000000e+00 1.20000000e+00 6.04196409e+00 1.20000000e+00 -5.12560955e+00
 1.50000000e+00 0.00000000e+00 1.50000000e+00 6.32220968e+00 1.50000000e+00 -5.48823199e+00
 1.80000000e+00 0.00000000e+00 1.80000000e+00 5.11035663e+00 1.80000000e+00 -5.23695711e+00
 2.10000000e+00 0.00000000e+00 2.10000000e+00 5.55851398e+00 2.10000000e+00 -6.06931719e+00
 2.40000000e+00 0.00000000e+00 2.40000000e+00 5.75140198e+00 2.40000000e+00 -4.99990523e+00
 2.70000000e+00 0.00000000e+00 2.70000000e+00 5.55684918e+00 2.70000000e+00 -5.19766581e+00
 3.00000000e+00 0.00000000e+00 3.00000000e+00 5.89592721e+00 3.00000000e+00 -5.31065294e+00
 3.30000000e+00 0.00000000e+00 3.30000000e+00 5.50749125e+00 3.30000000e+00 -4.77402278e+00
 3.60000000e+00 0.00000000e+00 3.60000000e+00 5.09052671e+00 3.60000000e+00 -5.07965991e+00
 3.90000000e+00 0.00000000e+00 3.90000000e+00 6.18868291e+00 3.90000000e+00 -5.50668860e+00
 4.20000000e+00 0.00000000e+00 4.20000000e+00 5.61731055e+00 4.20000000e+00 -5.27926100e+00
 4.50000000e+00 0.00000000e+00 4.50000000e+00 6.11780401e+00 4.50000000e+00 -5.02067940e+00
 4.80000000e+00 0.00000000e+00 4.80000000e+00 5.82939344e+00 4.80000000e+00 -5.48343294e+00
 5.10000000e+00 0.00000000e+00 5.10000000e+00 5.14585693e+00 5.10000000e+00 -5.55787986e+00
 5.40000000e+00 0.00000000e+00 5.40000000e+00 5.49803544e+00 5.40000000e+00 -5.86736302e+00
 5.70000000e+00 0.00000000e+00 5.70000000e+00 5.27210921e+00 5.70000000e+00 -5.29648949e+00
 6.00000000e+00 0.00000000e+00 6.00000000e+00 5.15843439e+00 6.00000000e+00 -5.11345709e+00
 6.30000000e+00 0.00000000e+00 6.30000000e+00 5.51827995e+00 6.30000000e+00 -5.79882483e+00
 6.60000000e+00 0.00000000e+00 6.60000000e+00 6.01577775e+00 6.60000000e+00 -5.29195295e+00
 6.90000000e+00 0.00000000e+00 6.90000000e+00 5.43319108e+00 6.90000000e+00 -4.85018615e+00
 7.20000000e+00 0.00000000e+00 7.20000000e+00 5.62540821e+00 7.20000000e+00 -5.74346155e+00
 7.50000000e+00 0.00000000e+00 7.50000000e+00 5.73662389e+00 7.50000000e+00 -5.37286849e+00
 7.80000000e+00 0.00000000e+00 7.80000000e+00 6.17272833e+00 7.80000000e+00 -5.29657560e+00
 8.10000000e+00 0.00000000e+00 8.10000000e+00 5.74121897e+00 8.10000000e+00 -5.64410755e+00
 8.40000000e+00 0.00000000e+00 8.40000000e+00 5.32087895e+00 8.40000000e+00 -5.46605993e+00
 8.70000000e+00 0.00000000e+00 8.70000000e+00 5.57046920e+00 8.70000000e+00 -5.59363401e+00
 9.00000000e+00 0.00000000e+00 9.00000000e+00 6.52802852e+00 9.00000000e+00 -5.86750478e+00
 9.30000000e+00 0.00000000e+00 9.30000000e+00 5.63248940e+00 9.30000000e+00 -5.69032151e+00
 9.60000000e+00 0.00000000e+00 9.60000000e+00 6.57424469e+00 9.60000000e+00 -5.47358854e+00
 9.90000000e+00 0.00000000e+00 9.90000000e+00 5.93744046e+00 9.90000000e+00 -4.72671678e+00
 1.02000000e+01 0.00000000e+00 1.02000000e+01 5.30015744e+00 1.02000000e+01 -5.47331960e+00
 1.05000000e+01 0.00000000e+00 1.05000000e+01 6.22982621e+00 1.05000000e+01 -5.61512035e+00
 1.08000000e+01 0.00000000e+00 1.08000000e+01 5.48970525e+00 1.08000000e+01 -4.94605163e+00
 1.11000000e+01 0.00000000e+00 1.11000000e+01 5.76657036e+00 1.11000000e+01 -5.40886992e+00
 1.14000000e+01 0.00000000e+00 1.14000000e+01 6.48324984e+00 1.14000000e+01 -5.66924840e+00
 1.17000000e+01 0.00000000e+00 1.17000000e+01 5.38156530e+00 1.17000000e+01 -5.73784157e+00
 1.20000000e+01 0.00000000e+00 1.20000000e+01 5.82131595e+00 1.20000000e+01 -6.35693137e+00
 1.23000000e+01 0.00000000e+00 1.23000000e+01 6.42339235e+00 1.23000000e+01 -5.37310803e+00
 1.26000000e+01 0.00000000e+00 1.26000000e+01 5.73396688e+00 1.26000000e+01 -4.76627089e+00
 1.29000000e+01 0.00000000e+00 1.29000000e+01 5.78781261e+00 1.29000000e+01 -5.35065461e+00
 1.32000000e+01 0.00000000e+00 1.32000000e+01 5.60199060e+00 1.32000000e+01 -5.40252207e+00
 1.35000000e+01 0.00000000e+00 1.35000000e+01 5.78687795e+00 1.35000000e+01 -5.63015368e+00
 1.38000000e+01 0.00000000e+00 1.38000000e+01 5.71128607e+00 1.38000000e+01 -5.17746173e+00
 1.41000000e+01 0.00000000e+00 1.41000000e+01 5.44977392e+00 1.41000000e+01 -4.89025878e+00
 1.44000000e+01 0.00000000e+00 1.44000000e+01 5.58023707e+00 1.44000000e+01 -4.51516682e+00
 1.47000000e+01 0.00000000e+00 1.47000000e+01 6.08568402e+00 1.47000000e+01 -5.40733541e+00
 1.50000000e+01 0.00000000e+00 1.50000000e+01 5.52891430e+00 1.50000000e+01 -5.47099841e+00
 1.53000000e+01 0.00000000e+00 1.53000000e+01 1.74287075e+00 1.53000000e+01 -5.71912610e+00
 1.56000000e+01 0.00000000e+00 1.56000000e+01 1.95792544e+00 1.56000000e+01 -5.86178731e+00
 1.59000000e+01 0.00000000e+00 1.59000000e+01 2.37183562e+00 1.59000000e+01 -5.61239550e+00
 1.62000000e+01 0.00000000e+00 1.62000000e+01 2.14923284e+00 1.62000000e+01 -5.14144873e+00
 1.65000000e+01 0.00000000e+00 1.65000000e+01 1.46876626e+00 1.65000000e+01 -5.42739571e+00
 1.68000000e+01 0.00000000e+00 1.68000000e+01 1.61261300e+00 1.68000000e+01 -5.71537189e+00
 1.71000000e+01 0.00000000e+00 1.71000000e+01 2.09052612e+00 1.71000000e+01 -5.92853874e+00
 1.74000000e+01 0.00000000e+00 1.74000000e+01 1.87500273e+00 1.74000000e+01 -5.66792814e+00
 1.77000000e+01 0.00000000e+00 1.77000000e+01 1.35620272e+00 1.77000000e+01 -5.38757935e+00
 1.80000000e+01 0.00000000e+00 1.80000000e+01 1.71988947e+00 1.80000000e+01 -6.14654069e+00
 1.83000000e+01 0.00000000e+00 1.83000000e+01 1.94099998e+00 1.83000000e+01 -5.59479242e+00
 1.86000000e+01 0.00000000e+00 1.86000000e+01 1.64174350e+00 1.86000000e+01 -5.81458255e+00
 1.89000000e+01 0.00000000e+00 1.89000000e+01 1.45164511e+00 1.89000000e+01 -5.82373822e+00
 1.92000000e+01 0.00000000e+00 1.92000000e+01 2.02954734e+00 1.92000000e+01 -5.59267842e+00
 1.95000000e+01 0.00000000e+00 1.95000000e+01 1.05542287e+00 1.95000000e+01 -5.50998554e+00
 1.98000000e+01 0.00000000e+00 1.98000000e+01 2.06218959e+00 1.98000000e+01 -5.21007670e+00
 2.01000000e+01 0.00000000e+00 2.01000000e+01 1.95004499e+00 2.01000000e+01 -5.29771992e+00
 2.04000000e+01 0.00000000e+00 2.04000000e+01 1.87472226e+00 2.04000000e+01 -5.78665147e+00
 2.07000000e+01 0.00000000e+00 2.07000000e+01 1.38551906e+00 2.07000000e+01 -5.17908983e+00
 2.10000000e+01 0.00000000e+00 2.10000000e+01 2.30496183e+00 2.10000000e+01 -5.56547031e+00
 2.13000000e+01 0.00000000e+00 2.13000000e+01 2.05732023e+00 2.13000000e+01 -5.29339364e+00
 2.16000000e+01 0.00000000e+00 2.16000000e+01 2.40024456e+00 2.16000000e+01 -5.71743568e+00
 2.19000000e+01 0.00000000e+00 2.19000000e+01 1.94498215e+00 2.19000000e+01 -5.71175413e+00
 2.22000000e+01 0.00000000e+00 2.22000000e+01 2.15021619e+00 2.22000000e+01 -6.02116414e+00
 2.25000000e+01 0.00000000e+00 2.25000000e+01 1.31311944e+00 2.25000000e+01 -5.48320775e+00
 2.28000000e+01 0.00000000e+00 2.28000000e+01 1.81685651e+00 2.28000000e+01 -5.69013936e+00
 2.31000000e+01 0.00000000e+00 2.31000000e+01 1.75929548e+00 2.31000000e+01 -5.61104628e+00
 2.34000000e+01 0.00000000e+00 2.34000000e+01 1.75826596e+00 2.34000000e+01 -5.01038185e+00
 2.37000000e+01 0.00000000e+00 2.37000000e+01 2.19183257e+00 2.37000000e+01 -6.25258883e+00
 2.40000000e+01 0.00000000e+00 2.40000000e+01 1.36732342e+00 2.40000000e+01 -5.50095383e+00
 2.43000000e+01 0.00000000e+00 2.43000000e+01 2.46728399e+00 2.43000000e+01 -5.58563159e+00
 2.46000000e+01 0.00000000e+00 2.46000000e+01 2.38332116e+00 2.46000000e+01 -5.28852242e+00
 2.49000000e+01 0.00000000e+00 2.49000000e+01 1.16746901e+00 2.49000000e+01 -5.40767532e+00
 2.52000000e+01 0.00000000e+00 2.52000000e+01 1.28211862e+00 2.52000000e+01 -5.64530670e+00
 2.55000000e+01 0.00000000e+00 2.55000000e+01 6.30027912e-01 2.55000000e+01 -6.06991757e+00
 2.58000000e+01 0.00000000e+00 2.58000000e+01 1.04980653e+00 2.58000000e+01 -5.63540294e+00
 2.61000000e+01 0.00000000e+00 2.61000000e+01 9.92210177e-01 2.61000000e+01 -6.32296207e+00
 2.64000000e+01 0.00000000e+00 2.64000000e+01 1.03896879e+00 2.64000000e+01 -5.40835928e+00
 2.67000000e+01 0.00000000e+00 2.67000000e+01 1.14081658e+00 2.67000000e+01 -5.92986248e+00
 2.70000000e+01 0.00000000e+00 2.70000000e+01 6.68947903e-01 2.70000000e+01 -6.02019236e+00
 2.73000000e+01 0.00000000e+00 2.73000000e+01 6.78551066e-01 2.73000000e+01 -6.13757462e+00
 2.76000000e+01 0.00000000e+00 2.76000000e+01 6.17736856e-01 2.76000000e+01 -5.70005153e+00
 2.79000000e+01 0.00000000e+00 2.79000000e+01 8.16005235e-01 2.79000000e+01 -5.75236680e+00
 2.82000000e+01 0.00000000e+00 2.82000000e+01 1.02879419e+00 2.82000000e+01 -5.24040795e+00
 2.85000000e+01 0.00000000e+00 2.85000000e+01 7.71335413e-01 2.85000000e+01 -5.68436569e+00
 2.88000000e+01 0.00000000e+00 2.88000000e+01 1.35129366e+00 2.88000000e+01 -6.32992720e+00
 2.91000000e+01 0.00000000e+00 2.91000000e+01 5.29194447e-01 2.91000000e+01 -5.68751222e+00
 2.94000000e+01 0.00000000e+00 2.94000000e+01 9.00656871e-01 2.94000000e+01 -5.84565641e+00
 2.97000000e+01 0.00000000e+00 2.97000000e+01 5.49582945e-01 2.97000000e+01 -5.84725950e+00
 3.00000000e+01 0.00000000e+00 3.00000000e+01 1.07442987e+00 3.00000000e+01 -6.14793317e+00
 3.03000000e+01 0.00000000e+00 3.03000000e+01 4.12391288e-01 3.03000000e+01 -5.74547306e+00
 3.06000000e+01 0.00000000e+00 3.06000000e+01 1.12492433e+00 3.06000000e+01 -5.67562348e+00
 3.09000000e+01 0.00000000e+00 3.09000000e+01 7.10597470e-01 3.09000000e+01 -5.74273142e+00
 3.12000000e+01 0.00000000e+00 3.12000000e+01 6.03848319e-01 3.12000000e+01 -5.43400464e+00
 3.15000000e+01 0.00000000e+00 3.15000000e+01 7.15714002e-01 3.15000000e+01 -5.53494615e+00
 3.18000000e+01 0.00000000e+00 3.18000000e+01 3.45536423e-01 3.18000000e+01 -5.39311409e+00
 3.21000000e+01 0.00000000e+00 3.21000000e+01 7.52304114e-01 3.21000000e+01 -5.49370009e+00
 3.24000000e+01 0.00000000e+00 3.24000000e+01 1.12210283e+00 3.24000000e+01 -5.23631728e+00
 3.27000000e+01 0.00000000e+00 3.27000000e+01 1.42408266e+00 3.27000000e+01 -6.25877044e+00
 3.30000000e+01 0.00000000e+00 3.30000000e+01 8.37060592e-01 3.30000000e+01 -6.16119423e+00
 3.33000000e+01 0.00000000e+00 3.33000000e+01 3.88479355e-01 3.33000000e+01 -5.67258961e+00
 3.36000000e+01 0.00000000e+00 3.36000000e+01 7.45867759e-01 3.36000000e+01 -6.21959584e+00
 3.39000000e+01 0.00000000e+00 3.39000000e+01 7.62428754e-01 3.39000000e+01 -5.93802627e+00
 3.42000000e+01 0.00000000e+00 3.42000000e+01 6.84660346e-01 3.42000000e+01 -5.76844148e+00
 3.45000000e+01 0.00000000e+00 3.45000000e+01 1.11088041e+00 3.45000000e+01 -6.20274159e+00
 3.48000000e+01 0.00000000e+00 3.48000000e+01 7.18602870e-01 3.48000000e+01 -5.89820804e+00
 3.51000000e+01 0.00000000e+00 3.51000000e+01 6.52599248e+00 3.51000000e+01 -3.68018329e-01
 3.54000000e+01 0.00000000e+00 3.54000000e+01 6.06392360e+00 3.54000000e+01 -3.95733942e-01
 3.57000000e+01 0.00000000e+00 3.57000000e+01 5.59079955e+00 3.57000000e+01 -6.33821823e-01
 3.60000000e+01 0.00000000e+00 3.60000000e+01 6.21116677e+00 3.60000000e+01 -8.24259309e-01
 3.63000000e+01 0.00000000e+00 3.63000000e+01 5.33988146e+00 3.63000000e+01 -6.77190307e-01
 3.66000000e+01 0.00000000e+00 3.66000000e+01 5.44043414e+00 3.66000000e+01 -4.82560879e-01
 3.69000000e+01 0.00000000e+00 3.69000000e+01 5.86739590e+00 3.69000000e+01 8.33336686e-02
 3.72000000e+01 0.00000000e+00 3.72000000e+01 5.78454417e+00 3.72000000e+01 -2.11201942e-01
 3.75000000e+01 0.00000000e+00 3.75000000e+01 5.82928974e+00 3.75000000e+01 -5.62076715e-01
 3.78000000e+01 0.00000000e+00 3.78000000e+01 5.56082081e+00 3.78000000e+01 -4.43222399e-01
 3.81000000e+01 0.00000000e+00 3.81000000e+01 5.54646481e+00 3.81000000e+01 -1.25490234e+00
 3.84000000e+01 0.00000000e+00 3.84000000e+01 5.26557527e+00 3.84000000e+01 -3.65026789e-01
 3.87000000e+01 0.00000000e+00 3.87000000e+01 5.53944857e+00 3.87000000e+01 -6.63807643e-01
 3.90000000e+01 0.00000000e+00 3.90000000e+01 5.36462808e+00 3.90000000e+01 3.30412766e-02
 3.93000000e+01 0.00000000e+00 3.93000000e+01 5.71890305e+00 3.93000000e+01 -3.57392666e-01
 3.96000000e+01 0.00000000e+00 3.96000000e+01 5.90378206e+00 3.96000000e+01 -4.06649111e-01
 3.99000000e+01 0.00000000e+00 3.99000000e+01 5.51017934e+00 3.99000000e+01 -3.91482164e-01
 4.02000000e+01 0.00000000e+00 4.02000000e+01 6.67754959e+00 4.02000000e+01 -2.82548009e+00
 4.05000000e+01 0.00000000e+00 4.05000000e+01 6.45367365e+00 4.05000000e+01 -2.48723465e+00
 4.08000000e+01 0.00000000e+00 4.08000000e+01 6.33152694e+00 4.08000000e+01 -2.76686643e+00
 4.11000000e+01 0.00000000e+00 4.11000000e+01 6.79687023e+00 4.11000000e+01 -2.91801208e+00
 4.14000000e+01 0.00000000e+00 4.14000000e+01 6.49841790e+00 4.14000000e+01 -2.48389557e+00
 4.17000000e+01 0.00000000e+00 4.17000000e+01 6.96326999e+00 4.17000000e+01 -2.77343341e+00
 4.20000000e+01 0.00000000e+00 4.20000000e+01 6.69052418e+00 4.20000000e+01 -2.57062713e+00
 4.23000000e+01 0.00000000e+00 4.23000000e+01 6.88919725e+00 4.23000000e+01 -2.53951225e+00
 4.26000000e+01 0.00000000e+00 4.26000000e+01 6.97504085e+00 4.26000000e+01 -2.59734615e+00
 4.29000000e+01 0.00000000e+00 4.29000000e+01 6.50752119e+00 4.29000000e+01 -2.46184642e+00
 4.32000000e+01 0.00000000e+00 4.32000000e+01 6.82791403e+00 4.32000000e+01 -2.61661697e+00
 4.35000000e+01 0.00000000e+00 4.35000000e+01 6.67407911e+00 4.35000000e+01 -2.89043683e+00
 4.38000000e+01 0.00000000e+00 4.38000000e+01 6.92210491e+00 4.38000000e+01 -2.47851184e+00
 4.41000000e+01 0.00000000e+00 4.41000000e+01 6.12638871e+00 4.41000000e+01 -2.63251422e+00
 4.44000000e+01 0.00000000e+00 4.44000000e+01 5.65262238e+00 4.44000000e+01 -2.67154692e+00
 4.47000000e+01 0.00000000e+00 4.47000000e+01 7.10606094e+00 4.47000000e+01 -2.28346170e+00
 4.50000000e+01 0.00000000e+00 4.50000000e+01 6.96979723e+00 4.50000000e+01 -2.44771594e+00
 4.53000000e+01 0.00000000e+00 4.53000000e+01 6.53067075e+00 4.53000000e+01 -2.79137713e+00
 4.56000000e+01 0.00000000e+00 4.56000000e+01 6.03424712e+00 4.56000000e+01 -2.62076918e+00
 4.59000000e+01 0.00000000e+00 4.59000000e+01 6.27113546e+00 4.59000000e+01 -2.92629930e+00
 4.62000000e+01 0.00000000e+00 4.62000000e+01 6.99837563e+00 4.62000000e+01 -2.71593239e+00
 4.65000000e+01 0.00000000e+00 4.65000000e+01 6.08745297e+00 4.65000000e+01 -2.89345052e+00
 4.68000000e+01 0.00000000e+00 4.68000000e+01 6.31012379e+00 4.68000000e+01 -3.07656286e+00
 4.71000000e+01 0.00000000e+00 4.71000000e+01 6.23670614e+00 4.71000000e+01 -3.16637843e+00
 4.74000000e+01 0.00000000e+00 4.74000000e+01 6.83170384e+00 4.74000000e+01 -3.13416774e+00
 4.77000000e+01 0.00000000e+00 4.77000000e+01 5.57309501e+00 4.77000000e+01 -2.73564380e+00
 4.80000000e+01 0.00000000e+00 4.80000000e+01 6.82655516e+00 4.80000000e+01 -2.67090579e+00
 4.83000000e+01 0.00000000e+00 4.83000000e+01 6.41244724e+00 4.83000000e+01 -2.85518549e+00
 4.86000000e+01 0.00000000e+00 4.86000000e+01 6.88976050e+00 4.86000000e+01 -2.85622865e+00
 4.89000000e+01 0.00000000e+00 4.89000000e+01 6.71518017e+00 4.89000000e+01 -2.64665183e+00
 4.92000000e+01 0.00000000e+00 4.92000000e+01 7.18836914e+00 4.92000000e+01 -3.11827817e+00
 4.95000000e+01 0.00000000e+00 4.95000000e+01 6.69701689e+00 4.95000000e+01 -2.95564089e+00
 4.98000000e+01 0.00000000e+00 4.98000000e+01 6.82727803e+00 4.98000000e+01 -2.12175116e+00
 5.01000000e+01 0.00000000e+00 5.01000000e+01 6.26841333e-01 5.01000000e+01 -3.25636808e+00
 5.04000000e+01 0.00000000e+00 5.04000000e+01 2.57513907e-01 5.04000000e+01 -3.10059261e+00
 5.07000000e+01 0.00000000e+00 5.07000000e+01 3.48120433e-01 5.07000000e+01 -3.09845194e+00
 5.10000000e+01 0.00000000e+00 5.10000000e+01 6.65934032e-01 5.10000000e+01 -3.70060660e+00
 5.13000000e+01 0.00000000e+00 5.13000000e+01 4.81283697e-01 5.13000000e+01 -3.69945148e+00
 5.16000000e+01 0.00000000e+00 5.16000000e+01 2.76091119e-01 5.16000000e+01 -2.72092109e+00
 5.19000000e+01 0.00000000e+00 5.19000000e+01 8.39440705e-01 5.19000000e+01 -2.89361115e+00
 5.22000000e+01 0.00000000e+00 5.22000000e+01 4.02454724e-01 5.22000000e+01 -3.47944313e+00
 5.25000000e+01 0.00000000e+00 5.25000000e+01 4.32133915e-01 5.25000000e+01 -3.69815377e+00
 5.28000000e+01 0.00000000e+00 5.28000000e+01 1.65774159e-01 5.28000000e+01 -3.20148751e+00
 5.31000000e+01 0.00000000e+00 5.31000000e+01 3.82764584e-01 5.31000000e+01 -3.18899049e+00
 5.34000000e+01 0.00000000e+00 5.34000000e+01 9.20628238e-02 5.34000000e+01 -2.89297749e+00
 5.37000000e+01 0.00000000e+00 5.37000000e+01 8.38181007e-01 5.37000000e+01 -3.42867753e+00
 5.40000000e+01 0.00000000e+00 5.40000000e+01 -3.31749110e-02 5.40000000e+01 -3.38534945e+00
 5.43000000e+01 0.00000000e+00 5.43000000e+01 7.10178720e-01 5.43000000e+01 -3.30961604e+00
 5.46000000e+01 0.00000000e+00 5.46000000e+01 6.99652844e-02 5.46000000e+01 -3.16363460e+00
 5.49000000e+01 0.00000000e+00 5.49000000e+01 3.28012721e-01 5.49000000e+01 -3.13043973e+00
 5.52000000e+01 0.00000000e+00 5.52000000e+01 6.44127835e+00 5.52000000e+01 -5.06421647e+00
 5.55000000e+01 0.00000000e+00 5.55000000e+01 5.56869673e+00 5.55000000e+01 -5.58185987e+00
 5.58000000e+01 0.00000000e+00 5.58000000e+01 6.33359037e+00 5.58000000e+01 -5.41742278e+00
 5.61000000e+01 0.00000000e+00 5.61000000e+01 5.52697351e+00 5.61000000e+01 -5.63614236e+00
 5.64000000e+01 0.00000000e+00 5.64000000e+01 5.86211934e+00 5.64000000e+01 -5.56455529e+00
 5.67000000e+01 0.00000000e+00 5.67000000e+01 5.99611588e+00 5.67000000e+01 -5.65216948e+00
 5.70000000e+01 0.00000000e+00 5.70000000e+01 6.47164389e+00 5.70000000e+01 -4.70075693e+00
 5.73000000e+01 0.00000000e+00 5.73000000e+01 5.82572808e+00 5.73000000e+01 -5.18738720e+00
 5.76000000e+01 0.00000000e+00 5.76000000e+01 6.18898443e+00 5.76000000e+01 -5.39639833e+00
 5.79000000e+01 0.00000000e+00 5.79000000e+01 5.78819741e+00 5.79000000e+01 -5.66830278e+00
 5.82000000e+01 0.00000000e+00 5.82000000e+01 5.38105279e+00 5.82000000e+01 -5.71422339e+00
 5.85000000e+01 0.00000000e+00 5.85000000e+01 5.32990788e+00 5.85000000e+01 -5.24221777e+00
 5.88000000e+01 0.00000000e+00 5.88000000e+01 5.58115309e+00 5.88000000e+01 -4.80900438e+00
 5.91000000e+01 0.00000000e+00 5.91000000e+01 5.64659231e+00 5.91000000e+01 -5.67211214e+00
 5.94000000e+01 0.00000000e+00 5.94000000e+01 5.67232818e+00 5.94000000e+01 -5.86376482e+00
 5.97000000e+01 0.00000000e+00 5.97000000e+01 6.06866754e+00 5.97000000e+01 -5.08220096e+00
