 0.00000000e+00 0.00000000e+00 0.00000000e+00 6.92069436e+00 0.00000000e+00 -4.58067043e+00
 3.00000000e-01 0.00000000e+00 3.00000000e-01 6.25088406e+00 3.00000000e-01 -4.56199490e+00
 6.00000000e-01 0.00000000e+00 6.00000000e-01 6.09112323e+00 6.00000000e-01 -4.63899445e+00
 9.00000000e-01 0.00000000e+00 9.00000000e-01 6.21674093e+00 9.00000000e-01 -4.55188275e+00
 1.20000000e+00 0.00000000e+00 1.20000000e+00 5.95993612e+00 1.20000000e+00 -5.20279894e+00
 1.50000000e+00 0.00000000e+00 1.50000000e+00 6.53919488e+00 1.50000000e+00 -5.45946409e+00
 1.80000000e+00 0.00000000e+00 1.80000000e+00 6.26605717e+00 1.80000000e+00 -4.73496127e+00
 2.10000000e+00 0.00000000e+00 2.10000000e+00 6.08181035e+00 2.10000000e+00 -5.00885744e+00
 2.40000000e+00 0.00000000e+00 2.40000000e+00 6.94443327e+00 2.40000000e+00 -5.04291392e+00
 2.70000000e+00 0.00000000e+00 2.70000000e+00 6.03122840e+00 2.70000000e+00 -4.54165892e+00
 3.00000000e+00 0.00000000e+00 3.00000000e+00 6.10877726e+00 3.00000000e+00 -5.01257896e+00
 3.30000000e+00 0.00000000e+00 3.30000000e+00 6.07100837e+00 3.30000000e+00 -4.90932421e+00
 3.60000000e+00 0.00000000e+00 3.60000000e+00 6.36259839e+00 3.60000000e+00 -4.70990184e+00
 3.90000000e+00 0.00000000e+00 3.90000000e+00 6.13813085e+00 3.90000000e+00 -4.58416084e+00
 4.20000000e+00 0.00000000e+00 4.20000000e+00 5.85291953e+00 4.20000000e+00 -4.72334232e+00
 4.50000000e+00 0.00000000e+00 4.50000000e+00 6.68491297e+00 4.50000000e+00 -4.48409326e+00
 4.80000000e+00 0.00000000e+00 4.80000000e+00 6.11060574e+00 4.80000000e+00 -4.60001760e+00
 5.10000000e+00 0.00000000e+00 5.10000000e+00 6.49683514e+00 5.10000000e+00 -4.97604154e+00
 5.40000000e+00 0.00000000e+00 5.40000000e+00 6.71973207e+00 5.40000000e+00 -5.10167338e+00
 5.70000000e+00 0.00000000e+00 5.70000000e+00 6.74929060e+00 5.70000000e+00 -4.38066224e+00
 6.00000000e+00 0.00000000e+00 6.00000000e+00 5.62411359e+00 6.00000000e+00 -4.62056827e+00
 6.30000000e+00 0.00000000e+00 6.30000000e+00 5.88836166e+00 6.30000000e+00 -4.64076286e+00
 6.60000000e+00 0.00000000e+00 6.60000000e+00 6.56747191e+00 6.60000000e+00 -4.91007618e+00
 6.90000000e+00 0.00000000e+00 6.90000000e+00 6.49077831e+00 6.90000000e+00 -4.18124012e+00
 7.20000000e+00 0.00000000e+00 7.20000000e+00 6.25349222e+00 7.20000000e+00 -4.57260584e+00
 7.50000000e+00 0.00000000e+00 7.50000000e+00 6.69751984e+00 7.50000000e+00 -4.30238074e+00
 7.80000000e+00 0.00000000e+00 7.80000000e+00 6.03644345e+00 7.80000000e+00 -4.75408954e+00
 8.10000000e+00 0.00000000e+00 8.10000000e+00 6.56239556e+00 8.10000000e+00 -5.03426118e+00
 8.40000000e+00 0.00000000e+00 8.40000000e+00 6.61547011e+00 8.40000000e+00 -4.94014918e+00
 8.70000000e+00 0.00000000e+00 8.70000000e+00 6.67878064e+00 8.70000000e+00 -4.95824520e+00
 9.00000000e+00 0.00000000e+00 9.00000000e+00 5.89344416e+00 9.00000000e+00 -4.66450131e+00
 9.30000000e+00 0.00000000e+00 9.30000000e+00 5.97521381e+00 9.30000000e+00 -4.39567455e+00
 9.60000000e+00 0.00000000e+00 9.60000000e+00 5.75728934e+00 9.60000000e+00 -5.31410187e+00
 9.90000000e+00 0.00000000e+00 9.90000000e+00 5.98771855e+00 9.90000000e+00 -5.16680524e+00
 1.02000000e+01 0.00000000e+00 1.02000000e+01 6.10992827e+00 1.02000000e+01 -4.89812244e+00
 1.05000000e+01 0.00000000e+00 1.05000000e+01 6.52664939e+00 1.05000000e+01 -4.73763330e+00
 1.08000000e+01 0.00000000e+00 1.08000000e+01 6.41602476e+00 1.08000000e+01 -4.23326163e+00
 1.11000000e+01 0.00000000e+00 1.11000000e+01 6.97847075e+00 1.11000000e+01 -4.97849156e+00
 1.14000000e+01 0.00000000e+00 1.14000000e+01 6.25692801e+00 1.14000000e+01 -4.68554090e+00
 1.17000000e+01 0.00000000e+00 1.17000000e+01 5.98416406e+00 1.17000000e+01 -5.32200453e+00
 1.20000000e+01 0.00000000e+00 1.20000000e+01 5.91592763e+00 1.20000000e+01 -5.29719493e+00
 1.23000000e+01 0.00000000e+00 1.23000000e+01 6.43125530e+00 1.23000000e+01 -4.63525823e+00
 1.26000000e+01 0.00000000e+00 1.26000000e+01 6.57343469e+00 1.26000000e+01 -4.83481363e+00
 1.29000000e+01 0.00000000e+00 1.29000000e+01 6.31285538e+00 1.29000000e+01 -4.88949897e+00
 1.32000000e+01 0.00000000e+00 1.32000000e+01 6.60878975e+00 1.32000000e+01 -4.50393559e+00
 1.35000000e+01 0.00000000e+00 1.35000000e+01 6.33425768e+00 1.35000000e+01 -4.64227854e+00
 1.38000000e+01 0.00000000e+00 1.38000000e+01 5.89311664e+00 1.38000000e+01 -4.42892100e+00
 1.41000000e+01 0.00000000e+00 1.41000000e+01 5.66805000e+00 1.41000000e+01 -4.87863139e+00
 1.44000000e+01 0.00000000e+00 1.44000000e+01 6.36097554e+00 1.44000000e+01 -4.64926942e+00
 1.47000000e+01 0.00000000e+00 1.47000000e+01 6.46384645e+00 1.47000000e+01 -5.10400823e+00
 1.50000000e+01 0.00000000e+00 1.50000000e+01 6.34012561e+00 1.50000000e+01 -4.62454847e+00
 1.53000000e+01 0.00000000e+00 1.53000000e+01 3.78705617e+00 1.53000000e+01 -4.38053683e+00
 1.56000000e+01 0.00000000e+00 1.56000000e+01 3.62449884e+00 1.56000000e+01 -4.57526127e+00
 1.59000000e+01 0.00000000e+00 1.59000000e+01 2.98510931e+00 1.59000000e+01 -4.97054084e+00
 1.62000000e+01 0.00000000e+00 1.62000000e+01 3.33122416e+00 1.62000000e+01 -4.80112796e+00
 1.65000000e+01 0.00000000e+00 1.65000000e+01 3.12407781e+00 1.65000000e+01 -4.51312752e+00
 1.68000000e+01 0.00000000e+00 1.68000000e+01 3.70573999e+00 1.68000000e+01 -4.77870268e+00
 1.71000000e+01 0.00000000e+00 1.71000000e+01 2.89817835e+00 1.71000000e+01 -4.89510528e+00
 1.74000000e+01 0.00000000e+00 1.74000000e+01 2.93993115e+00 1.74000000e+01 -4.60229774e+00
 1.77000000e+01 0.00000000e+00 1.77000000e+01 2.90111656e+00 1.77000000e+01 -4.82628915e+00
 1.80000000e+01 0.00000000e+00 1.80000000e+01 3.44040371e+00 1.80000000e+01 -4.33925203e+00
 1.83000000e+01 0.00000000e+00 1.83000000e+01 3.02555922e+00 1.83000000e+01 -5.09378350e+00
 1.86000000e+01 0.00000000e+00 1.86000000e+01 2.55931386e+00 1.86000000e+01 -4.38493224e+00
 1.89000000e+01 0.00000000e+00 1.89000000e+01 3.46435781e+00 1.89000000e+01 -4.47715716e+00
 1.92000000e+01 0.00000000e+00 1.92000000e+01 3.59698401e+00 1.92000000e+01 -5.04415461e+00
 1.95000000e+01 0.00000000e+00 1.95000000e+01 2.62326820e+00 1.95000000e+01 -4.49631669e+00
 1.98000000e+01 0.00000000e+00 1.98000000e+01 2.81083326e+00 1.98000000e+01 -4.55338619e+00
 2.01000000e+01 0.00000000e+00 2.01000000e+01 3.35455758e+00 2.01000000e+01 -4.81419910e+00
 2.04000000e+01 0.00000000e+00 2.04000000e+01 2.89955731e+00 2.04000000e+01 -5.03145897e+00
 2.07000000e+01 0.00000000e+00 2.07000000e+01 3.80377042e+00 2.07000000e+01 -4.72451314e+00
 2.10000000e+01 0.00000000e+00 2.10000000e+01 2.85836447e+00 2.10000000e+01 -3.97479284e+00
 2.13000000e+01 0.00000000e+00 2.13000000e+01 3.21030006e+00 2.13000000e+01 -4.55095253e+00
 2.16000000e+01 0.00000000e+00 2.16000000e+01 3.11565001e+00 2.16000000e+01 -4.89934220e+00
 2.19000000e+01 0.00000000e+00 2.19000000e+01 3.74338891e+00 2.19000000e+01 -4.48783604e+00
 2.22000000e+01 0.00000000e+00 2.22000000e+01 2.74752721e+00 2.22000000e+01 -4.30620160e+00
 2.25000000e+01 0.00000000e+00 2.25000000e+01 2.79988159e+00 2.25000000e+01 -4.32934312e+00
 2.28000000e+01 0.00000000e+00 2.28000000e+01 2.95787448e+00 2.28000000e+01 -4.75667077e+00
 2.31000000e+01 0.00000000e+00 2.31000000e+01 3.00942744e+00 2.31000000e+01 -4.37888796e+00
 2.34000000e+01 0.00000000e+00 2.34000000e+01 2.61827668e+00 2.34000000e+01 -5.04509797e+00
 2.37000000e+01 0.00000000e+00 2.37000000e+01 3.07551160e+00 2.37000000e+01 -5.03022282e+00
 2.40000000e+01 0.00000000e+00 2.40000000e+01 3.10573821e+00 2.40000000e+01 -4.49600500e+00
 2.43000000e+01 0.00000000e+00 2.43000000e+01 2.95433385e+00 2.43000000e+01 -4.35318573e+00
 2.46000000e+01 0.00000000e+00 2.46000000e+01 3.07923582e+00 2.46000000e+01 -5.07322703e+00
 2.49000000e+01 0.00000000e+00 2.49000000e+01 3.29913765e+00 2.49000000e+01 -4.38212901e+00
 2.52000000e+01 0.00000000e+00 2.52000000e+01 2.65416821e+00 2.52000000e+01 -6.15651045e+00
 2.55000000e+01 0.00000000e+00 2.55000000e+01 2.72858052e+00 2.55000000e+01 -5.44733000e+00
 2.58000000e+01 0.00000000e+00 2.58000000e+01 3.12224318e+00 2.58000000e+01 -5.91493683e+00
 2.61000000e+01 0.00000000e+00 2.61000000e+01 3.58118850e+00 2.61000000e+01 -5.74759160e+00
 2.64000000e+01 0.00000000e+00 2.64000000e+01 2.53126014e+00 2.64000000e+01 -5.57459365e+00
 2.67000000e+01 0.00000000e+00 2.67000000e+01 2.55472817e+00 2.67000000e+01 -6.03142462e+00
 2.70000000e+01 0.00000000e+00 2.70000000e+01 2.84540085e+00 2.70000000e+01 -5.08686229e+00
 2.73000000e+01 0.00000000e+00 2.73000000e+01 2.74370425e+00 2.73000000e+01 -5.72417503e+00
 2.76000000e+01 0.00000000e+00 2.76000000e+01 2.54494134e+00 2.76000000e+01 -5.84664080e+00
 2.79000000e+01 0.00000000e+00 2.79000000e+01 2.39826073e+00 2.79000000e+01 -5.64816062e+00
 2.82000000e+01 0.00000000e+00 2.82000000e+01 2.47639122e+00 2.82000000e+01 -5.93549557e+00
 2.85000000e+01 0.00000000e+00 2.85000000e+01 3.05785578e+00 2.85000000e+01 -5.67423176e+00
 2.88000000e+01 0.00000000e+00 2.88000000e+01 2.65939184e+00 2.88000000e+01 -5.75307016e+00
 2.91000000e+01 0.00000000e+00 2.91000000e+01 3.45476074e+00 2.91000000e+01 -4.88409114e+00
 2.94000000e+01 0.00000000e+00 2.94000000e+01 2.54222756e+00 2.94000000e+01 -5.05955580e+00
 2.97000000e+01 0.00000000e+00 2.97000000e+01 2.95423585e+00 2.97000000e+01 -5.48683622e+00
 3.00000000e+01 0.00000000e+00 3.00000000e+01 3.25263201e+00 3.00000000e+01 -6.14359965e+00
 3.03000000e+01 0.00000000e+00 3.03000000e+01 3.48699178e+00 3.03000000e+01 -5.96466727e+00
 3.06000000e+01 0.00000000e+00 3.06000000e+01 2.63430723e+00 3.06000000e+01 -5.54107961e+00
 3.09000000e+01 0.00000000e+00 3.09000000e+01 3.13552491e+00 3.09000000e+01 -5.42252428e+00
 3.12000000e+01 0.00000000e+00 3.12000000e+01 3.09793483e+00 3.12000000e+01 -5.55538107e+00
 3.15000000e+01 0.00000000e+00 3.15000000e+01 3.47809149e+00 3.15000000e+01 -5.49099057e+00
 3.18000000e+01 0.00000000e+00 3.18000000e+01 3.30328906e+00 3.18000000e+01 -5.96582964e+00
 3.21000000e+01 0.00000000e+00 3.21000000e+01 2.69140253e+00 3.21000000e+01 -5.46386005e+00
 3.24000000e+01 0.00000000e+00 3.24000000e+01 2.92466790e+00 3.24000000e+01 -5.99687461e+00
 3.27000000e+01 0.00000000e+00 3.27000000e+01 2.79773517e+00 3.27000000e+01 -6.02545116e+00
 3.30000000e+01 0.00000000e+00 3.30000000e+01 2.65468030e+00 3.30000000e+01 -5.35938988e+00
 3.33000000e+01 0.00000000e+00 3.33000000e+01 3.17475049e+00 3.33000000e+01 -5.85197402e+00
 3.36000000e+01 0.00000000e+00 3.36000000e+01 2.94381055e+00 3.36000000e+01 -5.48115998e+00
 3.39000000e+01 0.00000000e+00 3.39000000e+01 2.27517490e+00 3.39000000e+01 -5.26582246e+00
 3.42000000e+01 0.00000000e+00 3.42000000e+01 2.74798072e+00 3.42000000e+01 -5.29344223e+00
 3.45000000e+01 0.00000000e+00 3.45000000e+01 2.90747223e+00 3.45000000e+01 -5.49325582e+00
 3.48000000e+01 0.00000000e+00 3.48000000e+01 2.91091404e+00 3.48000000e+01 -5.56673347e+00
 3.51000000e+01 0.00000000e+00 3.51000000e+01 5.65640330e+00 3.51000000e+01 -8.16141941e-01
 3.54000000e+01 0.00000000e+00 3.54000000e+01 5.82556852e+00 3.54000000e+01 -2.97527482e-01
 3.57000000e+01 0.00000000e+00 3.57000000e+01 5.43554650e+00 3.57000000e+01 -5.86812698e-01
 3.60000000e+01 0.00000000e+00 3.60000000e+01 4.92525450e+00 3.60000000e+01 -3.31112875e-02
 3.63000000e+01 0.00000000e+00 3.63000000e+01 5.37590772e+00 3.63000000e+01 4.32846997e-01
 3.66000000e+01 0.00000000e+00 3.66000000e+01 5.90757800e+00 3.66000000e+01 -2.90252273e-01
 3.69000000e+01 0.00000000e+00 3.69000000e+01 5.09360191e+00 3.69000000e+01 -2.50952026e-01
 3.72000000e+01 0.00000000e+00 3.72000000e+01 5.53377448e+00 3.72000000e+01 -2.34254550e-01
 3.75000000e+01 0.00000000e+00 3.75000000e+01 5.70500401e+00 3.75000000e+01 -4.05498802e-01
 3.78000000e+01 0.00000000e+00 3.78000000e+01 5.03850362e+00 3.78000000e+01 -1.40074877e-01
 3.81000000e+01 0.00000000e+00 3.81000000e+01 5.46970066e+00 3.81000000e+01 9.42081240e-02
 3.84000000e+01 0.00000000e+00 3.84000000e+01 5.25813253e+00 3.84000000e+01 -2.18366311e-01
 3.87000000e+01 0.00000000e+00 3.87000000e+01 5.34492616e+00 3.87000000e+01 -3.27054059e-01
 3.90000000e+01 0.00000000e+00 3.90000000e+01 5.20040239e+00 3.90000000e+01 -1.53493549e-02
 3.93000000e+01 0.00000000e+00 3.93000000e+01 5.47474429e+00 3.93000000e+01 4.38283610e-02
 3.96000000e+01 0.00000000e+00 3.96000000e+01 6.01953493e+00 3.96000000e+01 2.73083754e-01
 3.99000000e+01 0.00000000e+00 3.99000000e+01 5.67516667e+00 3.99000000e+01 2.85142169e-01
 4.02000000e+01 0.00000000e+00 4.02000000e+01 4.34434291e+00 4.02000000e+01 -1.94317390e+00
 4.05000000e+01 0.00000000e+00 4.05000000e+01 4.31838556e+00 4.05000000e+01 -1.29322911e+00
 4.08000000e+01 0.00000000e+00 4.08000000e+01 3.87739780e+00 4.08000000e+01 -1.20994907e+00
 4.11000000e+01 0.00000000e+00 4.11000000e+01 4.33336977e+00 4.11000000e+01 -9.61787237e-01
 4.14000000e+01 0.00000000e+00 4.14000000e+01 4.10820386e+00 4.14000000e+01 -6.33763055e-01
 4.17000000e+01 0.00000000e+00 4.17000000e+01 4.25942107e+00 4.17000000e+01 -7.46784616e-01
 4.20000000e+01 0.00000000e+00 4.20000000e+01 3.89552533e+00 4.20000000e+01 -1.23658564e+00
 4.23000000e+01 0.00000000e+00 4.23000000e+01 4.47275344e+00 4.23000000e+01 -1.49686086e+00
 4.26000000e+01 0.00000000e+00 4.26000000e+01 4.27683858e+00 4.26000000e+01 -1.90092333e+00
 4.29000000e+01 0.00000000e+00 4.29000000e+01 3.63980281e+00 4.29000000e+01 -1.14504846e+00
 4.32000000e+01 0.00000000e+00 4.32000000e+01 4.25109871e+00 4.32000000e+01 -7.05532520e-01
 4.35000000e+01 0.00000000e+00 4.35000000e+01 3.63696164e+00 4.35000000e+01 -1.38788380e+00
 4.38000000e+01 0.00000000e+00 4.38000000e+01 4.24899445e+00 4.38000000e+01 -1.27590034e+00
 4.41000000e+01 0.00000000e+00 4.41000000e+01 3.82290849e+00 4.41000000e+01 -2.15858466e+00
 4.44000000e+01 0.00000000e+00 4.44000000e+01 3.72810678e+00 4.44000000e+01 -9.32626576e-01
 4.47000000e+01 0.00000000e+00 4.47000000e+01 4.47623881e+00 4.47000000e+01 -1.83914304e+00
 4.50000000e+01 0.00000000e+00 4.50000000e+01 3.99037829e+00 4.50000000e+01 -1.37523150e+00
 4.53000000e+01 0.00000000e+00 4.53000000e+01 3.97561551e+00 4.53000000e+01 -1.40585660e+00
 4.56000000e+01 0.00000000e+00 4.56000000e+01 4.18466226e+00 4.56000000e+01 -6.29767790e-01
 4.59000000e+01 0.00000000e+00 4.59000000e+01 3.79153653e+00 4.59000000e+01 -9.01291791e-01
 4.62000000e+01 0.00000000e+00 4.62000000e+01 4.66424840e+00 4.62000000e+01 -1.03518418e+00
 4.65000000e+01 0.00000000e+00 4.65000000e+01 3.95109222e+00 4.65000000e+01 -1.51995765e+00
 4.68000000e+01 0.00000000e+00 4.68000000e+01 4.32665346e+00 4.68000000e+01 -1.24999484e+00
 4.71000000e+01 0.00000000e+00 4.71000000e+01 3.94298973e+00 4.71000000e+01 -7.56607252e-01
 4.74000000e+01 0.00000000e+00 4.74000000e+01 3.44644917e+00 4.74000000e+01 -1.13089320e+00
 4.77000000e+01 0.00000000e+00 4.77000000e+01 4.14271837e+00 4.77000000e+01 -1.21313552e+00
 4.80000000e+01 0.00000000e+00 4.80000000e+01 4.41494884e+00 4.80000000e+01 -9.43274972e-01
 4.83000000e+01 0.00000000e+00 4.83000000e+01 4.11487277e+00 4.83000000e+01 -7.60365651e-01
 4.86000000e+01 0.00000000e+00 4.86000000e+01 3.96572278e+00 4.86000000e+01 -1.67103713e+00
 4.89000000e+01 0.00000000e+00 4.89000000e+01 3.74902320e+00 4.89000000e+01 -1.70223201e+00
 4.92000000e+01 0.00000000e+00 4.92000000e+01 3.74769828e+00 4.92000000e+01 -1.31373182e+00
 4.95000000e+01 0.00000000e+00 4.95000000e+01 4.42929813e+00 4.95000000e+01 -9.04928962e-01
 4.98000000e+01 0.00000000e+00 4.98000000e+01 4.26547325e+00 4.98000000e+01 -8.34604895e-01
 5.01000000e+01 0.00000000e+00 5.01000000e+01 5.49112552e+00 5.01000000e+01 -4.25063427e+00
 5.04000000e+01 0.00000000e+00 5.04000000e+01 5.27112708e+00 5.04000000e+01 -3.58348813e+00
 5.07000000e+01 0.00000000e+00 5.07000000e+01 5.89098647e+00 5.07000000e+01 -4.39933073e+00
 5.10000000e+01 0.00000000e+00 5.10000000e+01 5.32218067e+00 5.10000000e+01 -3.73789379e+00
 5.13000000e+01 0.00000000e+00 5.13000000e+01 5.68141219e+00 5.13000000e+01 -4.20753897e+00
 5.16000000e+01 0.00000000e+00 5.16000000e+01 5.76602175e+00 5.16000000e+01 -4.64936027e+00
 5.19000000e+01 0.00000000e+00 5.19000000e+01 5.15205285e+00 5.19000000e+01 -4.24571188e+00
 5.22000000e+01 0.00000000e+00 5.22000000e+01 5.85832550e+00 5.22000000e+01 -4.21694451e+00
 5.25000000e+01 0.00000000e+00 5.25000000e+01 4.98243549e+00 5.25000000e+01 -4.20836138e+00
 5.28000000e+01 0.00000000e+00 5.28000000e+01 5.48577288e+00 5.28000000e+01 -4.73438299e+00
 5.31000000e+01 0.00000000e+00 5.31000000e+01 5.70834341e+00 5.31000000e+01 -3.90629620e+00
 5.34000000e+01 0.00000000e+00 5.34000000e+01 5.84566960e+00 5.34000000e+01 -3.96144728e+00
 5.37000000e+01 0.00000000e+00 5.37000000e+01 5.87370875e+00 5.37000000e+01 -4.46264013e+00
 5.40000000e+01 0.00000000e+00 5.40000000e+01 5.05095774e+00 5.40000000e+01 -4.56581829e+00
 5.43000000e+01 0.00000000e+00 5.43000000e+01 5.08219558e+00 5.43000000e+01 -3.95218559e+00
 5.46000000e+01 0.00000000e+00 5.46000000e+01 4.90845584e+00 5.46000000e+01 -4.18768854e+00
 5.49000000e+01 0.00000000e+00 5.49000000e+01 5.46142915e+00 5.49000000e+01 -3.77115639e+00
 5.52000000e+01 0.00000000e+00 5.52000000e+01 6.27458460e+00 5.52000000e+01 -3.92312874e+00
 5.55000000e+01 0.00000000e+00 5.55000000e+01 6.20171371e+00 5.55000000e+01 -4.59819090e+00
 5.58000000e+01 0.00000000e+00 5.58000000e+01 5.80909825e+00 5.58000000e+01 -4.67506286e+00
 5.61000000e+01 0.00000000e+00 5.61000000e+01 5.82866795e+00 5.61000000e+01 -4.50745808e+00
 5.64000000e+01 0.00000000e+00 5.64000000e+01 5.75644629e+00 5.64000000e+01 -4.59934357e+00
 5.67000000e+01 0.00000000e+00 5.67000000e+01 6.71101910e+00 5.67000000e+01 -4.92101181e+00
 5.70000000e+01 0.00000000e+00 5.70000000e+01 5.97417472e+00 5.70000000e+01 -5.22427246e+00
 5.73000000e+01 0.00000000e+00 5.73000000e+01 6.45928366e+00 5.73000000e+01 -4.68388387e+00
 5.76000000e+01 0.00000000e+00 5.76000000e+01 6.26985240e+00 5.76000000e+01 -4.49206954e+00
 5.79000000e+01 0.00000000e+00 5.79000000e+01 6.64781905e+00 5.79000000e+01 -4.64846599e+00
 5.82000000e+01 0.00000000e+00 5.82000000e+01 6.30920978e+00 5.82000000e+01 -5.15041878e+00
 5.85000000e+01 0.00000000e+00 5.85000000e+01 5.94070783e+00 5.85000000e+01 -4.31640090e+00
 5.88000000e+01 0.00000000e+00 5.88000000e+01 6.74092834e+00 5.88000000e+01 -4.14787093e+00
 5.91000000e+01 0.00000000e+00 5.91000000e+01 5.85589825e+00 5.91000000e+01 -4.67234953e+00
 5.94000000e+01 0.00000000e+00 5.94000000e+01 6.48072611e+00 5.94000000e+01 -5.26833229e+00
 5.97000000e+01 0.00000000e+00 5.97000000e+01 6.22500191e+00 5.97000000e+01 -4.78404969e+00
