 0.00000000e+00 0.00000000e+00 0.00000000e+00 7.24071994e+00 0.00000000e+00 -5.11694575e+00
 3.00000000e-01 0.00000000e+00 3.00000000e-01 8.16710713e+00 3.00000000e-01 -5.37291736e+00
 6.00000000e-01 0.00000000e+00 6.00000000e-01 8.18214589e+00 6.00000000e-01 -5.54314942e+00
 9.00000000e-01 0.00000000e+00 9.00000000e-01 8.04117527e+00 9.00000000e-01 -5.07599557e+00
 1.20000000e+00 0.00000000e+00 1.20000000e+00 7.68783874e+00 1.20000000e+00 -4.73006539e+00
 1.50000000e+00 0.00000000e+00 1.50000000e+00 7.25130876e+00 1.50000000e+00 -4.95687903e+00
 1.80000000e+00 0.00000000e+00 1.80000000e+00 7.24389524e+00 1.80000000e+00 -4.87392769e+00
 2.10000000e+00 0.00000000e+00 2.10000000e+00 8.18103843e+00 2.10000000e+00 -5.23741256e+00
 2.40000000e+00 0.00000000e+00 2.40000000e+00 8.34065955e+00 2.40000000e+00 -4.99753087e+00
 2.70000000e+00 0.00000000e+00 2.70000000e+00 7.64886875e+00 2.70000000e+00 -4.38701417e+00
 3.00000000e+00 0.00000000e+00 3.00000000e+00 7.40575765e+00 3.00000000e+00 -4.31493957e+00
 3.30000000e+00 0.00000000e+00 3.30000000e+00 7.73250001e+00 3.30000000e+00 -4.26118210e+00
 3.60000000e+00 0.00000000e+00 3.60000000e+00 7.25783897e+00 3.60000000e+00 -5.58835003e+00
 3.90000000e+00 0.00000000e+00 3.90000000e+00 7.81255102e+00 3.90000000e+00 -4.82907539e+00
 4.20000000e+00 0.00000000e+00 4.20000000e+00 7.71016351e+00 4.20000000e+00 -4.65313235e+00
 4.50000000e+00 0.00000000e+00 4.50000000e+00 7.16821271e+00 4.50000000e+00 -4.65625932e+00
 4.80000000e+00 0.00000000e+00 4.80000000e+00 8.16393338e+00 4.80000000e+00 -5.00297199e+00
 5.10000000e+00 0.00000000e+00 5.10000000e+00 7.55454528e+00 5.10000000e+00 -4.79418243e+00
 5.40000000e+00 0.00000000e+00 5.40000000e+00 7.84439198e+00 5.40000000e+00 -5.02103937e+00
 5.70000000e+00 0.00000000e+00 5.70000000e+00 7.55011350e+00 5.70000000e+00 -5.07815146e+00
 6.00000000e+00 0.00000000e+00 6.00000000e+00 8.25803137e+00 6.00000000e+00 -5.19442809e+00
 6.30000000e+00 0.00000000e+00 6.30000000e+00 7.69908440e+00 6.30000000e+00 -5.51131705e+00
 6.60000000e+00 0.00000000e+00 6.60000000e+00 7.41106839e+00 6.60000000e+00 -5.41140303e+00
 6.90000000e+00 0.00000000e+00 6.90000000e+00 7.46493106e+00 6.90000000e+00 -4.41386769e+00
 7.20000000e+00 0.00000000e+00 7.20000000e+00 7.17331249e+00 7.20000000e+00 -5.67530219e+00
 7.50000000e+00 0.00000000e+00 7.50000000e+00 7.62493535e+00 7.50000000e+00 -4.90108415e+00
 7.80000000e+00 0.00000000e+00 7.80000000e+00 7.71540498e+00 7.80000000e+00 -5.28317715e+00
 8.10000000e+00 0.00000000e+00 8.10000000e+00 7.93074399e+00 8.10000000e+00 -4.57192477e+00
 8.40000000e+00 0.00000000e+00 8.40000000e+00 7.37732081e+00 8.40000000e+00 -4.57792029e+00
 8.70000000e+00 0.00000000e+00 8.70000000e+00 7.48448750e+00 8.70000000e+00 -5.07326858e+00
 9.00000000e+00 0.00000000e+00 9.00000000e+00 6.67547735e+00 9.00000000e+00 -5.10160786e+00
 9.30000000e+00 0.00000000e+00 9.30000000e+00 7.21004308e+00 9.30000000e+00 -4.52884333e+00
 9.60000000e+00 0.00000000e+00 9.60000000e+00 7.15636852e+00 9.60000000e+00 -5.48925143e+00
 9.90000000e+00 0.00000000e+00 9.90000000e+00 7.47165712e+00 9.90000000e+00 -5.48657759e+00
 1.02000000e+01 0.00000000e+00 1.02000000e+01 7.51745539e+00 1.02000000e+01 -4.71450216e+00
 1.05000000e+01 0.00000000e+00 1.05000000e+01 7.99572064e+00 1.05000000e+01 -5.01749513e+00
 1.08000000e+01 0.00000000e+00 1.08000000e+01 7.52607610e+00 1.08000000e+01 -4.98965470e+00
 1.11000000e+01 0.00000000e+00 1.11000000e+01 7.62130372e+00 1.11000000e+01 -4.99406069e+00
 1.14000000e+01 0.00000000e+00 1.14000000e+01 8.10559745e+00 1.14000000e+01 -4.80951166e+00
 1.17000000e+01 0.00000000e+00 1.17000000e+01 7.57288775e+00 1.17000000e+01 -5.28701060e+00
 1.20000000e+01 0.00000000e+00 1.20000000e+01 7.76712668e+00 1.20000000e+01 -5.43267420e+00
 1.23000000e+01 0.00000000e+00 1.23000000e+01 7.70664937e+00 1.23000000e+01 -4.99434727e+00
 1.26000000e+01 0.00000000e+00 1.26000000e+01 8.03027885e+00 1.26000000e+01 -5.24060494e+00
 1.29000000e+01 0.00000000e+00 1.29000000e+01 7.62327009e+00 1.29000000e+01 -4.70459428e+00
 1.32000000e+01 0.00000000e+00 1.32000000e+01 7.28735504e+00 1.32000000e+01 -4.85701757e+00
 1.35000000e+01 0.00000000e+00 1.35000000e+01 7.82833702e+00 1.35000000e+01 -5.32813240e+00
 1.38000000e+01 0.00000000e+00 1.38000000e+01 8.03954519e+00 1.38000000e+01 -5.20658957e+00
 1.41000000e+01 0.00000000e+00 1.41000000e+01 7.63231896e+00 1.41000000e+01 -4.94431442e+00
 1.44000000e+01 0.00000000e+00 1.44000000e+01 8.08557783e+00 1.44000000e+01 -5.16209350e+00
 1.47000000e+01 0.00000000e+00 1.47000000e+01 7.21145564e+00 1.47000000e+01 -4.94515922e+00
 1.50000000e+01 0.00000000e+00 1.50000000e+01 7.68977159e+00 1.50000000e+01 -5.00398798e+00
 1.53000000e+01 0.00000000e+00 1.53000000e+01 1.83993445e+00 1.53000000e+01 -6.18279700e+00
 1.56000000e+01 0.00000000e+00 1.56000000e+01 1.74697766e+00 1.56000000e+01 -6.69440806e+00
 1.59000000e+01 0.00000000e+00 1.59000000e+01 1.52031281e+00 1.59000000e+01 -6.11806772e+00
 1.62000000e+01 0.00000000e+00 1.62000000e+01 1.56998725e+00 1.62000000e+01 -5.94333769e+00
 1.65000000e+01 0.00000000e+00 1.65000000e+01 1.19096871e+00 1.65000000e+01 -6.32004176e+00
 1.68000000e+01 0.00000000e+00 1.68000000e+01 1.41043551e+00 1.68000000e+01 -6.40152765e+00
 1.71000000e+01 0.00000000e+00 1.71000000e+01 1.49604743e+00 1.71000000e+01 -6.54551388e+00
 1.74000000e+01 0.00000000e+00 1.74000000e+01 2.13099807e+00 1.74000000e+01 -6.31142010e+00
 1.77000000e+01 0.00000000e+00 1.77000000e+01 2.02658715e+00 1.77000000e+01 -6.01572536e+00
 1.80000000e+01 0.00000000e+00 1.80000000e+01 1.25785772e+00 1.80000000e+01 -6.72878108e+00
 1.83000000e+01 0.00000000e+00 1.83000000e+01 1.70524506e+00 1.83000000e+01 -6.07744030e+00
 1.86000000e+01 0.00000000e+00 1.86000000e+01 1.05617705e+00 1.86000000e+01 -5.73890698e+00
 1.89000000e+01 0.00000000e+00 1.89000000e+01 1.07952138e+00 1.89000000e+01 -6.15041426e+00
 1.92000000e+01 0.00000000e+00 1.92000000e+01 1.38969902e+00 1.92000000e+01 -6.43190273e+00
 1.95000000e+01 0.00000000e+00 1.95000000e+01 1.74405274e+00 1.95000000e+01 -6.30032808e+00
 1.98000000e+01 0.00000000e+00 1.98000000e+01 1.88503802e+00 1.98000000e+01 -6.16171944e+00
 2.01000000e+01 0.00000000e+00 2.01000000e+01 2.06847530e+00 2.01000000e+01 -6.09113819e+00
 2.04000000e+01 0.00000000e+00 2.04000000e+01 1.29114549e+00 2.04000000e+01 -5.90614258e+00
 2.07000000e+01 0.00000000e+00 2.07000000e+01 2.29631238e+00 2.07000000e+01 -6.35579189e+00
 2.10000000e+01 0.00000000e+00 2.10000000e+01 8.97647988e-01 2.10000000e+01 -6.54876555e+00
 2.13000000e+01 0.00000000e+00 2.13000000e+01 1.89560266e+00 2.13000000e+01 -6.07329297e+00
 2.16000000e+01 0.00000000e+00 2.16000000e+01 1.18899599e+00 2.16000000e+01 -6.31048639e+00
 2.19000000e+01 0.00000000e+00 2.19000000e+01 1.53529912e+00 2.19000000e+01 -6.21270325e+00
 2.22000000e+01 0.00000000e+00 2.22000000e+01 1.36043904e+00 2.22000000e+01 -6.69232967e+00
 2.25000000e+01 0.00000000e+00 2.25000000e+01 1.77091478e+00 2.25000000e+01 -7.03169456e+00
 2.28000000e+01 0.00000000e+00 2.28000000e+01 1.39510631e+00 2.28000000e+01 -6.09027765e+00
 2.31000000e+01 0.00000000e+00 2.31000000e+01 1.51151570e+00 2.31000000e+01 -6.56488572e+00
 2.34000000e+01 0.00000000e+00 2.34000000e+01 1.67997306e+00 2.34000000e+01 -6.64790967e+00
 2.37000000e+01 0.00000000e+00 2.37000000e+01 1.27637615e+00 2.37000000e+01 -5.52103318e+00
 2.40000000e+01 0.00000000e+00 2.40000000e+01 1.60613728e+00 2.40000000e+01 -6.30610241e+00
 2.43000000e+01 0.00000000e+00 2.43000000e+01 1.57018874e+00 2.43000000e+01 -6.53229589e+00
 2.46000000e+01 0.00000000e+00 2.46000000e+01 1.71003550e+00 2.46000000e+01 -6.54175312e+00
 2.49000000e+01 0.00000000e+00 2.49000000e+01 1.99937200e+00 2.49000000e+01 -6.87217374e+00
 2.52000000e+01 0.00000000e+00 2.52000000e+01 1.73274636e+00 2.52000000e+01 -6.98562963e+00
 2.55000000e+01 0.00000000e+00 2.55000000e+01 2.35733610e+00 2.55000000e+01 -7.16427329e+00
 2.58000000e+01 0.00000000e+00 2.58000000e+01 1.71441134e+00 2.58000000e+01 -7.02903816e+00
 2.61000000e+01 0.00000000e+00 2.61000000e+01 2.17943713e+00 2.61000000e+01 -6.70751755e+00
 2.64000000e+01 0.00000000e+00 2.64000000e+01 2.06257782e+00 2.64000000e+01 -7.20627444e+00
 2.67000000e+01 0.00000000e+00 2.67000000e+01 1.85481192e+00 2.67000000e+01 -6.87791623e+00
 2.70000000e+01 0.00000000e+00 2.70000000e+01 1.96437003e+00 2.70000000e+01 -7.38056471e+00
 2.73000000e+01 0.00000000e+00 2.73000000e+01 1.67517364e+00 2.73000000e+01 -7.46176925e+00
 2.76000000e+01 0.00000000e+00 2.76000000e+01 2.79381955e+00 2.76000000e+01 -6.92295151e+00
 2.79000000e+01 0.00000000e+00 2.79000000e+01 2.29277056e+00 2.79000000e+01 -6.46808831e+00
 2.82000000e+01 0.00000000e+00 2.82000000e+01 2.23010327e+00 2.82000000e+01 -7.78092598e+00
 2.85000000e+01 0.00000000e+00 2.85000000e+01 2.25119626e+00 2.85000000e+01 -6.86625193e+00
 2.88000000e+01 0.00000000e+00 2.88000000e+01 1.59714605e+00 2.88000000e+01 -6.68282912e+00
 2.91000000e+01 0.00000000e+00 2.91000000e+01 1.98579266e+00 2.91000000e+01 -7.21747494e+00
 2.94000000e+01 0.00000000e+00 2.94000000e+01 2.03953895e+00 2.94000000e+01 -7.62296137e+00
 2.97000000e+01 0.00000000e+00 2.97000000e+01 2.29105987e+00 2.97000000e+01 -7.05365056e+00
 3.00000000e+01 0.00000000e+00 3.00000000e+01 2.14026948e+00 3.00000000e+01 -7.24074985e+00
 3.03000000e+01 0.00000000e+00 3.03000000e+01 1.93829622e+00 3.03000000e+01 -7.53406014e+00
 3.06000000e+01 0.00000000e+00 3.06000000e+01 2.36523736e+00 3.06000000e+01 -7.36700311e+00
 3.09000000e+01 0.00000000e+00 3.09000000e+01 2.52631666e+00 3.09000000e+01 -6.98334056e+00
 3.12000000e+01 0.00000000e+00 3.12000000e+01 2.21760109e+00 3.12000000e+01 -7.29928609e+00
 3.15000000e+01 0.00000000e+00 3.15000000e+01 2.43869383e+00 3.15000000e+01 -7.22796574e+00
 3.18000000e+01 0.00000000e+00 3.18000000e+01 2.32017913e+00 3.18000000e+01 -6.94905292e+00
 3.21000000e+01 0.00000000e+00 3.21000000e+01 2.11653013e+00 3.21000000e+01 -6.81398037e+00
 3.24000000e+01 0.00000000e+00 3.24000000e+01 2.01641942e+00 3.24000000e+01 -7.14206933e+00
 3.27000000e+01 0.00000000e+00 3.27000000e+01 3.04059217e+00 3.27000000e+01 -7.08279219e+00
 3.30000000e+01 0.00000000e+00 3.30000000e+01 1.93474968e+00 3.30000000e+01 -7.70357909e+00
 3.33000000e+01 0.00000000e+00 3.33000000e+01 2.69681484e+00 3.33000000e+01 -7.21425020e+00
 3.36000000e+01 0.00000000e+00 3.36000000e+01 1.76952271e+00 3.36000000e+01 -7.36060138e+00
 3.39000000e+01 0.00000000e+00 3.39000000e+01 1.68932250e+00 3.39000000e+01 -6.59047466e+00
 3.42000000e+01 0.00000000e+00 3.42000000e+01 2.30626482e+00 3.42000000e+01 -7.02233978e+00
 3.45000000e+01 0.00000000e+00 3.45000000e+01 2.13401895e+00 3.45000000e+01 -6.95425006e+00
 3.48000000e+01 0.00000000e+00 3.48000000e+01 2.05659413e+00 3.48000000e+01 -6.92551007e+00
 3.51000000e+01 0.00000000e+00 3.51000000e+01 5.69345587e+00 3.51000000e+01 -2.21299118e+00
 3.54000000e+01 0.00000000e+00 3.54000000e+01 5.58123962e+00 3.54000000e+01 -2.51493974e+00
 3.57000000e+01 0.00000000e+00 3.57000000e+01 6.23963592e+00 3.57000000e+01 -2.88064809e+00
 3.60000000e+01 0.00000000e+00 3.60000000e+01 6.28658095e+00 3.60000000e+01 -2.72244280e+00
 3.63000000e+01 0.00000000e+00 3.63000000e+01 5.57356410e+00 3.63000000e+01 -2.31752830e+00
 3.66000000e+01 0.00000000e+00 3.66000000e+01 5.96079831e+00 3.66000000e+01 -2.99111025e+00
 3.69000000e+01 0.00000000e+00 3.69000000e+01 5.79329978e+00 3.69000000e+01 -2.61958730e+00
 3.72000000e+01 0.00000000e+00 3.72000000e+01 5.94864911e+00 3.72000000e+01 -2.88744578e+00
 3.75000000e+01 0.00000000e+00 3.75000000e+01 5.89553692e+00 3.75000000e+01 -2.33575406e+00
 3.78000000e+01 0.00000000e+00 3.78000000e+01 5.98936542e+00 3.78000000e+01 -3.08877688e+00
 3.81000000e+01 0.00000000e+00 3.81000000e+01 5.06901702e+00 3.81000000e+01 -2.24576300e+00
 3.84000000e+01 0.00000000e+00 3.84000000e+01 5.84540443e+00 3.84000000e+01 -2.35519636e+00
 3.87000000e+01 0.00000000e+00 3.87000000e+01 6.25147119e+00 3.87000000e+01 -2.90759661e+00
 3.90000000e+01 0.00000000e+00 3.90000000e+01 5.84279185e+00 3.90000000e+01 -2.76685975e+00
 3.93000000e+01 0.00000000e+00 3.93000000e+01 5.95376346e+00 3.93000000e+01 -2.40239749e+00
 3.96000000e+01 0.00000000e+00 3.96000000e+01 5.51798229e+00 3.96000000e+01 -2.59852046e+00
 3.99000000e+01 0.00000000e+00 3.99000000e+01 6.03882943e+00 3.99000000e+01 -3.09125096e+00
 4.02000000e+01 0.00000000e+00 4.02000000e+01 6.05368680e+00 4.02000000e+01 -1.41235273e+00
 4.05000000e+01 0.00000000e+00 4.05000000e+01 5.71511359e+00 4.05000000e+01 -9.96571244e-01
 4.08000000e+01 0.00000000e+00 4.08000000e+01 5.48570413e+00 4.08000000e+01 -7.06578156e-01
 4.11000000e+01 0.00000000e+00 4.11000000e+01 5.64916333e+00 4.11000000e+01 -1.18491967e+00
 4.14000000e+01 0.00000000e+00 4.14000000e+01 5.83370631e+00 4.14000000e+01 -9.10571452e-01
 4.17000000e+01 0.00000000e+00 4.17000000e+01 5.83194681e+00 4.17000000e+01 -7.87102436e-01
 4.20000000e+01 0.00000000e+00 4.20000000e+01 5.94297891e+00 4.20000000e+01 -1.18348713e+00
 4.23000000e+01 0.00000000e+00 4.23000000e+01 4.58789224e+00 4.23000000e+01 -1.11603364e+00
 4.26000000e+01 0.00000000e+00 4.26000000e+01 5.23270745e+00 4.26000000e+01 -1.01843233e+00
 4.29000000e+01 0.00000000e+00 4.29000000e+01 4.88274720e+00 4.29000000e+01 -1.27154701e+00
 4.32000000e+01 0.00000000e+00 4.32000000e+01 6.07694339e+00 4.32000000e+01 -1.25000244e+00
 4.35000000e+01 0.00000000e+00 4.35000000e+01 5.41147116e+00 4.35000000e+01 -1.32366739e+00
 4.38000000e+01 0.00000000e+00 4.38000000e+01 5.91567370e+00 4.38000000e+01 -1.01438405e+00
 4.41000000e+01 0.00000000e+00 4.41000000e+01 5.77362482e+00 4.41000000e+01 -7.95648724e-01
 4.44000000e+01 0.00000000e+00 4.44000000e+01 5.52397257e+00 4.44000000e+01 -1.83232717e+00
 4.47000000e+01 0.00000000e+00 4.47000000e+01 5.33414178e+00 4.47000000e+01 -7.61165441e-01
 4.50000000e+01 0.00000000e+00 4.50000000e+01 5.35760388e+00 4.50000000e+01 -1.23095821e+00
 4.53000000e+01 0.00000000e+00 4.53000000e+01 5.67665280e+00 4.53000000e+01 -1.26586059e+00
 4.56000000e+01 0.00000000e+00 4.56000000e+01 6.14213505e+00 4.56000000e+01 -1.94922009e-01
 4.59000000e+01 0.00000000e+00 4.59000000e+01 5.60019465e+00 4.59000000e+01 -1.44046099e+00
 4.62000000e+01 0.00000000e+00 4.62000000e+01 5.81554180e+00 4.62000000e+01 -7.53012709e-01
 4.65000000e+01 0.00000000e+00 4.65000000e+01 5.53398013e+00 4.65000000e+01 -1.19677089e+00
 4.68000000e+01 0.00000000e+00 4.68000000e+01 6.14250521e+00 4.68000000e+01 1.00427453e-01
 4.71000000e+01 0.00000000e+00 4.71000000e+01 5.66719473e+00 4.71000000e+01 -7.61023881e-01
 4.74000000e+01 0.00000000e+00 4.74000000e+01 5.64473453e+00 4.74000000e+01 -1.32760708e+00
 4.77000000e+01 0.00000000e+00 4.77000000e+01 5.90825240e+00 4.77000000e+01 -9.63405189e-01
 4.80000000e+01 0.00000000e+00 4.80000000e+01 5.68987537e+00 4.80000000e+01 -1.01771824e+00
 4.83000000e+01 0.00000000e+00 4.83000000e+01 5.13203952e+00 4.83000000e+01 -7.51664713e-01
 4.86000000e+01 0.00000000e+00 4.86000000e+01 5.77835403e+00 4.86000000e+01 -1.86809423e+00
 4.89000000e+01 0.00000000e+00 4.89000000e+01 5.82222352e+00 4.89000000e+01 -9.02334579e-01
 4.92000000e+01 0.00000000e+00 4.92000000e+01 5.44667477e+00 4.92000000e+01 -1.09301531e+00
 4.95000000e+01 0.00000000e+00 4.95000000e+01 5.75186065e+00 4.95000000e+01 -1.00544430e+00
 4.98000000e+01 0.00000000e+00 4.98000000e+01 5.59040521e+00 4.98000000e+01 -1.59867082e+00
 5.01000000e+01 0.00000000e+00 5.01000000e+01 2.31250990e+00 5.01000000e+01 -3.31938902e+00
 5.04000000e+01 0.00000000e+00 5.04000000e+01 2.58674171e+00 5.04000000e+01 -3.74835842e+00
 5.07000000e+01 0.00000000e+00 5.07000000e+01 2.09390441e+00 5.07000000e+01 -2.90606656e+00
 5.10000000e+01 0.00000000e+00 5.10000000e+01 2.74071884e+00 5.10000000e+01 -3.18957005e+00
 5.13000000e+01 0.00000000e+00 5.13000000e+01 2.46048760e+00 5.13000000e+01 -3.06278795e+00
 5.16000000e+01 0.00000000e+00 5.16000000e+01 2.16152835e+00 5.16000000e+01 -3.41076866e+00
 5.19000000e+01 0.00000000e+00 5.19000000e+01 1.37604121e+00 5.19000000e+01 -3.18569781e+00
 5.22000000e+01 0.00000000e+00 5.22000000e+01 1.76099497e+00 5.22000000e+01 -3.28809848e+00
 5.25000000e+01 0.00000000e+00 5.25000000e+01 2.50830170e+00 5.25000000e+01 -3.40858911e+00
 5.28000000e+01 0.00000000e+00 5.28000000e+01 2.06974724e+00 5.28000000e+01 -2.66436955e+00
 5.31000000e+01 0.00000000e+00 5.31000000e+01 1.72476516e+00 5.31000000e+01 -2.96041040e+00
 5.34000000e+01 0.00000000e+00 5.34000000e+01 2.43864464e+00 5.34000000e+01 -3.03994372e+00
 5.37000000e+01 0.00000000e+00 5.37000000e+01 2.13591039e+00 5.37000000e+01 -2.91062046e+00
 5.40000000e+01 0.00000000e+00 5.40000000e+01 2.26886344e+00 5.40000000e+01 -3.31100396e+00
 5.43000000e+01 0.00000000e+00 5.43000000e+01 2.47410968e+00 5.43000000e+01 -3.03708940e+00
 5.46000000e+01 0.00000000e+00 5.46000000e+01 2.17910187e+00 5.46000000e+01 -3.32901633e+00
 5.49000000e+01 0.00000000e+00 5.49000000e+01 2.64032489e+00 5.49000000e+01 -3.62646799e+00
 5.52000000e+01 0.00000000e+00 5.52000000e+01 8.11992451e+00 5.52000000e+01 -4.62045214e+00
 5.55000000e+01 0.00000000e+00 5.55000000e+01 7.34845748e+00 5.55000000e+01 -5.42531383e+00
 5.58000000e+01 0.00000000e+00 5.58000000e+01 7.51757532e+00 5.58000000e+01 -5.06066470e+00
 5.61000000e+01 0.00000000e+00 5.61000000e+01 7.56967628e+00 5.61000000e+01 -4.78099686e+00
 5.64000000e+01 0.00000000e+00 5.64000000e+01 7.06963400e+00 5.64000000e+01 -5.26004966e+00
 5.67000000e+01 0.00000000e+00 5.67000000e+01 7.63516174e+00 5.67000000e+01 -5.42468685e+00
 5.70000000e+01 0.00000000e+00 5.70000000e+01 7.23193076e+00 5.70000000e+01 -5.21327328e+00
 5.73000000e+01 0.00000000e+00 5.73000000e+01 7.76644237e+00 5.73000000e+01 -5.14733248e+00
 5.76000000e+01 0.00000000e+00 5.76000000e+01 7.76313436e+00 5.76000000e+01 -4.92009574e+00
 5.79000000e+01 0.00000000e+00 5.79000000e+01 6.71787194e+00 5.79000000e+01 -5.45680629e+00
 5.82000000e+01 0.00000000e+00 5.82000000e+01 7.86369492e+00 5.82000000e+01 -4.72718381e+00
 5.85000000e+01 0.00000000e+00 5.85000000e+01 7.39657203e+00 5.85000000e+01 -5.09404651e+00
 5.88000000e+01 0.00000000e+00 5.88000000e+01 7.52797035e+00 5.88000000e+01 -4.83338370e+00
 5.91000000e+01 0.00000000e+00 5.91000000e+01 7.44766566e+00 5.91000000e+01 -4.90297804e+00
 5.94000000e+01 0.00000000e+00 5.94000000e+01 7.57293657e+00 5.94000000e+01 -5.01864206e+00
 5.97000000e+01 0.00000000e+00 5.97000000e+01 7.06530878e+00 5.97000000e+01 -5.14976154e+00
