 0.00000000e+00 0.00000000e+00 0.00000000e+00 7.90289664e+00 0.00000000e+00 -5.32444918e+00
 3.00000000e-01 0.00000000e+00 3.00000000e-01 8.24383065e+00 3.00000000e-01 -4.89740206e+00
 6.00000000e-01 0.00000000e+00 6.00000000e-01 8.53142943e+00 6.00000000e-01 -5.15129178e+00
 9.00000000e-01 0.00000000e+00 9.00000000e-01 8.37195183e+00 9.00000000e-01 -5.21117503e+00
 1.20000000e+00 0.00000000e+00 1.20000000e+00 8.00301038e+00 1.20000000e+00 -5.03226953e+00
 1.50000000e+00 0.00000000e+00 1.50000000e+00 8.39584540e+00 1.50000000e+00 -5.66307854e+00
 1.80000000e+00 0.00000000e+00 1.80000000e+00 8.91631805e+00 1.80000000e+00 -5.17180788e+00
 2.10000000e+00 0.00000000e+00 2.10000000e+00 9.02763500e+00 2.10000000e+00 -5.42635409e+00
 2.40000000e+00 0.00000000e+00 2.40000000e+00 8.46128202e+00 2.40000000e+00 -5.74982122e+00
 2.70000000e+00 0.00000000e+00 2.70000000e+00 8.59310373e+00 2.70000000e+00 -5.42175716e+00
 3.00000000e+00 0.00000000e+00 3.00000000e+00 8.08854790e+00 3.00000000e+00 -5.47872879e+00
 3.30000000e+00 0.00000000e+00 3.30000000e+00 8.16525357e+00 3.30000000e+00 -6.00820205e+00
 3.60000000e+00 0.00000000e+00 3.60000000e+00 8.58706025e+00 3.60000000e+00 -5.66581980e+00
 3.90000000e+00 0.00000000e+00 3.90000000e+00 9.06322276e+00 3.90000000e+00 -5.39395354e+00
 4.20000000e+00 0.00000000e+00 4.20000000e+00 8.72563657e+00 4.20000000e+00 -5.09053496e+00
 4.50000000e+00 0.00000000e+00 4.50000000e+00 8.03499599e+00 4.50000000e+00 -5.20318510e+00
 4.80000000e+00 0.00000000e+00 4.80000000e+00 8.52273855e+00 4.80000000e+00 -5.32133569e+00
 5.10000000e+00 0.00000000e+00 5.10000000e+00 8.67041808e+00 5.10000000e+00 -5.24984843e+00
 5.40000000e+00 0.00000000e+00 5.40000000e+00 8.43477035e+00 5.40000000e+00 -5.56672077e+00
 5.70000000e+00 0.00000000e+00 5.70000000e+00 7.98574883e+00 5.70000000e+00 -5.00084348e+00
 6.00000000e+00 0.00000000e+00 6.00000000e+00 8.69890594e+00 6.00000000e+00 -5.14257454e+00
 6.30000000e+00 0.00000000e+00 6.30000000e+00 8.59551202e+00 6.30000000e+00 -5.13866061e+00
 6.60000000e+00 0.00000000e+00 6.60000000e+00 7.98839114e+00 6.60000000e+00 -5.45633351e+00
 6.90000000e+00 0.00000000e+00 6.90000000e+00 7.91666577e+00 6.90000000e+00 -5.18241528e+00
 7.20000000e+00 0.00000000e+00 7.20000000e+00 8.27901458e+00 7.20000000e+00 -5.47164799e+00
 7.50000000e+00 0.00000000e+00 7.50000000e+00 8.61526960e+00 7.50000000e+00 -5.86691125e+00
 7.80000000e+00 0.00000000e+00 7.80000000e+00 8.49653215e+00 7.80000000e+00 -5.20817063e+00
 8.10000000e+00 0.00000000e+00 8.10000000e+00 8.79888803e+00 8.10000000e+00 -5.03424493e+00
 8.40000000e+00 0.00000000e+00 8.40000000e+00 8.32460992e+00 8.40000000e+00 -5.24442300e+00
 8.70000000e+00 0.00000000e+00 8.70000000e+00 8.37405230e+00 8.70000000e+00 -5.52652178e+00
 9.00000000e+00 0.00000000e+00 9.00000000e+00 8.54765733e+00 9.00000000e+00 -5.74761271e+00
 9.30000000e+00 0.00000000e+00 9.30000000e+00 8.03906802e+00 9.30000000e+00 -5.42405387e+00
 9.60000000e+00 0.00000000e+00 9.60000000e+00 8.24614004e+00 9.60000000e+00 -5.10056519e+00
 9.90000000e+00 0.00000000e+00 9.90000000e+00 8.69164749e+00 9.90000000e+00 -5.41897914e+00
 1.02000000e+01 0.00000000e+00 1.02000000e+01 7.91048073e+00 1.02000000e+01 -5.51385474e+00
 1.05000000e+01 0.00000000e+00 1.05000000e+01 8.03577397e+00 1.05000000e+01 -5.61557562e+00
 1.08000000e+01 0.00000000e+00 1.08000000e+01 8.76721335e+00 1.08000000e+01 -5.18646348e+00
 1.11000000e+01 0.00000000e+00 1.11000000e+01 8.66639062e+00 1.11000000e+01 -5.84909138e+00
 1.14000000e+01 0.00000000e+00 1.14000000e+01 8.60662225e+00 1.14000000e+01 -4.61606328e+00
 1.17000000e+01 0.00000000e+00 1.17000000e+01 8.31865630e+00 1.17000000e+01 -5.66482868e+00
 1.20000000e+01 0.00000000e+00 1.20000000e+01 8.54932999e+00 1.20000000e+01 -5.20313682e+00
 1.23000000e+01 0.00000000e+00 1.23000000e+01 8.62376141e+00 1.23000000e+01 -5.17115768e+00
 1.26000000e+01 0.00000000e+00 1.26000000e+01 8.19513348e+00 1.26000000e+01 -4.78333932e+00
 1.29000000e+01 0.00000000e+00 1.29000000e+01 8.76880180e+00 1.29000000e+01 -5.06671583e+00
 1.32000000e+01 0.00000000e+00 1.32000000e+01 8.41030899e+00 1.32000000e+01 -5.10827271e+00
 1.35000000e+01 0.00000000e+00 1.35000000e+01 8.95030317e+00 1.35000000e+01 -4.62648522e+00
 1.38000000e+01 0.00000000e+00 1.38000000e+01 8.45828783e+00 1.38000000e+01 -5.51505486e+00
 1.41000000e+01 0.00000000e+00 1.41000000e+01 8.20335912e+00 1.41000000e+01 -5.86519769e+00
 1.44000000e+01 0.00000000e+00 1.44000000e+01 9.14665597e+00 1.44000000e+01 -5.68301247e+00
 1.47000000e+01 0.00000000e+00 1.47000000e+01 8.07750228e+00 1.47000000e+01 -5.19558419e+00
 1.50000000e+01 0.00000000e+00 1.50000000e+01 8.52899392e+00 1.50000000e+01 -6.45809496e+00
 1.53000000e+01 0.00000000e+00 1.53000000e+01 -3.01624670e-01 1.53000000e+01 -5.00138137e+00
 1.56000000e+01 0.00000000e+00 1.56000000e+01 -1.69133014e-01 1.56000000e+01 -5.17945618e+00
 1.59000000e+01 0.00000000e+00 1.59000000e+01 4.00315677e-01 1.59000000e+01 -5.12313795e+00
 1.62000000e+01 0.00000000e+00 1.62000000e+01 -3.53615023e-01 1.62000000e+01 -5.53104431e+00
 1.65000000e+01 0.00000000e+00 1.65000000e+01 -3.40438313e-01 1.65000000e+01 -4.92974719e+00
 1.68000000e+01 0.00000000e+00 1.68000000e+01 6.60345329e-02 1.68000000e+01 -5.47923830e+00
 1.71000000e+01 0.00000000e+00 1.71000000e+01 -4.23103331e-01 1.71000000e+01 -4.53109362e+00
 1.74000000e+01 0.00000000e+00 1.74000000e+01 -1.82467629e-01 1.74000000e+01 -5.02503083e+00
 1.77000000e+01 0.00000000e+00 1.77000000e+01 1.93882498e-02 1.77000000e+01 -4.62026690e+00
 1.80000000e+01 0.00000000e+00 1.80000000e+01 -6.14900428e-02 1.80000000e+01 -4.97679933e+00
 1.83000000e+01 0.00000000e+00 1.83000000e+01 4.55502963e-01 1.83000000e+01 -5.40183093e+00
 1.86000000e+01 0.00000000e+00 1.86000000e+01 5.78520273e-02 1.86000000e+01 -4.69931144e+00
 1.89000000e+01 0.00000000e+00 1.89000000e+01 4.83738752e-02 1.89000000e+01 -5.15569962e+00
 1.92000000e+01 0.00000000e+00 1.92000000e+01 -4.21805916e-01 1.92000000e+01 -5.25959919e+00
 1.95000000e+01 0.00000000e+00 1.95000000e+01 1.11503047e-01 1.95000000e+01 -5.19287115e+00
 1.98000000e+01 0.00000000e+00 1.98000000e+01 -1.64818043e-01 1.98000000e+01 -4.95444000e+00
 2.01000000e+01 0.00000000e+00 2.01000000e+01 -5.37886645e-02 2.01000000e+01 -5.56789121e+00
 2.04000000e+01 0.00000000e+00 2.04000000e+01 2.12910989e-01 2.04000000e+01 -4.62818312e+00
 2.07000000e+01 0.00000000e+00 2.07000000e+01 -1.60124100e-01 2.07000000e+01 -5.22114638e+00
 2.10000000e+01 0.00000000e+00 2.10000000e+01 2.37161611e-01 2.10000000e+01 -5.31132079e+00
 2.13000000e+01 0.00000000e+00 2.13000000e+01 -1.61681212e-01 2.13000000e+01 -5.37427249e+00
 2.16000000e+01 0.00000000e+00 2.16000000e+01 -1.79192701e-03 2.16000000e+01 -4.97321224e+00
 2.19000000e+01 0.00000000e+00 2.19000000e+01 -1.37423306e-02 2.19000000e+01 -5.27859961e+00
 2.22000000e+01 0.00000000e+00 2.22000000e+01 -2.75879365e-01 2.22000000e+01 -4.68488360e+00
 2.25000000e+01 0.00000000e+00 2.25000000e+01 -3.02390908e-02 2.25000000e+01 -5.25942150e+00
 2.28000000e+01 0.00000000e+00 2.28000000e+01 -6.49363299e-01 2.28000000e+01 -5.15972041e+00
 2.31000000e+01 0.00000000e+00 2.31000000e+01 -1.59156904e-01 2.31000000e+01 -4.94607312e+00
 2.34000000e+01 0.00000000e+00 2.34000000e+01 3.07569129e-01 2.34000000e+01 -4.84943647e+00
 2.37000000e+01 0.00000000e+00 2.37000000e+01 4.64336642e-01 2.37000000e+01 -5.95988368e+00
 2.40000000e+01 0.00000000e+00 2.40000000e+01 3.62138283e-03 2.40000000e+01 -5.11539265e+00
 2.43000000e+01 0.00000000e+00 2.43000000e+01 -4.09793463e-01 2.43000000e+01 -5.75544779e+00
 2.46000000e+01 0.00000000e+00 2.46000000e+01 -2.17089118e-02 2.46000000e+01 -4.78545507e+00
 2.49000000e+01 0.00000000e+00 2.49000000e+01 -5.95683202e-01 2.49000000e+01 -4.60006589e+00
 2.52000000e+01 0.00000000e+00 2.52000000e+01 1.71493086e+00 2.52000000e+01 -4.69026345e+00
 2.55000000e+01 0.00000000e+00 2.55000000e+01 1.89592164e+00 2.55000000e+01 -5.29427986e+00
 2.58000000e+01 0.00000000e+00 2.58000000e+01 1.77099413e+00 2.58000000e+01 -4.55567526e+00
 2.61000000e+01 0.00000000e+00 2.61000000e+01 1.75204642e+00 2.61000000e+01 -4.93877421e+00
 2.64000000e+01 0.00000000e+00 2.64000000e+01 1.47928398e+00 2.64000000e+01 -4.82501902e+00
 2.67000000e+01 0.00000000e+00 2.67000000e+01 2.22965530e+00 2.67000000e+01 -5.44125208e+00
 2.70000000e+01 0.00000000e+00 2.70000000e+01 1.99792316e+00 2.70000000e+01 -5.20713868e+00
 2.73000000e+01 0.00000000e+00 2.73000000e+01 2.25670496e+00 2.73000000e+01 -4.74320460e+00
 2.76000000e+01 0.00000000e+00 2.76000000e+01 1.63709657e+00 2.76000000e+01 -4.47794801e+00
 2.79000000e+01 0.00000000e+00 2.79000000e+01 1.65665311e+00 2.79000000e+01 -4.50820615e+00
 2.82000000e+01 0.00000000e+00 2.82000000e+01 2.08082330e+00 2.82000000e+01 -4.93606982e+00
 2.85000000e+01 0.00000000e+00 2.85000000e+01 2.49323895e+00 2.85000000e+01 -5.35486444e+00
 2.88000000e+01 0.00000000e+00 2.88000000e+01 1.20723535e+00 2.88000000e+01 -4.81621555e+00
 2.91000000e+01 0.00000000e+00 2.91000000e+01 1.34804976e+00 2.91000000e+01 -4.46392011e+00
 2.94000000e+01 0.00000000e+00 2.94000000e+01 1.78614909e+00 2.94000000e+01 -4.59781336e+00
 2.97000000e+01 0.00000000e+00 2.97000000e+01 1.66677054e+00 2.97000000e+01 -4.59089586e+00
 3.00000000e+01 0.00000000e+00 3.00000000e+01 1.92242839e+00 3.00000000e+01 -4.07111557e+00
 3.03000000e+01 0.00000000e+00 3.03000000e+01 1.59451353e+00 3.03000000e+01 -4.88792270e+00
 3.06000000e+01 0.00000000e+00 3.06000000e+01 1.41293929e+00 3.06000000e+01 -4.43285376e+00
 3.09000000e+01 0.00000000e+00 3.09000000e+01 1.69425273e+00 3.09000000e+01 -4.68007865e+00
 3.12000000e+01 0.00000000e+00 3.12000000e+01 2.24016403e+00 3.12000000e+01 -4.82262410e+00
 3.15000000e+01 0.00000000e+00 3.15000000e+01 2.60178193e+00 3.15000000e+01 -4.99871297e+00
 3.18000000e+01 0.00000000e+00 3.18000000e+01 1.86614488e+00 3.18000000e+01 -4.67616414e+00
 3.21000000e+01 0.00000000e+00 3.21000000e+01 2.02262433e+00 3.21000000e+01 -4.56285895e+00
 3.24000000e+01 0.00000000e+00 3.24000000e+01 2.05768572e+00 3.24000000e+01 -4.46266809e+00
 3.27000000e+01 0.00000000e+00 3.27000000e+01 1.35488051e+00 3.27000000e+01 -4.54802467e+00
 3.30000000e+01 0.00000000e+00 3.30000000e+01 1.88992932e+00 3.30000000e+01 -4.62982958e+00
 3.33000000e+01 0.00000000e+00 3.33000000e+01 1.59572991e+00 3.33000000e+01 -5.20771615e+00
 3.36000000e+01 0.00000000e+00 3.36000000e+01 1.62709266e+00 3.36000000e+01 -5.13497202e+00
 3.39000000e+01 0.00000000e+00 3.39000000e+01 2.11120172e+00 3.39000000e+01 -4.49455647e+00
 3.42000000e+01 0.00000000e+00 3.42000000e+01 1.78336173e+00 3.42000000e+01 -4.59502483e+00
 3.45000000e+01 0.00000000e+00 3.45000000e+01 1.17300865e+00 3.45000000e+01 -5.14799912e+00
 3.48000000e+01 0.00000000e+00 3.48000000e+01 2.59391607e+00 3.48000000e+01 -4.51196993e+00
 3.51000000e+01 0.00000000e+00 3.51000000e+01 6.78592744e+00 3.51000000e+01 -9.94744306e-01
 3.54000000e+01 0.00000000e+00 3.54000000e+01 6.04950251e+00 3.54000000e+01 -1.68537820e+00
 3.57000000e+01 0.00000000e+00 3.57000000e+01 5.50415764e+00 3.57000000e+01 -1.75787122e+00
 3.60000000e+01 0.00000000e+00 3.60000000e+01 6.04425205e+00 3.60000000e+01 -1.11132224e+00
 3.63000000e+01 0.00000000e+00 3.63000000e+01 6.60622217e+00 3.63000000e+01 -1.59468086e+00
 3.66000000e+01 0.00000000e+00 3.66000000e+01 6.37646980e+00 3.66000000e+01 -1.69868644e+00
 3.69000000e+01 0.00000000e+00 3.69000000e+01 5.72441633e+00 3.69000000e+01 -1.75412566e+00
 3.72000000e+01 0.00000000e+00 3.72000000e+01 6.28652567e+00 3.72000000e+01 -1.48599733e+00
 3.75000000e+01 0.00000000e+00 3.75000000e+01 6.28876503e+00 3.75000000e+01 -2.33396509e+00
 3.78000000e+01 0.00000000e+00 3.78000000e+01 5.90074251e+00 3.78000000e+01 -1.42915127e+00
 3.81000000e+01 0.00000000e+00 3.81000000e+01 6.13234584e+00 3.81000000e+01 -1.40955338e+00
 3.84000000e+01 0.00000000e+00 3.84000000e+01 5.95685134e+00 3.84000000e+01 -2.64156582e+00
 3.87000000e+01 0.00000000e+00 3.87000000e+01 6.22559680e+00 3.87000000e+01 -1.69746967e+00
 3.90000000e+01 0.00000000e+00 3.90000000e+01 6.73707860e+00 3.90000000e+01 -1.45130763e+00
 3.93000000e+01 0.00000000e+00 3.93000000e+01 5.56377776e+00 3.93000000e+01 -1.89927812e+00
 3.96000000e+01 0.00000000e+00 3.96000000e+01 5.95990358e+00 3.96000000e+01 -1.17655346e+00
 3.99000000e+01 0.00000000e+00 3.99000000e+01 6.66989557e+00 3.99000000e+01 -1.77890150e+00
 4.02000000e+01 0.00000000e+00 4.02000000e+01 5.47439391e+00 4.02000000e+01 -2.42754238e+00
 4.05000000e+01 0.00000000e+00 4.05000000e+01 5.94827172e+00 4.05000000e+01 -2.12922684e+00
 4.08000000e+01 0.00000000e+00 4.08000000e+01 5.88836481e+00 4.08000000e+01 -2.09683519e+00
 4.11000000e+01 0.00000000e+00 4.11000000e+01 5.96149500e+00 4.11000000e+01 -2.03014714e+00
 4.14000000e+01 0.00000000e+00 4.14000000e+01 6.13410650e+00 4.14000000e+01 -1.84472679e+00
 4.17000000e+01 0.00000000e+00 4.17000000e+01 6.01116907e+00 4.17000000e+01 -2.56777183e+00
 4.20000000e+01 0.00000000e+00 4.20000000e+01 5.69249221e+00 4.20000000e+01 -2.05163844e+00
 4.23000000e+01 0.00000000e+00 4.23000000e+01 5.59529018e+00 4.23000000e+01 -2.12904389e+00
 4.26000000e+01 0.00000000e+00 4.26000000e+01 5.79864944e+00 4.26000000e+01 -2.90069236e+00
 4.29000000e+01 0.00000000e+00 4.29000000e+01 5.54457547e+00 4.29000000e+01 -2.68902490e+00
 4.32000000e+01 0.00000000e+00 4.32000000e+01 5.63673593e+00 4.32000000e+01 -2.15628937e+00
 4.35000000e+01 0.00000000e+00 4.35000000e+01 5.72878623e+00 4.35000000e+01 -1.76319824e+00
 4.38000000e+01 0.00000000e+00 4.38000000e+01 5.92199571e+00 4.38000000e+01 -2.30216925e+00
 4.41000000e+01 0.00000000e+00 4.41000000e+01 5.68104735e+00 4.41000000e+01 -2.65188575e+00
 4.44000000e+01 0.00000000e+00 4.44000000e+01 6.29607940e+00 4.44000000e+01 -2.16091468e+00
 4.47000000e+01 0.00000000e+00 4.47000000e+01 5.78133902e+00 4.47000000e+01 -2.51682371e+00
 4.50000000e+01 0.00000000e+00 4.50000000e+01 6.02774041e+00 4.50000000e+01 -2.53212594e+00
 4.53000000e+01 0.00000000e+00 4.53000000e+01 5.97371700e+00 4.53000000e+01 -1.89683064e+00
 4.56000000e+01 0.00000000e+00 4.56000000e+01 6.10169078e+00 4.56000000e+01 -2.30985230e+00
 4.59000000e+01 0.00000000e+00 4.59000000e+01 6.07281532e+00 4.59000000e+01 -2.25455263e+00
 4.62000000e+01 0.00000000e+00 4.62000000e+01 5.96826576e+00 4.62000000e+01 -2.00449273e+00
 4.65000000e+01 0.00000000e+00 4.65000000e+01 5.85871561e+00 4.65000000e+01 -2.28285867e+00
 4.68000000e+01 0.00000000e+00 4.68000000e+01 5.93503076e+00 4.68000000e+01 -2.10675731e+00
 4.71000000e+01 0.00000000e+00 4.71000000e+01 5.06130082e+00 4.71000000e+01 -1.92484919e+00
 4.74000000e+01 0.00000000e+00 4.74000000e+01 6.22865693e+00 4.74000000e+01 -2.11906045e+00
 4.77000000e+01 0.00000000e+00 4.77000000e+01 5.73760884e+00 4.77000000e+01 -2.27115515e+00
 4.80000000e+01 0.00000000e+00 4.80000000e+01 5.47863095e+00 4.80000000e+01 -2.42031594e+00
 4.83000000e+01 0.00000000e+00 4.83000000e+01 5.27349575e+00 4.83000000e+01 -2.89126503e+00
 4.86000000e+01 0.00000000e+00 4.86000000e+01 6.10269379e+00 4.86000000e+01 -1.89742809e+00
 4.89000000e+01 0.00000000e+00 4.89000000e+01 5.10610380e+00 4.89000000e+01 -1.78305441e+00
 4.92000000e+01 0.00000000e+00 4.92000000e+01 6.18169445e+00 4.92000000e+01 -2.85467138e+00
 4.95000000e+01 0.00000000e+00 4.95000000e+01 5.86319800e+00 4.95000000e+01 -1.95980024e+00
 4.98000000e+01 0.00000000e+00 4.98000000e+01 6.00788922e+00 4.98000000e+01 -2.93113828e+00
 5.01000000e+01 0.00000000e+00 5.01000000e+01 2.88445998e+00 5.01000000e+01 -4.31430936e+00
 5.04000000e+01 0.00000000e+00 5.04000000e+01 2.91885626e+00 5.04000000e+01 -3.97102875e+00
 5.07000000e+01 0.00000000e+00 5.07000000e+01 3.07919559e+00 5.07000000e+01 -4.58468981e+00
 5.10000000e+01 0.00000000e+00 5.10000000e+01 2.77866668e+00 5.10000000e+01 -3.72673290e+00
 5.13000000e+01 0.00000000e+00 5.13000000e+01 3.09927974e+00 5.13000000e+01 -3.94967460e+00
 5.16000000e+01 0.00000000e+00 5.16000000e+01 2.71964607e+00 5.16000000e+01 -4.60566206e+00
 5.19000000e+01 0.00000000e+00 5.19000000e+01 2.82965483e+00 5.19000000e+01 -4.91667968e+00
 5.22000000e+01 0.00000000e+00 5.22000000e+01 3.64938357e+00 5.22000000e+01 -4.04219429e+00
 5.25000000e+01 0.00000000e+00 5.25000000e+01 2.39924885e+00 5.25000000e+01 -4.14018003e+00
 5.28000000e+01 0.00000000e+00 5.28000000e+01 2.76864298e+00 5.28000000e+01 -3.93423272e+00
 5.31000000e+01 0.00000000e+00 5.31000000e+01 3.15668452e+00 5.31000000e+01 -4.07318313e+00
 5.34000000e+01 0.00000000e+00 5.34000000e+01 2.28087113e+00 5.34000000e+01 -4.89395814e+00
 5.37000000e+01 0.00000000e+00 5.37000000e+01 3.45173044e+00 5.37000000e+01 -4.18879134e+00
 5.40000000e+01 0.00000000e+00 5.40000000e+01 2.89769878e+00 5.40000000e+01 -4.05051597e+00
 5.43000000e+01 0.00000000e+00 5.43000000e+01 3.06291690e+00 5.43000000e+01 -4.42065231e+00
 5.46000000e+01 0.00000000e+00 5.46000000e+01 2.68674875e+00 5.46000000e+01 -4.37412349e+00
 5.49000000e+01 0.00000000e+00 5.49000000e+01 2.80864023e+00 5.49000000e+01 -4.38582089e+00
 5.52000000e+01 0.00000000e+00 5.52000000e+01 8.10832948e+00 5.52000000e+01 -5.23133662e+00
 5.55000000e+01 0.00000000e+00 5.55000000e+01 8.80477360e+00 5.55000000e+01 -5.59867119e+00
 5.58000000e+01 0.00000000e+00 5.58000000e+01 8.12533786e+00 5.58000000e+01 -4.88158945e+00
 5.61000000e+01 0.00000000e+00 5.61000000e+01 8.76872279e+00 5.61000000e+01 -5.73101544e+00
 5.64000000e+01 0.00000000e+00 5.64000000e+01 8.75485867e+00 5.64000000e+01 -5.23848411e+00
 5.67000000e+01 0.00000000e+00 5.67000000e+01 8.74116446e+00 5.67000000e+01 -5.57493166e+00
 5.70000000e+01 0.00000000e+00 5.70000000e+01 8.12305324e+00 5.70000000e+01 -5.64608079e+00
 5.73000000e+01 0.00000000e+00 5.73000000e+01 8.69160421e+00 5.73000000e+01 -5.16545081e+00
 5.76000000e+01 0.00000000e+00 5.76000000e+01 7.98353503e+00 5.76000000e+01 -5.17637211e+00
 5.79000000e+01 0.00000000e+00 5.79000000e+01 8.42456986e+00 5.79000000e+01 -4.73434425e+00
 5.82000000e+01 0.00000000e+00 5.82000000e+01 8.77709562e+00 5.82000000e+01 -5.36450262e+00
 5.85000000e+01 0.00000000e+00 5.85000000e+01 8.49853686e+00 5.85000000e+01 -5.12440280e+00
 5.88000000e+01 0.00000000e+00 5.88000000e+01 8.17039803e+00 5.88000000e+01 -5.38270435e+00
 5.91000000e+01 0.00000000e+00 5.91000000e+01 8.95869582e+00 5.91000000e+01 -5.02734996e+00
 5.94000000e+01 0.00000000e+00 5.94000000e+01 8.63967998e+00 5.94000000e+01 -5.39468863e+00
 5.97000000e+01 0.00000000e+00 5.97000000e+01 8.90086512e+00 5.97000000e+01 -5.56958879e+00
