 0.00000000e+00 0.00000000e+00 0.00000000e+00 6.75038413e+00 0.00000000e+00 -4.28826939e+00
 3.00000000e-01 0.00000000e+00 3.00000000e-01 7.13474679e+00 3.00000000e-01 -4.37005493e+00
 6.00000000e-01 0.00000000e+00 6.00000000e-01 6.25936744e+00 6.00000000e-01 -4.55870259e+00
 9.00000000e-01 0.00000000e+00 9.00000000e-01 6.92452900e+00 9.00000000e-01 -4.71630021e+00
 1.20000000e+00 0.00000000e+00 1.20000000e+00 6.85203341e+00 1.20000000e+00 -5.28565401e+00
 1.50000000e+00 0.00000000e+00 1.50000000e+00 6.54989823e+00 1.50000000e+00 -5.07326845e+00
 1.80000000e+00 0.00000000e+00 1.80000000e+00 6.77582686e+00 1.80000000e+00 -5.51972581e+00
 2.10000000e+00 0.00000000e+00 2.10000000e+00 7.03917050e+00 2.10000000e+00 -4.61729665e+00
 2.40000000e+00 0.00000000e+00 2.40000000e+00 6.93522930e+00 2.40000000e+00 -4.67629731e+00
 2.70000000e+00 0.00000000e+00 2.70000000e+00 6.60354844e+00 2.70000000e+00 -4.37270565e+00
 3.00000000e+00 0.00000000e+00 3.00000000e+00 7.00013344e+00 3.00000000e+00 -5.20630872e+00
 3.30000000e+00 0.00000000e+00 3.30000000e+00 7.12887534e+00 3.30000000e+00 -4.64171830e+00
 3.60000000e+00 0.00000000e+00 3.60000000e+00 7.11697470e+00 3.60000000e+00 -5.05540280e+00
 3.90000000e+00 0.00000000e+00 3.90000000e+00 7.11315008e+00 3.90000000e+00 -4.83983923e+00
 4.20000000e+00 0.00000000e+00 4.20000000e+00 7.07613260e+00 4.20000000e+00 -4.94404941e+00
 4.50000000e+00 0.00000000e+00 4.50000000e+00 6.69684542e+00 4.50000000e+00 -4.51798594e+00
 4.80000000e+00 0.00000000e+00 4.80000000e+00 6.51997801e+00 4.80000000e+00 -4.83908035e+00
 5.10000000e+00 0.00000000e+00 5.10000000e+00 6.96275690e+00 5.10000000e+00 -4.42780693e+00
 5.40000000e+00 0.00000000e+00 5.40000000e+00 7.64149070e+00 5.40000000e+00 -4.69059425e+00
 5.70000000e+00 0.00000000e+00 5.70000000e+00 7.41719740e+00 5.70000000e+00 -4.68278890e+00
 6.00000000e+00 0.00000000e+00 6.00000000e+00 7.15780644e+00 6.00000000e+00 -4.68075636e+00
 6.30000000e+00 0.00000000e+00 6.30000000e+00 7.06805428e+00 6.30000000e+00 -4.58384337e+00
 6.60000000e+00 0.00000000e+00 6.60000000e+00 7.12558867e+00 6.60000000e+00 -4.67009550e+00
 6.90000000e+00 0.00000000e+00 6.90000000e+00 6.81214662e+00 6.90000000e+00 -5.24026871e+00
 7.20000000e+00 0.00000000e+00 7.20000000e+00 6.98130664e+00 7.20000000e+00 -4.47376284e+00
 7.50000000e+00 0.00000000e+00 7.50000000e+00 6.90002891e+00 7.50000000e+00 -4.67492189e+00
 7.80000000e+00 0.00000000e+00 7.80000000e+00 6.92323137e+00 7.80000000e+00 -5.31866210e+00
 8.10000000e+00 0.00000000e+00 8.10000000e+00 7.06396663e+00 8.10000000e+00 -4.84626550e+00
 8.40000000e+00 0.00000000e+00 8.40000000e+00 6.58200732e+00 8.40000000e+00 -4.53332871e+00
 8.70000000e+00 0.00000000e+00 8.70000000e+00 7.13976645e+00 8.70000000e+00 -4.81500218e+00
 9.00000000e+00 0.00000000e+00 9.00000000e+00 7.79644732e+00 9.00000000e+00 -4.85411205e+00
 9.30000000e+00 0.00000000e+00 9.30000000e+00 6.43733948e+00 9.30000000e+00 -5.05209719e+00
 9.60000000e+00 0.00000000e+00 9.60000000e+00 6.81574451e+00 9.60000000e+00 -4.57055148e+00
 9.90000000e+00 0.00000000e+00 9.90000000e+00 6.42751911e+00 9.90000000e+00 -5.04664579e+00
 1.02000000e+01 0.00000000e+00 1.02000000e+01 6.46935991e+00 1.02000000e+01 -4.43663413e+00
 1.05000000e+01 0.00000000e+00 1.05000000e+01 7.34948720e+00 1.05000000e+01 -5.22311168e+00
 1.08000000e+01 0.00000000e+00 1.08000000e+01 6.66642880e+00 1.08000000e+01 -4.57411739e+00
 1.11000000e+01 0.00000000e+00 1.11000000e+01 7.02774214e+00 1.11000000e+01 -5.12752559e+00
 1.14000000e+01 0.00000000e+00 1.14000000e+01 6.43527404e+00 1.14000000e+01 -4.80774287e+00
 1.17000000e+01 0.00000000e+00 1.17000000e+01 6.59053136e+00 1.17000000e+01 -4.80583431e+00
 1.20000000e+01 0.00000000e+00 1.20000000e+01 7.05698857e+00 1.20000000e+01 -4.88509394e+00
 1.23000000e+01 0.00000000e+00 1.23000000e+01 5.75079240e+00 1.23000000e+01 -5.16267655e+00
 1.26000000e+01 0.00000000e+00 1.26000000e+01 6.42183035e+00 1.26000000e+01 -4.19064070e+00
 1.29000000e+01 0.00000000e+00 1.29000000e+01 6.59080354e+00 1.29000000e+01 -5.14606341e+00
 1.32000000e+01 0.00000000e+00 1.32000000e+01 6.68214011e+00 1.32000000e+01 -4.69281581e+00
 1.35000000e+01 0.00000000e+00 1.35000000e+01 6.86839605e+00 1.35000000e+01 -5.29004179e+00
 1.38000000e+01 0.00000000e+00 1.38000000e+01 6.69522583e+00 1.38000000e+01 -4.92322840e+00
 1.41000000e+01 0.00000000e+00 1.41000000e+01 6.82057103e+00 1.41000000e+01 -4.98576534e+00
 1.44000000e+01 0.00000000e+00 1.44000000e+01 6.98402151e+00 1.44000000e+01 -5.18368978e+00
 1.47000000e+01 0.00000000e+00 1.47000000e+01 7.11585464e+00 1.47000000e+01 -4.91341407e+00
 1.50000000e+01 0.00000000e+00 1.50000000e+01 6.56365792e+00 1.50000000e+01 -5.03959238e+00
 1.53000000e+01 0.00000000e+00 1.53000000e+01 3.33982626e+00 1.53000000e+01 -6.35506903e+00
 1.56000000e+01 0.00000000e+00 1.56000000e+01 2.70854681e+00 1.56000000e+01 -6.41105713e+00
 1.59000000e+01 0.00000000e+00 1.59000000e+01 3.20143564e+00 1.59000000e+01 -6.89063317e+00
 1.62000000e+01 0.00000000e+00 1.62000000e+01 3.12939451e+00 1.62000000e+01 -6.91150924e+00
 1.65000000e+01 0.00000000e+00 1.65000000e+01 3.33790147e+00 1.65000000e+01 -6.58070782e+00
 1.68000000e+01 0.00000000e+00 1.68000000e+01 2.84219900e+00 1.68000000e+01 -6.01158679e+00
 1.71000000e+01 0.00000000e+00 1.71000000e+01 2.88508577e+00 1.71000000e+01 -5.66875790e+00
 1.74000000e+01 0.00000000e+00 1.74000000e+01 3.59204822e+00 1.74000000e+01 -6.42690042e+00
 1.77000000e+01 0.00000000e+00 1.77000000e+01 2.98524909e+00 1.77000000e+01 -6.25128246e+00
 1.80000000e+01 0.00000000e+00 1.80000000e+01 3.36658648e+00 1.80000000e+01 -5.99123167e+00
 1.83000000e+01 0.00000000e+00 1.83000000e+01 2.12234780e+00 1.83000000e+01 -6.08176264e+00
 1.86000000e+01 0.00000000e+00 1.86000000e+01 2.96999683e+00 1.86000000e+01 -6.31963506e+00
 1.89000000e+01 0.00000000e+00 1.89000000e+01 2.81114813e+00 1.89000000e+01 -6.44161045e+00
 1.92000000e+01 0.00000000e+00 1.92000000e+01 2.95248302e+00 1.92000000e+01 -6.19415866e+00
 1.95000000e+01 0.00000000e+00 1.95000000e+01 2.42425270e+00 1.95000000e+01 -6.20293328e+00
 1.98000000e+01 0.00000000e+00 1.98000000e+01 3.19514840e+00 1.98000000e+01 -5.96101448e+00
 2.01000000e+01 0.00000000e+00 2.01000000e+01 3.36087016e+00 2.01000000e+01 -6.12937158e+00
 2.04000000e+01 0.00000000e+00 2.04000000e+01 2.83337208e+00 2.04000000e+01 -6.26467126e+00
 2.07000000e+01 0.00000000e+00 2.07000000e+01 3.10009271e+00 2.07000000e+01 -5.94875481e+00
 2.10000000e+01 0.00000000e+00 2.10000000e+01 2.85142953e+00 2.10000000e+01 -6.53873684e+00
 2.13000000e+01 0.00000000e+00 2.13000000e+01 2.66585126e+00 2.13000000e+01 -6.74827022e+00
 2.16000000e+01 0.00000000e+00 2.16000000e+01 2.90414146e+00 2.16000000e+01 -6.67869003e+00
 2.19000000e+01 0.00000000e+00 2.19000000e+01 2.77669399e+00 2.19000000e+01 -5.83607993e+00
 2.22000000e+01 0.00000000e+00 2.22000000e+01 2.48849352e+00 2.22000000e+01 -6.34964254e+00
 2.25000000e+01 0.00000000e+00 2.25000000e+01 3.49951726e+00 2.25000000e+01 -6.36891780e+00
 2.28000000e+01 0.00000000e+00 2.28000000e+01 2.68902448e+00 2.28000000e+01 -6.20577988e+00
 2.31000000e+01 0.00000000e+00 2.31000000e+01 2.22046017e+00 2.31000000e+01 -6.62327493e+00
 2.34000000e+01 0.00000000e+00 2.34000000e+01 2.61465681e+00 2.34000000e+01 -6.20527199e+00
 2.37000000e+01 0.00000000e+00 2.37000000e+01 3.04035141e+00 2.37000000e+01 -6.17754419e+00
 2.40000000e+01 0.00000000e+00 2.40000000e+01 2.29601027e+00 2.40000000e+01 -6.19755284e+00
 2.43000000e+01 0.00000000e+00 2.43000000e+01 2.51418735e+00 2.43000000e+01 -6.56815030e+00
 2.46000000e+01 0.00000000e+00 2.46000000e+01 3.20170903e+00 2.46000000e+01 -6.11759935e+00
 2.49000000e+01 0.00000000e+00 2.49000000e+01 2.99047482e+00 2.49000000e+01 -6.31195402e+00
 2.52000000e+01 0.00000000e+00 2.52000000e+01 1.99983024e+00 2.52000000e+01 -3.51526108e+00
 2.55000000e+01 0.00000000e+00 2.55000000e+01 1.91424760e+00 2.55000000e+01 -3.68590973e+00
 2.58000000e+01 0.00000000e+00 2.58000000e+01 2.94658440e+00 2.58000000e+01 -3.60899777e+00
 2.61000000e+01 0.00000000e+00 2.61000000e+01 1.85441171e+00 2.61000000e+01 -4.21533055e+00
 2.64000000e+01 0.00000000e+00 2.64000000e+01 2.24349013e+00 2.64000000e+01 -3.89832735e+00
 2.67000000e+01 0.00000000e+00 2.67000000e+01 2.07519682e+00 2.67000000e+01 -3.73988863e+00
 2.70000000e+01 0.00000000e+00 2.70000000e+01 2.30161107e+00 2.70000000e+01 -4.02228311e+00
 2.73000000e+01 0.00000000e+00 2.73000000e+01 2.26029999e+00 2.73000000e+01 -3.58802328e+00
 2.76000000e+01 0.00000000e+00 2.76000000e+01 2.29914263e+00 2.76000000e+01 -4.47382193e+00
 2.79000000e+01 0.00000000e+00 2.79000000e+01 2.07890006e+00 2.79000000e+01 -4.31465082e+00
 2.82000000e+01 0.00000000e+00 2.82000000e+01 1.68879590e+00 2.82000000e+01 -4.15270026e+00
 2.85000000e+01 0.00000000e+00 2.85000000e+01 1.69127313e+00 2.85000000e+01 -3.45110454e+00
 2.88000000e+01 0.00000000e+00 2.88000000e+01 2.08431640e+00 2.88000000e+01 -4.32420788e+00
 2.91000000e+01 0.00000000e+00 2.91000000e+01 1.53048155e+00 2.91000000e+01 -3.55807916e+00
 2.94000000e+01 0.00000000e+00 2.94000000e+01 2.33168216e+00 2.94000000e+01 -3.85359549e+00
 2.97000000e+01 0.00000000e+00 2.97000000e+01 1.90103098e+00 2.97000000e+01 -4.37808033e+00
 3.00000000e+01 0.00000000e+00 3.00000000e+01 2.23165764e+00 3.00000000e+01 -4.44647891e+00
 3.03000000e+01 0.00000000e+00 3.03000000e+01 2.06394222e+00 3.03000000e+01 -3.19638358e+00
 3.06000000e+01 0.00000000e+00 3.06000000e+01 1.99563299e+00 3.06000000e+01 -4.23431561e+00
 3.09000000e+01 0.00000000e+00 3.09000000e+01 1.91834576e+00 3.09000000e+01 -4.14790600e+00
 3.12000000e+01 0.00000000e+00 3.12000000e+01 2.13185825e+00 3.12000000e+01 -3.62213403e+00
 3.15000000e+01 0.00000000e+00 3.15000000e+01 2.20304550e+00 3.15000000e+01 -3.82095569e+00
 3.18000000e+01 0.00000000e+00 3.18000000e+01 2.15746418e+00 3.18000000e+01 -3.45907153e+00
 3.21000000e+01 0.00000000e+00 3.21000000e+01 2.39749818e+00 3.21000000e+01 -4.17110543e+00
 3.24000000e+01 0.00000000e+00 3.24000000e+01 1.99070805e+00 3.24000000e+01 -3.59720163e+00
 3.27000000e+01 0.00000000e+00 3.27000000e+01 1.90459319e+00 3.27000000e+01 -3.67947215e+00
 3.30000000e+01 0.00000000e+00 3.30000000e+01 1.91192477e+00 3.30000000e+01 -3.74071976e+00
 3.33000000e+01 0.00000000e+00 3.33000000e+01 1.73136471e+00 3.33000000e+01 -3.81347016e+00
 3.36000000e+01 0.00000000e+00 3.36000000e+01 1.80710359e+00 3.36000000e+01 -3.79695255e+00
 3.39000000e+01 0.00000000e+00 3.39000000e+01 2.14434154e+00 3.39000000e+01 -3.92797142e+00
 3.42000000e+01 0.00000000e+00 3.42000000e+01 1.77576906e+00 3.42000000e+01 -3.73590285e+00
 3.45000000e+01 0.00000000e+00 3.45000000e+01 2.34403878e+00 3.45000000e+01 -3.20036173e+00
 3.48000000e+01 0.00000000e+00 3.48000000e+01 2.31128641e+00 3.48000000e+01 -3.62052986e+00
 3.51000000e+01 0.00000000e+00 3.51000000e+01 5.02865084e+00 3.51000000e+01 -2.80825032e-01
 3.54000000e+01 0.00000000e+00 3.54000000e+01 5.26459253e+00 3.54000000e+01 -3.90773748e-01
 3.57000000e+01 0.00000000e+00 3.57000000e+01 5.36140547e+00 3.57000000e+01 -6.44537303e-01
 3.60000000e+01 0.00000000e+00 3.60000000e+01 4.78887303e+00 3.60000000e+01 -7.78646611e-01
 3.63000000e+01 0.00000000e+00 3.63000000e+01 5.12932883e+00 3.63000000e+01 -1.05024527e+00
 3.66000000e+01 0.00000000e+00 3.66000000e+01 4.52046301e+00 3.66000000e+01 -1.17800341e+00
 3.69000000e+01 0.00000000e+00 3.69000000e+01 5.26435570e+00 3.69000000e+01 1.54595951e-02
 3.72000000e+01 0.00000000e+00 3.72000000e+01 4.93953243e+00 3.72000000e+01 -4.95144366e-01
 3.75000000e+01 0.00000000e+00 3.75000000e+01 5.14717386e+00 3.75000000e+01 -2.71521139e-02
 3.78000000e+01 0.00000000e+00 3.78000000e+01 4.97168456e+00 3.78000000e+01 -5.07728297e-01
 3.81000000e+01 0.00000000e+00 3.81000000e+01 4.30953648e+00 3.81000000e+01 -3.88397062e-01
 3.84000000e+01 0.00000000e+00 3.84000000e+01 5.26511158e+00 3.84000000e+01 -3.04971360e-01
 3.87000000e+01 0.00000000e+00 3.87000000e+01 4.51002228e+00 3.87000000e+01 -7.97816408e-01
 3.90000000e+01 0.00000000e+00 3.90000000e+01 5.32570368e+00 3.90000000e+01 -5.50453187e-01
 3.93000000e+01 0.00000000e+00 3.93000000e+01 4.80114968e+00 3.93000000e+01 -5.74000033e-01
 3.96000000e+01 0.00000000e+00 3.96000000e+01 4.93633743e+00 3.96000000e+01 -7.20853630e-01
 3.99000000e+01 0.00000000e+00 3.99000000e+01 4.91442537e+00 3.99000000e+01 -4.80569981e-01
 4.02000000e+01 0.00000000e+00 4.02000000e+01 5.67829246e+00 4.02000000e+01 -2.39449702e+00
 4.05000000e+01 0.00000000e+00 4.05000000e+01 6.21300577e+00 4.05000000e+01 -3.24246375e+00
 4.08000000e+01 0.00000000e+00 4.08000000e+01 6.06220492e+00 4.08000000e+01 -2.15736822e+00
 4.11000000e+01 0.00000000e+00 4.11000000e+01 6.07063740e+00 4.11000000e+01 -2.60553555e+00
 4.14000000e+01 0.00000000e+00 4.14000000e+01 5.68216110e+00 4.14000000e+01 -2.77930184e+00
 4.17000000e+01 0.00000000e+00 4.17000000e+01 5.74628331e+00 4.17000000e+01 -2.97618845e+00
 4.20000000e+01 0.00000000e+00 4.20000000e+01 6.29688074e+00 4.20000000e+01 -3.29783892e+00
 4.23000000e+01 0.00000000e+00 4.23000000e+01 5.63272783e+00 4.23000000e+01 -3.57403579e+00
 4.26000000e+01 0.00000000e+00 4.26000000e+01 6.08976309e+00 4.26000000e+01 -3.33527503e+00
 4.29000000e+01 0.00000000e+00 4.29000000e+01 6.16537472e+00 4.29000000e+01 -2.80435700e+00
 4.32000000e+01 0.00000000e+00 4.32000000e+01 6.12794930e+00 4.32000000e+01 -2.77028807e+00
 4.35000000e+01 0.00000000e+00 4.35000000e+01 5.85070871e+00 4.35000000e+01 -2.94575640e+00
 4.38000000e+01 0.00000000e+00 4.38000000e+01 6.13493527e+00 4.38000000e+01 -2.94246487e+00
 4.41000000e+01 0.00000000e+00 4.41000000e+01 5.68240752e+00 4.41000000e+01 -3.05402202e+00
 4.44000000e+01 0.00000000e+00 4.44000000e+01 5.62319740e+00 4.44000000e+01 -3.22445958e+00
 4.47000000e+01 0.00000000e+00 4.47000000e+01 5.49386417e+00 4.47000000e+01 -2.63478217e+00
 4.50000000e+01 0.00000000e+00 4.50000000e+01 5.56185645e+00 4.50000000e+01 -2.60327344e+00
 4.53000000e+01 0.00000000e+00 4.53000000e+01 6.17888591e+00 4.53000000e+01 -2.90938675e+00
 4.56000000e+01 0.00000000e+00 4.56000000e+01 5.81343173e+00 4.56000000e+01 -3.16200159e+00
 4.59000000e+01 0.00000000e+00 4.59000000e+01 5.44083056e+00 4.59000000e+01 -2.82448485e+00
 4.62000000e+01 0.00000000e+00 4.62000000e+01 5.79404489e+00 4.62000000e+01 -3.13781093e+00
 4.65000000e+01 0.00000000e+00 4.65000000e+01 5.57282914e+00 4.65000000e+01 -3.10775692e+00
 4.68000000e+01 0.00000000e+00 4.68000000e+01 5.79843544e+00 4.68000000e+01 -2.55240966e+00
 4.71000000e+01 0.00000000e+00 4.71000000e+01 6.89184615e+00 4.71000000e+01 -2.40599455e+00
 4.74000000e+01 0.00000000e+00 4.74000000e+01 5.74483820e+00 4.74000000e+01 -2.72561728e+00
 4.77000000e+01 0.00000000e+00 4.77000000e+01 5.71282217e+00 4.77000000e+01 -2.91451345e+00
 4.80000000e+01 0.00000000e+00 4.80000000e+01 6.10746507e+00 4.80000000e+01 -3.23690733e+00
 4.83000000e+01 0.00000000e+00 4.83000000e+01 6.23764255e+00 4.83000000e+01 -2.44861262e+00
 4.86000000e+01 0.00000000e+00 4.86000000e+01 5.83216998e+00 4.86000000e+01 -3.19835183e+00
 4.89000000e+01 0.00000000e+00 4.89000000e+01 6.56914522e+00 4.89000000e+01 -2.77205552e+00
 4.92000000e+01 0.00000000e+00 4.92000000e+01 6.12920035e+00 4.92000000e+01 -2.52303091e+00
 4.95000000e+01 0.00000000e+00 4.95000000e+01 6.17273705e+00 4.95000000e+01 -2.79222784e+00
 4.98000000e+01 0.00000000e+00 4.98000000e+01 5.49715365e+00 4.98000000e+01 -2.55768067e+00
 5.01000000e+01 0.00000000e+00 5.01000000e+01 2.45188402e+00 5.01000000e+01 -4.48256650e+00
 5.04000000e+01 0.00000000e+00 5.04000000e+01 2.08602344e+00 5.04000000e+01 -4.02969474e+00
 5.07000000e+01 0.00000000e+00 5.07000000e+01 2.05607935e+00 5.07000000e+01 -4.58029859e+00
 5.10000000e+01 0.00000000e+00 5.10000000e+01 2.41053045e+00 5.10000000e+01 -4.26233319e+00
 5.13000000e+01 0.00000000e+00 5.13000000e+01 1.98378298e+00 5.13000000e+01 -3.90639300e+00
 5.16000000e+01 0.00000000e+00 5.16000000e+01 1.53673555e+00 5.16000000e+01 -4.62529117e+00
 5.19000000e+01 0.00000000e+00 5.19000000e+01 2.68411130e+00 5.19000000e+01 -4.56538418e+00
 5.22000000e+01 0.00000000e+00 5.22000000e+01 2.15625380e+00 5.22000000e+01 -4.68961864e+00
 5.25000000e+01 0.00000000e+00 5.25000000e+01 2.18767148e+00 5.25000000e+01 -3.75911383e+00
 5.28000000e+01 0.00000000e+00 5.28000000e+01 1.30419420e+00 5.28000000e+01 -4.09265349e+00
 5.31000000e+01 0.00000000e+00 5.31000000e+01 2.32802866e+00 5.31000000e+01 -4.49678938e+00
 5.34000000e+01 0.00000000e+00 5.34000000e+01 2.41093671e+00 5.34000000e+01 -3.82498058e+00
 5.37000000e+01 0.00000000e+00 5.37000000e+01 1.96639920e+00 5.37000000e+01 -3.86898999e+00
 5.40000000e+01 0.00000000e+00 5.40000000e+01 2.13196337e+00 5.40000000e+01 -4.05080572e+00
 5.43000000e+01 0.00000000e+00 5.43000000e+01 2.38647477e+00 5.43000000e+01 -3.57198846e+00
 5.46000000e+01 0.00000000e+00 5.46000000e+01 2.04893448e+00 5.46000000e+01 -4.22110838e+00
 5.49000000e+01 0.00000000e+00 5.49000000e+01 2.37612663e+00 5.49000000e+01 -4.49753490e+00
 5.52000000e+01 0.00000000e+00 5.52000000e+01 6.91912373e+00 5.52000000e+01 -4.99626726e+00
 5.55000000e+01 0.00000000e+00 5.55000000e+01 6.49941170e+00 5.55000000e+01 -4.70995966e+00
 5.58000000e+01 0.00000000e+00 5.58000000e+01 6.67127804e+00 5.58000000e+01 -4.17630880e+00
 5.61000000e+01 0.00000000e+00 5.61000000e+01 6.50042047e+00 5.61000000e+01 -4.47915546e+00
 5.64000000e+01 0.00000000e+00 5.64000000e+01 6.79704449e+00 5.64000000e+01 -4.87914278e+00
 5.67000000e+01 0.00000000e+00 5.67000000e+01 7.31876798e+00 5.67000000e+01 -4.65076829e+00
 5.70000000e+01 0.00000000e+00 5.70000000e+01 6.58223050e+00 5.70000000e+01 -4.56024327e+00
 5.73000000e+01 0.00000000e+00 5.73000000e+01 6.79889895e+00 5.73000000e+01 -4.26991636e+00
 5.76000000e+01 0.00000000e+00 5.76000000e+01 7.14556877e+00 5.76000000e+01 -4.89871982e+00
 5.79000000e+01 0.00000000e+00 5.79000000e+01 6.89670685e+00 5.79000000e+01 -4.65013207e+00
 5.82000000e+01 0.00000000e+00 5.82000000e+01 6.64048488e+00 5.82000000e+01 -5.10637482e+00
 5.85000000e+01 0.00000000e+00 5.85000000e+01 7.03924409e+00 5.85000000e+01 -4.98186205e+00
 5.88000000e+01 0.00000000e+00 5.88000000e+01 7.02178832e+00 5.88000000e+01 -5.00650408e+00
 5.91000000e+01 0.00000000e+00 5.91000000e+01 6.79889202e+00 5.91000000e+01 -4.84657161e+00
 5.94000000e+01 0.00000000e+00 5.94000000e+01 6.91058275e+00 5.94000000e+01 -4.38135574e+00
 5.97000000e+01 0.00000000e+00 5.97000000e+01 6.38558621e+00 5.97000000e+01 -5.25496566e+00
