 0.00000000e+00 0.00000000e+00 0.00000000e+00 5.44510971e+00 0.00000000e+00 -5.39873699e+00
 3.00000000e-01 0.00000000e+00 3.00000000e-01 5.42075578e+00 3.00000000e-01 -5.36279329e+00
 6.00000000e-01 0.00000000e+00 6.00000000e-01 5.64966402e+00 6.00000000e-01 -6.00243475e+00
 9.00000000e-01 0.00000000e+00 9.00000000e-01 6.05341406e+00 9.00000000e-01 -5.86782578e+00
 1.20000000e+00 0.00000000e+00 1.20000000e+00 5.59055597e+00 1.20000000e+00 -4.87563607e+00
 1.50000000e+00 0.00000000e+00 1.50000000e+00 5.59300362e+00 1.50000000e+00 -5.53643739e+00
 1.80000000e+00 0.00000000e+00 1.80000000e+00 6.87755788e+00 1.80000000e+00 -4.82393792e+00
 2.10000000e+00 0.00000000e+00 2.10000000e+00 6.25391540e+00 2.10000000e+00 -5.85610811e+00
 2.40000000e+00 0.00000000e+00 2.40000000e+00 6.01815749e+00 2.40000000e+00 -5.25707215e+00
 2.70000000e+00 0.00000000e+00 2.70000000e+00 6.16893547e+00 2.70000000e+00 -4.69157782e+00
 3.00000000e+00 0.00000000e+00 3.00000000e+00 5.75785571e+00 3.00000000e+00 -5.40978410e+00
 3.30000000e+00 0.00000000e+00 3.30000000e+00 6.03244276e+00 3.30000000e+00 -4.49447900e+00
 3.60000000e+00 0.00000000e+00 3.60000000e+00 6.42733914e+00 3.60000000e+00 -6.41220293e+00
 3.90000000e+00 0.00000000e+00 3.90000000e+00 6.00854744e+00 3.90000000e+00 -4.87467124e+00
 4.20000000e+00 0.00000000e+00 4.20000000e+00 6.40850512e+00 4.20000000e+00 -5.31612111e+00
 4.50000000e+00 0.00000000e+00 4.50000000e+00 5.74365552e+00 4.50000000e+00 -5.35845234e+00
 4.80000000e+00 0.00000000e+00 4.80000000e+00 5.52150766e+00 4.80000000e+00 -5.61874850e+00
 5.10000000e+00 0.00000000e+00 5.10000000e+00 6.12016719e+00 5.10000000e+00 -5.28598328e+00
 5.40000000e+00 0.00000000e+00 5.40000000e+00 5.81648802e+00 5.40000000e+00 -5.92909421e+00
 5.70000000e+00 0.00000000e+00 5.70000000e+00 6.11563966e+00 5.70000000e+00 -5.29313427e+00
 6.00000000e+00 0.00000000e+00 6.00000000e+00 6.16972612e+00 6.00000000e+00 -5.12784644e+00
 6.30000000e+00 0.00000000e+00 6.30000000e+00 5.68947745e+00 6.30000000e+00 -5.61961573e+00
 6.60000000e+00 0.00000000e+00 6.60000000e+00 6.10001743e+00 6.60000000e+00 -5.16482199e+00
 6.90000000e+00 0.00000000e+00 6.90000000e+00 6.22949655e+00 6.90000000e+00 -5.10628958e+00
 7.20000000e+00 0.00000000e+00 7.20000000e+00 6.01524774e+00 7.20000000e+00 -5.48260086e+00
 7.50000000e+00 0.00000000e+00 7.50000000e+00 6.34767154e+00 7.50000000e+00 -5.72043527e+00
 7.80000000e+00 0.00000000e+00 7.80000000e+00 6.70410366e+00 7.80000000e+00 -5.33184135e+00
 8.10000000e+00 0.00000000e+00 8.10000000e+00 5.95702159e+00 8.10000000e+00 -5.90123402e+00
 8.40000000e+00 0.00000000e+00 8.40000000e+00 5.89799220e+00 8.40000000e+00 -5.29648982e+00
 8.70000000e+00 0.00000000e+00 8.70000000e+00 6.19405869e+00 8.70000000e+00 -5.37964226e+00
 9.00000000e+00 0.00000000e+00 9.00000000e+00 6.21244289e+00 9.00000000e+00 -4.85918538e+00
 9.30000000e+00 0.00000000e+00 9.30000000e+00 6.05892510e+00 9.30000000e+00 -5.49301641e+00
 9.60000000e+00 0.00000000e+00 9.60000000e+00 6.02567258e+00 9.60000000e+00 -5.67386865e+00
 9.90000000e+00 0.00000000e+00 9.90000000e+00 5.81187088e+00 9.90000000e+00 -4.90034205e+00
 1.02000000e+01 0.00000000e+00 1.02000000e+01 5.88789586e+00 1.02000000e+01 -5.85014864e+00
 1.05000000e+01 0.00000000e+00 1.05000000e+01 6.07303777e+00 1.05000000e+01 -5.45872227e+00
 1.08000000e+01 0.00000000e+00 1.08000000e+01 6.00939979e+00 1.08000000e+01 -5.15177317e+00
 1.11000000e+01 0.00000000e+00 1.11000000e+01 5.63472599e+00 1.11000000e+01 -5.40015307e+00
 1.14000000e+01 0.00000000e+00 1.14000000e+01 5.69429632e+00 1.14000000e+01 -4.79815614e+00
 1.17000000e+01 0.00000000e+00 1.17000000e+01 5.94840521e+00 1.17000000e+01 -5.69507858e+00
 1.20000000e+01 0.00000000e+00 1.20000000e+01 5.97881066e+00 1.20000000e+01 -5.38229539e+00
 1.23000000e+01 0.00000000e+00 1.23000000e+01 5.99907356e+00 1.23000000e+01 -5.33604711e+00
 1.26000000e+01 0.00000000e+00 1.26000000e+01 6.13138714e+00 1.26000000e+01 -6.07944814e+00
 1.29000000e+01 0.00000000e+00 1.29000000e+01 6.00919452e+00 1.29000000e+01 -6.14163615e+00
 1.32000000e+01 0.00000000e+00 1.32000000e+01 5.88939720e+00 1.32000000e+01 -5.32843311e+00
 1.35000000e+01 0.00000000e+00 1.35000000e+01 5.88455836e+00 1.35000000e+01 -5.27271395e+00
 1.38000000e+01 0.00000000e+00 1.38000000e+01 6.15873880e+00 1.38000000e+01 -4.74073847e+00
 1.41000000e+01 0.00000000e+00 1.41000000e+01 6.39318071e+00 1.41000000e+01 -4.85833862e+00
 1.44000000e+01 0.00000000e+00 1.44000000e+01 5.53970837e+00 1.44000000e+01 -5.36133696e+00
 1.47000000e+01 0.00000000e+00 1.47000000e+01 5.87008388e+00 1.47000000e+01 -5.13053052e+00
 1.50000000e+01 0.00000000e+00 1.50000000e+01 6.06002266e+00 1.50000000e+01 -4.99179156e+00
 1.53000000e+01 0.00000000e+00 1.53000000e+01 2.61305294e+00 1.53000000e+01 -3.35913021e+00
 1.56000000e+01 0.00000000e+00 1.56000000e+01 2.27076856e+00 1.56000000e+01 -3.59144844e+00
 1.59000000e+01 0.00000000e+00 1.59000000e+01 2.42304666e+00 1.59000000e+01 -3.09024461e+00
 1.62000000e+01 0.00000000e+00 1.62000000e+01 2.38813920e+00 1.62000000e+01 -3.71191898e+00
 1.65000000e+01 0.00000000e+00 1.65000000e+01 1.94134337e+00 1.65000000e+01 -3.87070545e+00
 1.68000000e+01 0.00000000e+00 1.68000000e+01 2.76174545e+00 1.68000000e+01 -3.35557277e+00
 1.71000000e+01 0.00000000e+00 1.71000000e+01 2.54929473e+00 1.71000000e+01 -3.49219938e+00
 1.74000000e+01 0.00000000e+00 1.74000000e+01 2.71149314e+00 1.74000000e+01 -3.56385745e+00
 1.77000000e+01 0.00000000e+00 1.77000000e+01 2.37227347e+00 1.77000000e+01 -3.80356322e+00
 1.80000000e+01 0.00000000e+00 1.80000000e+01 2.20962937e+00 1.80000000e+01 -3.05602634e+00
 1.83000000e+01 0.00000000e+00 1.83000000e+01 2.36835167e+00 1.83000000e+01 -4.24967213e+00
 1.86000000e+01 0.00000000e+00 1.86000000e+01 2.27625769e+00 1.86000000e+01 -3.67666162e+00
 1.89000000e+01 0.00000000e+00 1.89000000e+01 2.25535030e+00 1.89000000e+01 -3.60849632e+00
 1.92000000e+01 0.00000000e+00 1.92000000e+01 2.09429730e+00 1.92000000e+01 -4.18228208e+00
 1.95000000e+01 0.00000000e+00 1.95000000e+01 2.12918655e+00 1.95000000e+01 -3.74438381e+00
 1.98000000e+01 0.00000000e+00 1.98000000e+01 2.70699300e+00 1.98000000e+01 -3.62163005e+00
 2.01000000e+01 0.00000000e+00 2.01000000e+01 1.79230006e+00 2.01000000e+01 -3.40481138e+00
 2.04000000e+01 0.00000000e+00 2.04000000e+01 2.25487585e+00 2.04000000e+01 -4.22736049e+00
 2.07000000e+01 0.00000000e+00 2.07000000e+01 2.49995333e+00 2.07000000e+01 -3.56736542e+00
 2.10000000e+01 0.00000000e+00 2.10000000e+01 2.01286779e+00 2.10000000e+01 -2.79534473e+00
 2.13000000e+01 0.00000000e+00 2.13000000e+01 2.28361541e+00 2.13000000e+01 -3.63935995e+00
 2.16000000e+01 0.00000000e+00 2.16000000e+01 2.59366737e+00 2.16000000e+01 -3.38705577e+00
 2.19000000e+01 0.00000000e+00 2.19000000e+01 1.96768192e+00 2.19000000e+01 -3.45521832e+00
 2.22000000e+01 0.00000000e+00 2.22000000e+01 2.24459407e+00 2.22000000e+01 -3.54011111e+00
 2.25000000e+01 0.00000000e+00 2.25000000e+01 2.33798146e+00 2.25000000e+01 -4.13822143e+00
 2.28000000e+01 0.00000000e+00 2.28000000e+01 1.72450344e+00 2.28000000e+01 -3.95937478e+00
 2.31000000e+01 0.00000000e+00 2.31000000e+01 2.14616423e+00 2.31000000e+01 -3.80282609e+00
 2.34000000e+01 0.00000000e+00 2.34000000e+01 2.53703713e+00 2.34000000e+01 -2.94261744e+00
 2.37000000e+01 0.00000000e+00 2.37000000e+01 2.49691423e+00 2.37000000e+01 -3.32573413e+00
 2.40000000e+01 0.00000000e+00 2.40000000e+01 1.81886581e+00 2.40000000e+01 -3.45107721e+00
 2.43000000e+01 0.00000000e+00 2.43000000e+01 2.48135720e+00 2.43000000e+01 -3.62961978e+00
 2.46000000e+01 0.00000000e+00 2.46000000e+01 2.75731556e+00 2.46000000e+01 -3.91163325e+00
 2.49000000e+01 0.00000000e+00 2.49000000e+01 1.86459524e+00 2.49000000e+01 -3.52211871e+00
 2.52000000e+01 0.00000000e+00 2.52000000e+01 2.19126162e+00 2.52000000e+01 -4.89137847e+00
 2.55000000e+01 0.00000000e+00 2.55000000e+01 2.62346752e+00 2.55000000e+01 -4.91432280e+00
 2.58000000e+01 0.00000000e+00 2.58000000e+01 1.61589827e+00 2.58000000e+01 -4.67637577e+00
 2.61000000e+01 0.00000000e+00 2.61000000e+01 2.43185565e+00 2.61000000e+01 -5.24258337e+00
 2.64000000e+01 0.00000000e+00 2.64000000e+01 2.29449661e+00 2.64000000e+01 -4.52544791e+00
 2.67000000e+01 0.00000000e+00 2.67000000e+01 2.51443596e+00 2.67000000e+01 -4.67486215e+00
 2.70000000e+01 0.00000000e+00 2.70000000e+01 2.32379559e+00 2.70000000e+01 -4.83675714e+00
 2.73000000e+01 0.00000000e+00 2.73000000e+01 1.57483770e+00 2.73000000e+01 -5.01928399e+00
 2.76000000e+01 0.00000000e+00 2.76000000e+01 2.22437399e+00 2.76000000e+01 -4.90598664e+00
 2.79000000e+01 0.00000000e+00 2.79000000e+01 2.67944427e+00 2.79000000e+01 -4.50576368e+00
 2.82000000e+01 0.00000000e+00 2.82000000e+01 2.58665002e+00 2.82000000e+01 -4.32541144e+00
 2.85000000e+01 0.00000000e+00 2.85000000e+01 2.16799104e+00 2.85000000e+01 -5.23746966e+00
 2.88000000e+01 0.00000000e+00 2.88000000e+01 2.01199789e+00 2.88000000e+01 -4.31115530e+00
 2.91000000e+01 0.00000000e+00 2.91000000e+01 1.90846302e+00 2.91000000e+01 -4.09662399e+00
 2.94000000e+01 0.00000000e+00 2.94000000e+01 1.00153792e+00 2.94000000e+01 -4.86628781e+00
 2.97000000e+01 0.00000000e+00 2.97000000e+01 1.82070152e+00 2.97000000e+01 -5.06240482e+00
 3.00000000e+01 0.00000000e+00 3.00000000e+01 1.71905404e+00 3.00000000e+01 -4.89444213e+00
 3.03000000e+01 0.00000000e+00 3.03000000e+01 2.29452680e+00 3.03000000e+01 -4.88937400e+00
 3.06000000e+01 0.00000000e+00 3.06000000e+01 2.47293518e+00 3.06000000e+01 -4.77830202e+00
 3.09000000e+01 0.00000000e+00 3.09000000e+01 2.30345299e+00 3.09000000e+01 -5.33083384e+00
 3.12000000e+01 0.00000000e+00 3.12000000e+01 1.90067149e+00 3.12000000e+01 -4.67871761e+00
 3.15000000e+01 0.00000000e+00 3.15000000e+01 2.07131009e+00 3.15000000e+01 -5.16181313e+00
 3.18000000e+01 0.00000000e+00 3.18000000e+01 2.34593072e+00 3.18000000e+01 -4.52399469e+00
 3.21000000e+01 0.00000000e+00 3.21000000e+01 2.43110232e+00 3.21000000e+01 -5.25070686e+00
 3.24000000e+01 0.00000000e+00 3.24000000e+01 2.55516163e+00 3.24000000e+01 -4.14934874e+00
 3.27000000e+01 0.00000000e+00 3.27000000e+01 2.40740569e+00 3.27000000e+01 -4.62354200e+00
 3.30000000e+01 0.00000000e+00 3.30000000e+01 2.16040810e+00 3.30000000e+01 -4.54274251e+00
 3.33000000e+01 0.00000000e+00 3.33000000e+01 2.33873090e+00 3.33000000e+01 -4.83064432e+00
 3.36000000e+01 0.00000000e+00 3.36000000e+01 2.91263417e+00 3.36000000e+01 -5.16374628e+00
 3.39000000e+01 0.00000000e+00 3.39000000e+01 1.94695958e+00 3.39000000e+01 -4.57247969e+00
 3.42000000e+01 0.00000000e+00 3.42000000e+01 1.40467855e+00 3.42000000e+01 -4.69771144e+00
 3.45000000e+01 0.00000000e+00 3.45000000e+01 2.15160078e+00 3.45000000e+01 -4.77726271e+00
 3.48000000e+01 0.00000000e+00 3.48000000e+01 2.60039707e+00 3.48000000e+01 -4.75593327e+00
 3.51000000e+01 0.00000000e+00 3.51000000e+01 3.51522825e+00 3.51000000e+01 -2.28159155e+00
 3.54000000e+01 0.00000000e+00 3.54000000e+01 2.27976468e+00 3.54000000e+01 -2.08524688e+00
 3.57000000e+01 0.00000000e+00 3.57000000e+01 2.53282842e+00 3.57000000e+01 -2.60273915e+00
 3.60000000e+01 0.00000000e+00 3.60000000e+01 3.13820922e+00 3.60000000e+01 -2.43220121e+00
 3.63000000e+01 0.00000000e+00 3.63000000e+01 2.99567729e+00 3.63000000e+01 -3.13656457e+00
 3.66000000e+01 0.00000000e+00 3.66000000e+01 2.44985603e+00 3.66000000e+01 -3.07456030e+00
 3.69000000e+01 0.00000000e+00 3.69000000e+01 2.59878522e+00 3.69000000e+01 -2.84816809e+00
 3.72000000e+01 0.00000000e+00 3.72000000e+01 2.98523648e+00 3.72000000e+01 -2.94267998e+00
 3.75000000e+01 0.00000000e+00 3.75000000e+01 2.64532679e+00 3.75000000e+01 -3.11793593e+00
 3.78000000e+01 0.00000000e+00 3.78000000e+01 3.37716123e+00 3.78000000e+01 -2.80432890e+00
 3.81000000e+01 0.00000000e+00 3.81000000e+01 3.49244215e+00 3.81000000e+01 -2.62729598e+00
 3.84000000e+01 0.00000000e+00 3.84000000e+01 2.33899941e+00 3.84000000e+01 -2.89408704e+00
 3.87000000e+01 0.00000000e+00 3.87000000e+01 3.09912486e+00 3.87000000e+01 -2.61556929e+00
 3.90000000e+01 0.00000000e+00 3.90000000e+01 3.06338117e+00 3.90000000e+01 -2.82355684e+00
 3.93000000e+01 0.00000000e+00 3.93000000e+01 2.87042974e+00 3.93000000e+01 -2.36144332e+00
 3.96000000e+01 0.00000000e+00 3.96000000e+01 3.52374912e+00 3.96000000e+01 -2.94560904e+00
 3.99000000e+01 0.00000000e+00 3.99000000e+01 3.02074433e+00 3.99000000e+01 -3.05982041e+00
 4.02000000e+01 0.00000000e+00 4.02000000e+01 4.53678612e+00 4.02000000e+01 -1.75485752e-01
 4.05000000e+01 0.00000000e+00 4.05000000e+01 5.11335984e+00 4.05000000e+01 -3.15142363e-01
 4.08000000e+01 0.00000000e+00 4.08000000e+01 5.11852906e+00 4.08000000e+01 4.73370336e-02
 4.11000000e+01 0.00000000e+00 4.11000000e+01 4.71641360e+00 4.11000000e+01 -2.15529568e-01
 4.14000000e+01 0.00000000e+00 4.14000000e+01 4.94705437e+00 4.14000000e+01 -2.93779442e-01
 4.17000000e+01 0.00000000e+00 4.17000000e+01 5.03981047e+00 4.17000000e+01 -7.21064285e-01
 4.20000000e+01 0.00000000e+00 4.20000000e+01 5.67229569e+00 4.20000000e+01 -7.65796955e-01
 4.23000000e+01 0.00000000e+00 4.23000000e+01 5.27334710e+00 4.23000000e+01 -7.51923204e-01
 4.26000000e+01 0.00000000e+00 4.26000000e+01 4.44507755e+00 4.26000000e+01 -1.71588603e-01
 4.29000000e+01 0.00000000e+00 4.29000000e+01 5.39000427e+00 4.29000000e+01 -2.24693897e-01
 4.32000000e+01 0.00000000e+00 4.32000000e+01 4.99804836e+00 4.32000000e+01 5.99754598e-02
 4.35000000e+01 0.00000000e+00 4.35000000e+01 4.37718018e+00 4.35000000e+01 -3.28965522e-01
 4.38000000e+01 0.00000000e+00 4.38000000e+01 4.85378228e+00 4.38000000e+01 -6.66392621e-01
 4.41000000e+01 0.00000000e+00 4.41000000e+01 5.04120519e+00 4.41000000e+01 -6.14992150e-01
 4.44000000e+01 0.00000000e+00 4.44000000e+01 4.87373134e+00 4.44000000e+01 3.62424154e-01
 4.47000000e+01 0.00000000e+00 4.47000000e+01 4.39786594e+00 4.47000000e+01 -1.71840628e-01
 4.50000000e+01 0.00000000e+00 4.50000000e+01 5.15188130e+00 4.50000000e+01 -1.00439014e+00
 4.53000000e+01 0.00000000e+00 4.53000000e+01 4.68938799e+00 4.53000000e+01 -8.74856697e-01
 4.56000000e+01 0.00000000e+00 4.56000000e+01 5.08871447e+00 4.56000000e+01 -9.36000254e-01
 4.59000000e+01 0.00000000e+00 4.59000000e+01 5.41014551e+00 4.59000000e+01 -3.35910046e-01
 4.62000000e+01 0.00000000e+00 4.62000000e+01 4.87080408e+00 4.62000000e+01 1.03231787e-01
 4.65000000e+01 0.00000000e+00 4.65000000e+01 4.82328114e+00 4.65000000e+01 -1.37658689e-01
 4.68000000e+01 0.00000000e+00 4.68000000e+01 5.57030342e+00 4.68000000e+01 -9.26863337e-02
 4.71000000e+01 0.00000000e+00 4.71000000e+01 5.71021761e+00 4.71000000e+01 -8.94602275e-01
 4.74000000e+01 0.00000000e+00 4.74000000e+01 4.92050353e+00 4.74000000e+01 -3.05351441e-01
 4.77000000e+01 0.00000000e+00 4.77000000e+01 5.33090468e+00 4.77000000e+01 -6.10564889e-01
 4.80000000e+01 0.00000000e+00 4.80000000e+01 5.30394900e+00 4.80000000e+01 -3.69744785e-01
 4.83000000e+01 0.00000000e+00 4.83000000e+01 5.37170413e+00 4.83000000e+01 -1.12989116e+00
 4.86000000e+01 0.00000000e+00 4.86000000e+01 5.16504666e+00 4.86000000e+01 -2.30186185e-01
 4.89000000e+01 0.00000000e+00 4.89000000e+01 5.25188536e+00 4.89000000e+01 -5.48342377e-01
 4.92000000e+01 0.00000000e+00 4.92000000e+01 5.33760122e+00 4.92000000e+01 -8.24976265e-01
 4.95000000e+01 0.00000000e+00 4.95000000e+01 5.21951949e+00 4.95000000e+01 -8.96211547e-01
 4.98000000e+01 0.00000000e+00 4.98000000e+01 5.53381256e+00 4.98000000e+01 -1.05149147e+00
 5.01000000e+01 0.00000000e+00 5.01000000e+01 2.42469054e+00 5.01000000e+01 -4.96725676e+00
 5.04000000e+01 0.00000000e+00 5.04000000e+01 2.96570300e+00 5.04000000e+01 -4.95082972e+00
 5.07000000e+01 0.00000000e+00 5.07000000e+01 2.22037274e+00 5.07000000e+01 -4.34279408e+00
 5.10000000e+01 0.00000000e+00 5.10000000e+01 2.69571034e+00 5.10000000e+01 -4.95638432e+00
 5.13000000e+01 0.00000000e+00 5.13000000e+01 3.06736023e+00 5.13000000e+01 -5.21044949e+00
 5.16000000e+01 0.00000000e+00 5.16000000e+01 2.51236609e+00 5.16000000e+01 -4.92748016e+00
 5.19000000e+01 0.00000000e+00 5.19000000e+01 2.45239250e+00 5.19000000e+01 -4.67431773e+00
 5.22000000e+01 0.00000000e+00 5.22000000e+01 2.91173872e+00 5.22000000e+01 -5.21897753e+00
 5.25000000e+01 0.00000000e+00 5.25000000e+01 2.85633456e+00 5.25000000e+01 -5.09733161e+00
 5.28000000e+01 0.00000000e+00 5.28000000e+01 2.16953890e+00 5.28000000e+01 -4.62918257e+00
 5.31000000e+01 0.00000000e+00 5.31000000e+01 2.42447149e+00 5.31000000e+01 -5.52303994e+00
 5.34000000e+01 0.00000000e+00 5.34000000e+01 2.84285239e+00 5.34000000e+01 -4.76272492e+00
 5.37000000e+01 0.00000000e+00 5.37000000e+01 2.80991904e+00 5.37000000e+01 -4.01004395e+00
 5.40000000e+01 0.00000000e+00 5.40000000e+01 2.83443936e+00 5.40000000e+01 -4.58361191e+00
 5.43000000e+01 0.00000000e+00 5.43000000e+01 2.64337530e+00 5.43000000e+01 -4.72350231e+00
 5.46000000e+01 0.00000000e+00 5.46000000e+01 2.78787569e+00 5.46000000e+01 -5.03933193e+00
 5.49000000e+01 0.00000000e+00 5.49000000e+01 2.90310799e+00 5.49000000e+01 -4.66212915e+00
 5.52000000e+01 0.00000000e+00 5.52000000e+01 6.65953240e+00 5.52000000e+01 -5.63721196e+00
 5.55000000e+01 0.00000000e+00 5.55000000e+01 5.63007490e+00 5.55000000e+01 -5.52404738e+00
 5.58000000e+01 0.00000000e+00 5.58000000e+01 5.61873304e+00 5.58000000e+01 -5.42414735e+00
 5.61000000e+01 0.00000000e+00 5.61000000e+01 5.82520094e+00 5.61000000e+01 -5.43384694e+00
 5.64000000e+01 0.00000000e+00 5.64000000e+01 6.44859630e+00 5.64000000e+01 -5.06310055e+00
 5.67000000e+01 0.00000000e+00 5.67000000e+01 5.81314809e+00 5.67000000e+01 -5.15495337e+00
 5.70000000e+01 0.00000000e+00 5.70000000e+01 5.95017194e+00 5.70000000e+01 -4.88294471e+00
 5.73000000e+01 0.00000000e+00 5.73000000e+01 6.60430577e+00 5.73000000e+01 -5.03472608e+00
 5.76000000e+01 0.00000000e+00 5.76000000e+01 5.65281328e+00 5.76000000e+01 -5.49696581e+00
 5.79000000e+01 0.00000000e+00 5.79000000e+01 6.09627834e+00 5.79000000e+01 -4.86896811e+00
 5.82000000e+01 0.00000000e+00 5.82000000e+01 6.25720145e+00 5.82000000e+01 -4.99481796e+00
 5.85000000e+01 0.00000000e+00 5.85000000e+01 5.84494869e+00 5.85000000e+01 -5.67726948e+00
 5.88000000e+01 0.00000000e+00 5.88000000e+01 5.94206322e+00 5.88000000e+01 -5.26135266e+00
 5.91000000e+01 0.00000000e+00 5.91000000e+01 5.91877610e+00 5.91000000e+01 -5.53101232e+00
 5.94000000e+01 0.00000000e+00 5.94000000e+01 6.10162134e+00 5.94000000e+01 -5.43633320e+00
 5.97000000e+01 0.00000000e+00 5.97000000e+01 6.43893555e+00 5.97000000e+01 -4.66483750e+00
