 0.00000000e+00 0.00000000e+00 0.00000000e+00 8.78928799e+00 0.00000000e+00 -6.42358954e+00
 3.00000000e-01 0.00000000e+00 3.00000000e-01 8.13530325e+00 3.00000000e-01 -6.12148659e+00
 6.00000000e-01 0.00000000e+00 6.00000000e-01 8.47803754e+00 6.00000000e-01 -5.95080433e+00
 9.00000000e-01 0.00000000e+00 9.00000000e-01 7.72735448e+00 9.00000000e-01 -5.83617148e+00
 1.20000000e+00 0.00000000e+00 1.20000000e+00 8.51688558e+00 1.20000000e+00 -5.99320783e+00
 1.50000000e+00 0.00000000e+00 1.50000000e+00 8.52449579e+00 1.50000000e+00 -5.69967290e+00
 1.80000000e+00 0.00000000e+00 1.80000000e+00 8.44180019e+00 1.80000000e+00 -5.88517612e+00
 2.10000000e+00 0.00000000e+00 2.10000000e+00 8.08286693e+00 2.10000000e+00 -5.95974786e+00
 2.40000000e+00 0.00000000e+00 2.40000000e+00 7.97658785e+00 2.40000000e+00 -6.29514160e+00
 2.70000000e+00 0.00000000e+00 2.70000000e+00 8.58306519e+00 2.70000000e+00 -5.93337279e+00
 3.00000000e+00 0.00000000e+00 3.00000000e+00 8.57685460e+00 3.00000000e+00 -5.85895191e+00
 3.30000000e+00 0.00000000e+00 3.30000000e+00 8.01734007e+00 3.30000000e+00 -6.07023085e+00
 3.60000000e+00 0.00000000e+00 3.60000000e+00 7.93374131e+00 3.60000000e+00 -6.61029615e+00
 3.90000000e+00 0.00000000e+00 3.90000000e+00 7.91619897e+00 3.90000000e+00 -5.61665708e+00
 4.20000000e+00 0.00000000e+00 4.20000000e+00 8.19520699e+00 4.20000000e+00 -6.09889688e+00
 4.50000000e+00 0.00000000e+00 4.50000000e+00 7.79631442e+00 4.50000000e+00 -5.54215560e+00
 4.80000000e+00 0.00000000e+00 4.80000000e+00 8.45242997e+00 4.80000000e+00 -6.00685312e+00
 5.10000000e+00 0.00000000e+00 5.10000000e+00 8.43911543e+00 5.10000000e+00 -6.24852826e+00
 5.40000000e+00 0.00000000e+00 5.40000000e+00 8.56768416e+00 5.40000000e+00 -5.97981787e+00
 5.70000000e+00 0.00000000e+00 5.70000000e+00 8.86039693e+00 5.70000000e+00 -5.76762816e+00
 6.00000000e+00 0.00000000e+00 6.00000000e+00 8.75117416e+00 6.00000000e+00 -6.65382798e+00
 6.30000000e+00 0.00000000e+00 6.30000000e+00 8.43799704e+00 6.30000000e+00 -5.55584059e+00
 6.60000000e+00 0.00000000e+00 6.60000000e+00 8.26774044e+00 6.60000000e+00 -6.20409106e+00
 6.90000000e+00 0.00000000e+00 6.90000000e+00 7.85700879e+00 6.90000000e+00 -6.18488754e+00
 7.20000000e+00 0.00000000e+00 7.20000000e+00 8.45434736e+00 7.20000000e+00 -5.85728274e+00
 7.50000000e+00 0.00000000e+00 7.50000000e+00 8.20604509e+00 7.50000000e+00 -5.89832950e+00
 7.80000000e+00 0.00000000e+00 7.80000000e+00 8.61811440e+00 7.80000000e+00 -5.52614114e+00
 8.10000000e+00 0.00000000e+00 8.10000000e+00 8.16356266e+00 8.10000000e+00 -6.23772326e+00
 8.40000000e+00 0.00000000e+00 8.40000000e+00 8.60113848e+00 8.40000000e+00 -5.85568641e+00
 8.70000000e+00 0.00000000e+00 8.70000000e+00 8.13029149e+00 8.70000000e+00 -5.82485470e+00
 9.00000000e+00 0.00000000e+00 9.00000000e+00 8.67270111e+00 9.00000000e+00 -5.95273467e+00
 9.30000000e+00 0.00000000e+00 9.30000000e+00 8.25396752e+00 9.30000000e+00 -6.13276125e+00
 9.60000000e+00 0.00000000e+00 9.60000000e+00 8.31601522e+00 9.60000000e+00 -5.92464052e+00
 9.90000000e+00 0.00000000e+00 9.90000000e+00 8.09406519e+00 9.90000000e+00 -6.39192037e+00
 1.02000000e+01 0.00000000e+00 1.02000000e+01 8.70254058e+00 1.02000000e+01 -5.80511702e+00
 1.05000000e+01 0.00000000e+00 1.05000000e+01 8.35186838e+00 1.05000000e+01 -5.17240220e+00
 1.08000000e+01 0.00000000e+00 1.08000000e+01 8.16560781e+00 1.08000000e+01 -6.55566528e+00
 1.11000000e+01 0.00000000e+00 1.11000000e+01 8.61303776e+00 1.11000000e+01 -6.25879333e+00
 1.14000000e+01 0.00000000e+00 1.14000000e+01 8.27744013e+00 1.14000000e+01 -6.03773188e+00
 1.17000000e+01 0.00000000e+00 1.17000000e+01 7.50037859e+00 1.17000000e+01 -5.47739002e+00
 1.20000000e+01 0.00000000e+00 1.20000000e+01 8.54971848e+00 1.20000000e+01 -5.66080196e+00
 1.23000000e+01 0.00000000e+00 1.23000000e+01 8.53704218e+00 1.23000000e+01 -5.73026532e+00
 1.26000000e+01 0.00000000e+00 1.26000000e+01 8.98532285e+00 1.26000000e+01 -6.35455220e+00
 1.29000000e+01 0.00000000e+00 1.29000000e+01 8.34042511e+00 1.29000000e+01 -6.18507788e+00
 1.32000000e+01 0.00000000e+00 1.32000000e+01 8.88545440e+00 1.32000000e+01 -6.11418361e+00
 1.35000000e+01 0.00000000e+00 1.35000000e+01 7.89275276e+00 1.35000000e+01 -6.05173670e+00
 1.38000000e+01 0.00000000e+00 1.38000000e+01 7.89417852e+00 1.38000000e+01 -5.73515612e+00
 1.41000000e+01 0.00000000e+00 1.41000000e+01 8.22425837e+00 1.41000000e+01 -6.14419553e+00
 1.44000000e+01 0.00000000e+00 1.44000000e+01 8.21894959e+00 1.44000000e+01 -5.53070813e+00
 1.47000000e+01 0.00000000e+00 1.47000000e+01 8.77286770e+00 1.47000000e+01 -5.76746608e+00
 1.50000000e+01 0.00000000e+00 1.50000000e+01 7.78670476e+00 1.50000000e+01 -6.47904059e+00
 1.53000000e+01 0.00000000e+00 1.53000000e+01 1.67861219e-01 1.53000000e+01 -5.11838788e+00
 1.56000000e+01 0.00000000e+00 1.56000000e+01 6.47684212e-01 1.56000000e+01 -5.47659860e+00
 1.59000000e+01 0.00000000e+00 1.59000000e+01 7.23138963e-01 1.59000000e+01 -5.20295529e+00
 1.62000000e+01 0.00000000e+00 1.62000000e+01 1.10501956e+00 1.62000000e+01 -5.25357634e+00
 1.65000000e+01 0.00000000e+00 1.65000000e+01 1.96341836e-03 1.65000000e+01 -4.66811057e+00
 1.68000000e+01 0.00000000e+00 1.68000000e+01 7.37335187e-01 1.68000000e+01 -5.17170204e+00
 1.71000000e+01 0.00000000e+00 1.71000000e+01 4.84376972e-01 1.71000000e+01 -5.22368121e+00
 1.74000000e+01 0.00000000e+00 1.74000000e+01 6.28071307e-04 1.74000000e+01 -5.41837231e+00
 1.77000000e+01 0.00000000e+00 1.77000000e+01 6.53839606e-01 1.77000000e+01 -5.59937018e+00
 1.80000000e+01 0.00000000e+00 1.80000000e+01 8.41409762e-01 1.80000000e+01 -5.68911012e+00
 1.83000000e+01 0.00000000e+00 1.83000000e+01 7.64927857e-01 1.83000000e+01 -5.27181298e+00
 1.86000000e+01 0.00000000e+00 1.86000000e+01 8.31297230e-01 1.86000000e+01 -5.07649970e+00
 1.89000000e+01 0.00000000e+00 1.89000000e+01 6.12391998e-01 1.89000000e+01 -5.47434592e+00
 1.92000000e+01 0.00000000e+00 1.92000000e+01 1.01124768e+00 1.92000000e+01 -5.63911910e+00
 1.95000000e+01 0.00000000e+00 1.95000000e+01 7.25612643e-01 1.95000000e+01 -5.14971418e+00
 1.98000000e+01 0.00000000e+00 1.98000000e+01 3.45042863e-01 1.98000000e+01 -5.12677877e+00
 2.01000000e+01 0.00000000e+00 2.01000000e+01 3.66545615e-01 2.01000000e+01 -5.09396243e+00
 2.04000000e+01 0.00000000e+00 2.04000000e+01 6.08019877e-01 2.04000000e+01 -5.75594002e+00
 2.07000000e+01 0.00000000e+00 2.07000000e+01 4.92811050e-01 2.07000000e+01 -5.55070608e+00
 2.10000000e+01 0.00000000e+00 2.10000000e+01 5.42843250e-01 2.10000000e+01 -5.80225952e+00
 2.13000000e+01 0.00000000e+00 2.13000000e+01 1.05098990e+00 2.13000000e+01 -5.47642209e+00
 2.16000000e+01 0.00000000e+00 2.16000000e+01 8.48592769e-01 2.16000000e+01 -5.59481408e+00
 2.19000000e+01 0.00000000e+00 2.19000000e+01 3.22441236e-01 2.19000000e+01 -4.74776829e+00
 2.22000000e+01 0.00000000e+00 2.22000000e+01 9.56449486e-01 2.22000000e+01 -5.25828940e+00
 2.25000000e+01 0.00000000e+00 2.25000000e+01 6.60628018e-01 2.25000000e+01 -5.28032511e+00
 2.28000000e+01 0.00000000e+00 2.28000000e+01 -8.42760706e-02 2.28000000e+01 -4.82954645e+00
 2.31000000e+01 0.00000000e+00 2.31000000e+01 1.57436276e+00 2.31000000e+01 -5.45662441e+00
 2.34000000e+01 0.00000000e+00 2.34000000e+01 5.56118660e-01 2.34000000e+01 -5.63979313e+00
 2.37000000e+01 0.00000000e+00 2.37000000e+01 1.28068512e+00 2.37000000e+01 -5.26938655e+00
 2.40000000e+01 0.00000000e+00 2.40000000e+01 5.63057898e-01 2.40000000e+01 -5.44949449e+00
 2.43000000e+01 0.00000000e+00 2.43000000e+01 5.29287930e-01 2.43000000e+01 -5.02938562e+00
 2.46000000e+01 0.00000000e+00 2.46000000e+01 6.16061730e-01 2.46000000e+01 -5.05257713e+00
 2.49000000e+01 0.00000000e+00 2.49000000e+01 7.98960566e-01 2.49000000e+01 -5.71402003e+00
 2.52000000e+01 0.00000000e+00 2.52000000e+01 3.14332525e+00 2.52000000e+01 -3.05046758e+00
 2.55000000e+01 0.00000000e+00 2.55000000e+01 3.64875082e+00 2.55000000e+01 -3.07354058e+00
 2.58000000e+01 0.00000000e+00 2.58000000e+01 3.42892889e+00 2.58000000e+01 -2.96312935e+00
 2.61000000e+01 0.00000000e+00 2.61000000e+01 3.46438414e+00 2.61000000e+01 -2.98509835e+00
 2.64000000e+01 0.00000000e+00 2.64000000e+01 3.58135321e+00 2.64000000e+01 -2.96647532e+00
 2.67000000e+01 0.00000000e+00 2.67000000e+01 3.63390573e+00 2.67000000e+01 -3.38397469e+00
 2.70000000e+01 0.00000000e+00 2.70000000e+01 3.48960041e+00 2.70000000e+01 -2.89084038e+00
 2.73000000e+01 0.00000000e+00 2.73000000e+01 3.09097856e+00 2.73000000e+01 -2.27310344e+00
 2.76000000e+01 0.00000000e+00 2.76000000e+01 3.52806484e+00 2.76000000e+01 -3.48103456e+00
 2.79000000e+01 0.00000000e+00 2.79000000e+01 3.71761902e+00 2.79000000e+01 -3.55708922e+00
 2.82000000e+01 0.00000000e+00 2.82000000e+01 3.60397086e+00 2.82000000e+01 -3.02858698e+00
 2.85000000e+01 0.00000000e+00 2.85000000e+01 3.28256604e+00 2.85000000e+01 -3.42374628e+00
 2.88000000e+01 0.00000000e+00 2.88000000e+01 3.15944705e+00 2.88000000e+01 -3.25482133e+00
 2.91000000e+01 0.00000000e+00 2.91000000e+01 3.41240049e+00 2.91000000e+01 -3.38854554e+00
 2.94000000e+01 0.00000000e+00 2.94000000e+01 4.43022591e+00 2.94000000e+01 -3.44796885e+00
 2.97000000e+01 0.00000000e+00 2.97000000e+01 3.66889444e+00 2.97000000e+01 -2.48204783e+00
 3.00000000e+01 0.00000000e+00 3.00000000e+01 3.62657928e+00 3.00000000e+01 -3.16236975e+00
 3.03000000e+01 0.00000000e+00 3.03000000e+01 3.38917425e+00 3.03000000e+01 -3.21474632e+00
 3.06000000e+01 0.00000000e+00 3.06000000e+01 3.32115604e+00 3.06000000e+01 -2.84648185e+00
 3.09000000e+01 0.00000000e+00 3.09000000e+01 3.30395599e+00 3.09000000e+01 -2.73898606e+00
 3.12000000e+01 0.00000000e+00 3.12000000e+01 3.78448744e+00 3.12000000e+01 -3.79466087e+00
 3.15000000e+01 0.00000000e+00 3.15000000e+01 3.15856030e+00 3.15000000e+01 -3.28210397e+00
 3.18000000e+01 0.00000000e+00 3.18000000e+01 3.69492188e+00 3.18000000e+01 -3.28908803e+00
 3.21000000e+01 0.00000000e+00 3.21000000e+01 3.60825028e+00 3.21000000e+01 -3.14531080e+00
 3.24000000e+01 0.00000000e+00 3.24000000e+01 3.69493978e+00 3.24000000e+01 -3.40226776e+00
 3.27000000e+01 0.00000000e+00 3.27000000e+01 2.80898527e+00 3.27000000e+01 -3.40929330e+00
 3.30000000e+01 0.00000000e+00 3.30000000e+01 2.94012213e+00 3.30000000e+01 -3.08695299e+00
 3.33000000e+01 0.00000000e+00 3.33000000e+01 3.83909657e+00 3.33000000e+01 -3.04863806e+00
 3.36000000e+01 0.00000000e+00 3.36000000e+01 3.42931330e+00 3.36000000e+01 -3.02313793e+00
 3.39000000e+01 0.00000000e+00 3.39000000e+01 3.70569635e+00 3.39000000e+01 -3.04165816e+00
 3.42000000e+01 0.00000000e+00 3.42000000e+01 3.50973985e+00 3.42000000e+01 -2.81187909e+00
 3.45000000e+01 0.00000000e+00 3.45000000e+01 2.86007928e+00 3.45000000e+01 -3.14726806e+00
 3.48000000e+01 0.00000000e+00 3.48000000e+01 3.18081616e+00 3.48000000e+01 -3.21028925e+00
 3.51000000e+01 0.00000000e+00 3.51000000e+01 4.97338830e+00 3.51000000e+01 -5.26892349e+00
 3.54000000e+01 0.00000000e+00 3.54000000e+01 5.37471501e+00 3.54000000e+01 -5.16455085e+00
 3.57000000e+01 0.00000000e+00 3.57000000e+01 5.36252147e+00 3.57000000e+01 -4.49706632e+00
 3.60000000e+01 0.00000000e+00 3.60000000e+01 5.33137848e+00 3.60000000e+01 -5.03045873e+00
 3.63000000e+01 0.00000000e+00 3.63000000e+01 5.28336131e+00 3.63000000e+01 -4.85676946e+00
 3.66000000e+01 0.00000000e+00 3.66000000e+01 5.71456625e+00 3.66000000e+01 -4.72654573e+00
 3.69000000e+01 0.00000000e+00 3.69000000e+01 5.03283424e+00 3.69000000e+01 -5.15226767e+00
 3.72000000e+01 0.00000000e+00 3.72000000e+01 4.82084401e+00 3.72000000e+01 -4.63781717e+00
 3.75000000e+01 0.00000000e+00 3.75000000e+01 5.05069173e+00 3.75000000e+01 -5.10922052e+00
 3.78000000e+01 0.00000000e+00 3.78000000e+01 5.26336086e+00 3.78000000e+01 -4.58039463e+00
 3.81000000e+01 0.00000000e+00 3.81000000e+01 5.63648303e+00 3.81000000e+01 -4.84293473e+00
 3.84000000e+01 0.00000000e+00 3.84000000e+01 5.04627353e+00 3.84000000e+01 -4.89904217e+00
 3.87000000e+01 0.00000000e+00 3.87000000e+01 5.34428459e+00 3.87000000e+01 -5.25801437e+00
 3.90000000e+01 0.00000000e+00 3.90000000e+01 4.88913655e+00 3.90000000e+01 -4.54418832e+00
 3.93000000e+01 0.00000000e+00 3.93000000e+01 5.48058977e+00 3.93000000e+01 -4.57903713e+00
 3.96000000e+01 0.00000000e+00 3.96000000e+01 5.86836835e+00 3.96000000e+01 -4.65227013e+00
 3.99000000e+01 0.00000000e+00 3.99000000e+01 5.49948269e+00 3.99000000e+01 -5.13585491e+00
 4.02000000e+01 0.00000000e+00 4.02000000e+01 7.24848243e+00 4.02000000e+01 -1.33828413e+00
 4.05000000e+01 0.00000000e+00 4.05000000e+01 6.90187976e+00 4.05000000e+01 -3.88889804e-01
 4.08000000e+01 0.00000000e+00 4.08000000e+01 7.07269457e+00 4.08000000e+01 -9.41218212e-01
 4.11000000e+01 0.00000000e+00 4.11000000e+01 6.96806269e+00 4.11000000e+01 -1.23911715e+00
 4.14000000e+01 0.00000000e+00 4.14000000e+01 7.05596666e+00 4.14000000e+01 -5.51017362e-01
 4.17000000e+01 0.00000000e+00 4.17000000e+01 7.80922853e+00 4.17000000e+01 -1.96046079e+00
 4.20000000e+01 0.00000000e+00 4.20000000e+01 6.84176166e+00 4.20000000e+01 -1.18674736e+00
 4.23000000e+01 0.00000000e+00 4.23000000e+01 7.25031101e+00 4.23000000e+01 -8.79482058e-01
 4.26000000e+01 0.00000000e+00 4.26000000e+01 7.61008183e+00 4.26000000e+01 -1.28437723e+00
 4.29000000e+01 0.00000000e+00 4.29000000e+01 6.93832554e+00 4.29000000e+01 -1.20582687e+00
 4.32000000e+01 0.00000000e+00 4.32000000e+01 6.97084661e+00 4.32000000e+01 -9.57882767e-01
 4.35000000e+01 0.00000000e+00 4.35000000e+01 7.26021414e+00 4.35000000e+01 -1.33996001e+00
 4.38000000e+01 0.00000000e+00 4.38000000e+01 7.36469983e+00 4.38000000e+01 -1.51099051e+00
 4.41000000e+01 0.00000000e+00 4.41000000e+01 7.35660800e+00 4.41000000e+01 -1.06528768e+00
 4.44000000e+01 0.00000000e+00 4.44000000e+01 7.40486201e+00 4.44000000e+01 -1.48721637e+00
 4.47000000e+01 0.00000000e+00 4.47000000e+01 7.39229902e+00 4.47000000e+01 -1.33617527e+00
 4.50000000e+01 0.00000000e+00 4.50000000e+01 6.99664670e+00 4.50000000e+01 -1.60546803e+00
 4.53000000e+01 0.00000000e+00 4.53000000e+01 7.15985086e+00 4.53000000e+01 -1.00368728e+00
 4.56000000e+01 0.00000000e+00 4.56000000e+01 7.01804572e+00 4.56000000e+01 -6.05896789e-01
 4.59000000e+01 0.00000000e+00 4.59000000e+01 7.06422049e+00 4.59000000e+01 -8.94319121e-01
 4.62000000e+01 0.00000000e+00 4.62000000e+01 7.50686185e+00 4.62000000e+01 -9.84470284e-01
 4.65000000e+01 0.00000000e+00 4.65000000e+01 7.70778166e+00 4.65000000e+01 -1.31041928e+00
 4.68000000e+01 0.00000000e+00 4.68000000e+01 7.22026975e+00 4.68000000e+01 -1.28040096e+00
 4.71000000e+01 0.00000000e+00 4.71000000e+01 7.37008781e+00 4.71000000e+01 -5.91040952e-01
 4.74000000e+01 0.00000000e+00 4.74000000e+01 6.85191096e+00 4.74000000e+01 -1.31732919e+00
 4.77000000e+01 0.00000000e+00 4.77000000e+01 7.27478797e+00 4.77000000e+01 -1.04925420e+00
 4.80000000e+01 0.00000000e+00 4.80000000e+01 7.07011475e+00 4.80000000e+01 -9.20650135e-01
 4.83000000e+01 0.00000000e+00 4.83000000e+01 6.50490369e+00 4.83000000e+01 -1.51807529e+00
 4.86000000e+01 0.00000000e+00 4.86000000e+01 7.46757776e+00 4.86000000e+01 -1.35710521e+00
 4.89000000e+01 0.00000000e+00 4.89000000e+01 7.17011938e+00 4.89000000e+01 -1.90147180e+00
 4.92000000e+01 0.00000000e+00 4.92000000e+01 7.05253123e+00 4.92000000e+01 -1.16329156e+00
 4.95000000e+01 0.00000000e+00 4.95000000e+01 7.03525523e+00 4.95000000e+01 -6.95522234e-01
 4.98000000e+01 0.00000000e+00 4.98000000e+01 7.16224874e+00 4.98000000e+01 -1.00079672e+00
 5.01000000e+01 0.00000000e+00 5.01000000e+01 3.48772568e+00 5.01000000e+01 -2.74582101e+00
 5.04000000e+01 0.00000000e+00 5.04000000e+01 2.93881897e+00 5.04000000e+01 -3.00114872e+00
 5.07000000e+01 0.00000000e+00 5.07000000e+01 3.03168461e+00 5.07000000e+01 -2.65478288e+00
 5.10000000e+01 0.00000000e+00 5.10000000e+01 3.33832259e+00 5.10000000e+01 -3.20245117e+00
 5.13000000e+01 0.00000000e+00 5.13000000e+01 2.57465923e+00 5.13000000e+01 -3.19163341e+00
 5.16000000e+01 0.00000000e+00 5.16000000e+01 3.00590149e+00 5.16000000e+01 -2.92646458e+00
 5.19000000e+01 0.00000000e+00 5.19000000e+01 3.86988915e+00 5.19000000e+01 -2.39213223e+00
 5.22000000e+01 0.00000000e+00 5.22000000e+01 2.89206116e+00 5.22000000e+01 -2.87014346e+00
 5.25000000e+01 0.00000000e+00 5.25000000e+01 2.14862747e+00 5.25000000e+01 -3.29670691e+00
 5.28000000e+01 0.00000000e+00 5.28000000e+01 2.54809187e+00 5.28000000e+01 -3.39834741e+00
 5.31000000e+01 0.00000000e+00 5.31000000e+01 3.04277171e+00 5.31000000e+01 -3.28223557e+00
 5.34000000e+01 0.00000000e+00 5.34000000e+01 2.40158240e+00 5.34000000e+01 -2.85743599e+00
 5.37000000e+01 0.00000000e+00 5.37000000e+01 3.01275154e+00 5.37000000e+01 -3.12028337e+00
 5.40000000e+01 0.00000000e+00 5.40000000e+01 2.92197447e+00 5.40000000e+01 -2.30523382e+00
 5.43000000e+01 0.00000000e+00 5.43000000e+01 2.80821572e+00 5.43000000e+01 -2.45525799e+00
 5.46000000e+01 0.00000000e+00 5.46000000e+01 3.10279613e+00 5.46000000e+01 -2.97548118e+00
 5.49000000e+01 0.00000000e+00 5.49000000e+01 3.27866659e+00 5.49000000e+01 -2.98104845e+00
 5.52000000e+01 0.00000000e+00 5.52000000e+01 7.97893741e+00 5.52000000e+01 -5.85939208e+00
 5.55000000e+01 0.00000000e+00 5.55000000e+01 8.00899542e+00 5.55000000e+01 -5.94491659e+00
 5.58000000e+01 0.00000000e+00 5.58000000e+01 8.66438027e+00 5.58000000e+01 -6.04597195e+00
 5.61000000e+01 0.00000000e+00 5.61000000e+01 8.10818887e+00 5.61000000e+01 -6.32088174e+00
 5.64000000e+01 0.00000000e+00 5.64000000e+01 8.49111777e+00 5.64000000e+01 -6.40269065e+00
 5.67000000e+01 0.00000000e+00 5.67000000e+01 8.60606906e+00 5.67000000e+01 -5.99076789e+00
 5.70000000e+01 0.00000000e+00 5.70000000e+01 8.43429781e+00 5.70000000e+01 -6.36824207e+00
 5.73000000e+01 0.00000000e+00 5.73000000e+01 8.56899799e+00 5.73000000e+01 -6.20388727e+00
 5.76000000e+01 0.00000000e+00 5.76000000e+01 7.98493579e+00 5.76000000e+01 -6.39269081e+00
 5.79000000e+01 0.00000000e+00 5.79000000e+01 8.12402490e+00 5.79000000e+01 -6.16219777e+00
 5.82000000e+01 0.00000000e+00 5.82000000e+01 7.55376664e+00 5.82000000e+01 -5.65048850e+00
 5.85000000e+01 0.00000000e+00 5.85000000e+01 8.48812885e+00 5.85000000e+01 -6.13572230e+00
 5.88000000e+01 0.00000000e+00 5.88000000e+01 8.16064284e+00 5.88000000e+01 -5.98886888e+00
 5.91000000e+01 0.00000000e+00 5.91000000e+01 7.79102921e+00 5.91000000e+01 -5.95324242e+00
 5.94000000e+01 0.00000000e+00 5.94000000e+01 8.29998629e+00 5.94000000e+01 -6.25148735e+00
 5.97000000e+01 0.00000000e+00 5.97000000e+01 8.43240810e+00 5.97000000e+01 -6.24868136e+00
