 0.00000000e+00 0.00000000e+00 0.00000000e+00 5.81880772e+00 0.00000000e+00 -5.10454841e+00
 3.00000000e-01 0.00000000e+00 3.00000000e-01 5.83226151e+00 3.00000000e-01 -5.14861178e+00
 6.00000000e-01 0.00000000e+00 6.00000000e-01 5.45861991e+00 6.00000000e-01 -5.19178503e+00
 9.00000000e-01 0.00000000e+00 9.00000000e-01 6.03080100e+00 9.00000000e-01 -5.55432384e+00
 1.20000000e+00 0.00000000e+00 1.20000000e+00 5.29774234e+00 1.20000000e+00 -4.86797910e+00
 1.50000000e+00 0.00000000e+00 1.50000000e+00 6.03489610e+00 1.50000000e+00 -4.78244714e+00
 1.80000000e+00 0.00000000e+00 1.80000000e+00 5.37439072e+00 1.80000000e+00 -4.85218339e+00
 2.10000000e+00 0.00000000e+00 2.10000000e+00 5.73870722e+00 2.10000000e+00 -5.62446103e+00
 2.40000000e+00 0.00000000e+00 2.40000000e+00 6.62686534e+00 2.40000000e+00 -4.93637608e+00
 2.70000000e+00 0.00000000e+00 2.70000000e+00 6.19341732e+00 2.70000000e+00 -5.85088441e+00
 3.00000000e+00 0.00000000e+00 3.00000000e+00 5.83133360e+00 3.00000000e+00 -5.21359958e+00
 3.30000000e+00 0.00000000e+00 3.30000000e+00 5.92290954e+00 3.30000000e+00 -5.29580845e+00
 3.60000000e+00 0.00000000e+00 3.60000000e+00 5.03258245e+00 3.60000000e+00 -5.19288212e+00
 3.90000000e+00 0.00000000e+00 3.90000000e+00 5.61281192e+00 3.90000000e+00 -4.75761110e+00
 4.20000000e+00 0.00000000e+00 4.20000000e+00 6.13423659e+00 4.20000000e+00 -5.10588948e+00
 4.50000000e+00 0.00000000e+00 4.50000000e+00 5.75907379e+00 4.50000000e+00 -5.23586300e+00
 4.80000000e+00 0.00000000e+00 4.80000000e+00 5.84296252e+00 4.80000000e+00 -5.19059619e+00
 5.10000000e+00 0.00000000e+00 5.10000000e+00 6.07090680e+00 5.10000000e+00 -5.37239620e+00
 5.40000000e+00 0.00000000e+00 5.40000000e+00 5.37792827e+00 5.40000000e+00 -4.71006055e+00
 5.70000000e+00 0.00000000e+00 5.70000000e+00 6.13938548e+00 5.70000000e+00 -5.54860001e+00
 6.00000000e+00 0.00000000e+00 6.00000000e+00 5.85789237e+00 6.00000000e+00 -4.94066498e+00
 6.30000000e+00 0.00000000e+00 6.30000000e+00 6.01329306e+00 6.30000000e+00 -5.43913232e+00
 6.60000000e+00 0.00000000e+00 6.60000000e+00 5.73203015e+00 6.60000000e+00 -4.81235262e+00
 6.90000000e+00 0.00000000e+00 6.90000000e+00 5.59985350e+00 6.90000000e+00 -5.62368462e+00
 7.20000000e+00 0.00000000e+00 7.20000000e+00 6.00559754e+00 7.20000000e+00 -5.32427347e+00
 7.50000000e+00 0.00000000e+00 7.50000000e+00 6.35379014e+00 7.50000000e+00 -5.22336306e+00
 7.80000000e+00 0.00000000e+00 7.80000000e+00 6.56340751e+00 7.80000000e+00 -5.17055383e+00
 8.10000000e+00 0.00000000e+00 8.10000000e+00 5.65454944e+00 8.10000000e+00 -5.38233848e+00
 8.40000000e+00 0.00000000e+00 8.40000000e+00 6.04165885e+00 8.40000000e+00 -4.88105503e+00
 8.70000000e+00 0.00000000e+00 8.70000000e+00 6.17818778e+00 8.70000000e+00 -5.40856350e+00
 9.00000000e+00 0.00000000e+00 9.00000000e+00 5.86165682e+00 9.00000000e+00 -4.97038118e+00
 9.30000000e+00 0.00000000e+00 9.30000000e+00 6.11356831e+00 9.30000000e+00 -5.21145318e+00
 9.60000000e+00 0.00000000e+00 9.60000000e+00 5.38032992e+00 9.60000000e+00 -5.69682068e+00
 9.90000000e+00 0.00000000e+00 9.90000000e+00 6.00050000e+00 9.90000000e+00 -5.72087179e+00
 1.02000000e+01 0.00000000e+00 1.02000000e+01 5.87780999e+00 1.02000000e+01 -5.56569503e+00
 1.05000000e+01 0.00000000e+00 1.05000000e+01 5.62603875e+00 1.05000000e+01 -5.06107269e+00
 1.08000000e+01 0.00000000e+00 1.08000000e+01 6.05629188e+00 1.08000000e+01 -4.99843628e+00
 1.11000000e+01 0.00000000e+00 1.11000000e+01 5.72807756e+00 1.11000000e+01 -4.98690977e+00
 1.14000000e+01 0.00000000e+00 1.14000000e+01 6.01335604e+00 1.14000000e+01 -5.46641186e+00
 1.17000000e+01 0.00000000e+00 1.17000000e+01 5.48463981e+00 1.17000000e+01 -5.78865665e+00
 1.20000000e+01 0.00000000e+00 1.20000000e+01 5.97884316e+00 1.20000000e+01 -5.38162427e+00
 1.23000000e+01 0.00000000e+00 1.23000000e+01 5.83164290e+00 1.23000000e+01 -4.88841640e+00
 1.26000000e+01 0.00000000e+00 1.26000000e+01 5.44630009e+00 1.26000000e+01 -4.92795832e+00
 1.29000000e+01 0.00000000e+00 1.29000000e+01 5.50126990e+00 1.29000000e+01 -4.95136643e+00
 1.32000000e+01 0.00000000e+00 1.32000000e+01 5.95464572e+00 1.32000000e+01 -5.36440000e+00
 1.35000000e+01 0.00000000e+00 1.35000000e+01 6.18353950e+00 1.35000000e+01 -5.74830565e+00
 1.38000000e+01 0.00000000e+00 1.38000000e+01 5.68588706e+00 1.38000000e+01 -5.10588115e+00
 1.41000000e+01 0.00000000e+00 1.41000000e+01 6.31226289e+00 1.41000000e+01 -5.38767815e+00
 1.44000000e+01 0.00000000e+00 1.44000000e+01 5.53426946e+00 1.44000000e+01 -5.13588578e+00
 1.47000000e+01 0.00000000e+00 1.47000000e+01 5.34138537e+00 1.47000000e+01 -4.26660670e+00
 1.50000000e+01 0.00000000e+00 1.50000000e+01 5.52266252e+00 1.50000000e+01 -5.12083339e+00
 1.53000000e+01 0.00000000e+00 1.53000000e+01 1.60541971e+00 1.53000000e+01 -4.21286938e+00
 1.56000000e+01 0.00000000e+00 1.56000000e+01 2.11340553e+00 1.56000000e+01 -4.26934812e+00
 1.59000000e+01 0.00000000e+00 1.59000000e+01 1.62095844e+00 1.59000000e+01 -4.96996002e+00
 1.62000000e+01 0.00000000e+00 1.62000000e+01 1.66901024e+00 1.62000000e+01 -3.78578157e+00
 1.65000000e+01 0.00000000e+00 1.65000000e+01 1.85775224e+00 1.65000000e+01 -4.35045619e+00
 1.68000000e+01 0.00000000e+00 1.68000000e+01 1.30793734e+00 1.68000000e+01 -4.40050338e+00
 1.71000000e+01 0.00000000e+00 1.71000000e+01 1.67458000e+00 1.71000000e+01 -4.53555780e+00
 1.74000000e+01 0.00000000e+00 1.74000000e+01 2.11869861e+00 1.74000000e+01 -3.69894124e+00
 1.77000000e+01 0.00000000e+00 1.77000000e+01 1.12817397e+00 1.77000000e+01 -4.54360482e+00
 1.80000000e+01 0.00000000e+00 1.80000000e+01 1.87104912e+00 1.80000000e+01 -3.87362213e+00
 1.83000000e+01 0.00000000e+00 1.83000000e+01 2.04624700e+00 1.83000000e+01 -4.71976723e+00
 1.86000000e+01 0.00000000e+00 1.86000000e+01 1.85172024e+00 1.86000000e+01 -3.75882069e+00
 1.89000000e+01 0.00000000e+00 1.89000000e+01 1.62277826e+00 1.89000000e+01 -4.23815158e+00
 1.92000000e+01 0.00000000e+00 1.92000000e+01 2.15980148e+00 1.92000000e+01 -4.30555679e+00
 1.95000000e+01 0.00000000e+00 1.95000000e+01 2.14799477e+00 1.95000000e+01 -4.52403853e+00
 1.98000000e+01 0.00000000e+00 1.98000000e+01 1.96754875e+00 1.98000000e+01 -4.68115242e+00
 2.01000000e+01 0.00000000e+00 2.01000000e+01 1.98533350e+00 2.01000000e+01 -3.96469125e+00
 2.04000000e+01 0.00000000e+00 2.04000000e+01 1.79211165e+00 2.04000000e+01 -4.53785775e+00
 2.07000000e+01 0.00000000e+00 2.07000000e+01 1.71396351e+00 2.07000000e+01 -4.68861430e+00
 2.10000000e+01 0.00000000e+00 2.10000000e+01 1.29446171e+00 2.10000000e+01 -3.27137643e+00
 2.13000000e+01 0.00000000e+00 2.13000000e+01 2.24254544e+00 2.13000000e+01 -4.63432864e+00
 2.16000000e+01 0.00000000e+00 2.16000000e+01 1.46789723e+00 2.16000000e+01 -4.36939581e+00
 2.19000000e+01 0.00000000e+00 2.19000000e+01 1.97928283e+00 2.19000000e+01 -3.92086262e+00
 2.22000000e+01 0.00000000e+00 2.22000000e+01 2.21175083e+00 2.22000000e+01 -4.16238521e+00
 2.25000000e+01 0.00000000e+00 2.25000000e+01 1.91066846e+00 2.25000000e+01 -4.52036443e+00
 2.28000000e+01 0.00000000e+00 2.28000000e+01 2.81269605e+00 2.28000000e+01 -4.73044868e+00
 2.31000000e+01 0.00000000e+00 2.31000000e+01 2.27016140e+00 2.31000000e+01 -4.50469782e+00
 2.34000000e+01 0.00000000e+00 2.34000000e+01 2.42149402e+00 2.34000000e+01 -4.05873049e+00
 2.37000000e+01 0.00000000e+00 2.37000000e+01 2.07583769e+00 2.37000000e+01 -4.08682300e+00
 2.40000000e+01 0.00000000e+00 2.40000000e+01 2.68892929e+00 2.40000000e+01 -5.01237155e+00
 2.43000000e+01 0.00000000e+00 2.43000000e+01 1.65505868e+00 2.43000000e+01 -3.86916858e+00
 2.46000000e+01 0.00000000e+00 2.46000000e+01 1.48211772e+00 2.46000000e+01 -3.89732445e+00
 2.49000000e+01 0.00000000e+00 2.49000000e+01 2.62265425e+00 2.49000000e+01 -3.98455652e+00
 2.52000000e+01 0.00000000e+00 2.52000000e+01 2.39703414e+00 2.52000000e+01 -5.40667775e+00
 2.55000000e+01 0.00000000e+00 2.55000000e+01 3.06336723e+00 2.55000000e+01 -4.83356430e+00
 2.58000000e+01 0.00000000e+00 2.58000000e+01 2.57877886e+00 2.58000000e+01 -4.94284321e+00
 2.61000000e+01 0.00000000e+00 2.61000000e+01 2.37359565e+00 2.61000000e+01 -4.84209103e+00
 2.64000000e+01 0.00000000e+00 2.64000000e+01 2.25051229e+00 2.64000000e+01 -4.85133083e+00
 2.67000000e+01 0.00000000e+00 2.67000000e+01 2.73975362e+00 2.67000000e+01 -5.43593427e+00
 2.70000000e+01 0.00000000e+00 2.70000000e+01 2.22653182e+00 2.70000000e+01 -4.60277452e+00
 2.73000000e+01 0.00000000e+00 2.73000000e+01 2.38855895e+00 2.73000000e+01 -4.80116081e+00
 2.76000000e+01 0.00000000e+00 2.76000000e+01 2.44676541e+00 2.76000000e+01 -5.52465365e+00
 2.79000000e+01 0.00000000e+00 2.79000000e+01 1.80048748e+00 2.79000000e+01 -5.19832871e+00
 2.82000000e+01 0.00000000e+00 2.82000000e+01 2.48111087e+00 2.82000000e+01 -5.32889330e+00
 2.85000000e+01 0.00000000e+00 2.85000000e+01 2.56897810e+00 2.85000000e+01 -5.18081762e+00
 2.88000000e+01 0.00000000e+00 2.88000000e+01 2.86487975e+00 2.88000000e+01 -4.75298326e+00
 2.91000000e+01 0.00000000e+00 2.91000000e+01 2.36330661e+00 2.91000000e+01 -5.17172334e+00
 2.94000000e+01 0.00000000e+00 2.94000000e+01 2.46760076e+00 2.94000000e+01 -4.48700434e+00
 2.97000000e+01 0.00000000e+00 2.97000000e+01 2.72612284e+00 2.97000000e+01 -5.18763318e+00
 3.00000000e+01 0.00000000e+00 3.00000000e+01 2.78900416e+00 3.00000000e+01 -5.31735639e+00
 3.03000000e+01 0.00000000e+00 3.03000000e+01 2.49885812e+00 3.03000000e+01 -4.78135141e+00
 3.06000000e+01 0.00000000e+00 3.06000000e+01 3.06395096e+00 3.06000000e+01 -4.68929446e+00
 3.09000000e+01 0.00000000e+00 3.09000000e+01 2.57502812e+00 3.09000000e+01 -5.15118944e+00
 3.12000000e+01 0.00000000e+00 3.12000000e+01 2.59528539e+00 3.12000000e+01 -4.85107476e+00
 3.15000000e+01 0.00000000e+00 3.15000000e+01 2.87085600e+00 3.15000000e+01 -5.20219692e+00
 3.18000000e+01 0.00000000e+00 3.18000000e+01 2.85401627e+00 3.18000000e+01 -4.98108443e+00
 3.21000000e+01 0.00000000e+00 3.21000000e+01 2.82042872e+00 3.21000000e+01 -4.78204499e+00
 3.24000000e+01 0.00000000e+00 3.24000000e+01 2.44454237e+00 3.24000000e+01 -4.89716328e+00
 3.27000000e+01 0.00000000e+00 3.27000000e+01 2.73731559e+00 3.27000000e+01 -4.98948104e+00
 3.30000000e+01 0.00000000e+00 3.30000000e+01 2.21700112e+00 3.30000000e+01 -5.40471802e+00
 3.33000000e+01 0.00000000e+00 3.33000000e+01 2.87090173e+00 3.33000000e+01 -5.35534692e+00
 3.36000000e+01 0.00000000e+00 3.36000000e+01 2.75760341e+00 3.36000000e+01 -5.05243978e+00
 3.39000000e+01 0.00000000e+00 3.39000000e+01 3.19226008e+00 3.39000000e+01 -5.57205393e+00
 3.42000000e+01 0.00000000e+00 3.42000000e+01 2.57796868e+00 3.42000000e+01 -4.65062992e+00
 3.45000000e+01 0.00000000e+00 3.45000000e+01 3.14252492e+00 3.45000000e+01 -4.88739437e+00
 3.48000000e+01 0.00000000e+00 3.48000000e+01 2.63261402e+00 3.48000000e+01 -5.32314615e+00
 3.51000000e+01 0.00000000e+00 3.51000000e+01 4.85407609e+00 3.51000000e+01 -1.06592534e+00
 3.54000000e+01 0.00000000e+00 3.54000000e+01 5.31559379e+00 3.54000000e+01 -1.97701980e+00
 3.57000000e+01 0.00000000e+00 3.57000000e+01 4.80331300e+00 3.57000000e+01 -1.75654953e+00
 3.60000000e+01 0.00000000e+00 3.60000000e+01 4.82215629e+00 3.60000000e+01 -9.43120417e-01
 3.63000000e+01 0.00000000e+00 3.63000000e+01 5.56689835e+00 3.63000000e+01 -1.48378255e+00
 3.66000000e+01 0.00000000e+00 3.66000000e+01 4.82832206e+00 3.66000000e+01 -1.27737568e+00
 3.69000000e+01 0.00000000e+00 3.69000000e+01 5.11455677e+00 3.69000000e+01 -1.15468760e+00
 3.72000000e+01 0.00000000e+00 3.72000000e+01 5.57003551e+00 3.72000000e+01 -1.49625606e+00
 3.75000000e+01 0.00000000e+00 3.75000000e+01 5.22615709e+00 3.75000000e+01 -1.17511975e+00
 3.78000000e+01 0.00000000e+00 3.78000000e+01 4.84015001e+00 3.78000000e+01 -1.93733211e+00
 3.81000000e+01 0.00000000e+00 3.81000000e+01 5.10821388e+00 3.81000000e+01 -8.22464332e-01
 3.84000000e+01 0.00000000e+00 3.84000000e+01 5.56327900e+00 3.84000000e+01 -1.05444769e+00
 3.87000000e+01 0.00000000e+00 3.87000000e+01 5.18133886e+00 3.87000000e+01 -8.91556695e-01
 3.90000000e+01 0.00000000e+00 3.90000000e+01 5.24641462e+00 3.90000000e+01 -1.38700936e+00
 3.93000000e+01 0.00000000e+00 3.93000000e+01 5.24297190e+00 3.93000000e+01 -7.57088227e-01
 3.96000000e+01 0.00000000e+00 3.96000000e+01 4.22814649e+00 3.96000000e+01 -1.97371980e+00
 3.99000000e+01 0.00000000e+00 3.99000000e+01 4.92180751e+00 3.99000000e+01 -1.34213920e+00
 4.02000000e+01 0.00000000e+00 4.02000000e+01 6.33407329e+00 4.02000000e+01 -2.69672697e+00
 4.05000000e+01 0.00000000e+00 4.05000000e+01 5.77641943e+00 4.05000000e+01 -1.76420447e+00
 4.08000000e+01 0.00000000e+00 4.08000000e+01 6.15896406e+00 4.08000000e+01 -2.20875222e+00
 4.11000000e+01 0.00000000e+00 4.11000000e+01 5.30103944e+00 4.11000000e+01 -2.05304379e+00
 4.14000000e+01 0.00000000e+00 4.14000000e+01 5.74100121e+00 4.14000000e+01 -2.34271999e+00
 4.17000000e+01 0.00000000e+00 4.17000000e+01 5.50562836e+00 4.17000000e+01 -2.29576217e+00
 4.20000000e+01 0.00000000e+00 4.20000000e+01 5.64970393e+00 4.20000000e+01 -2.12479894e+00
 4.23000000e+01 0.00000000e+00 4.23000000e+01 5.65015672e+00 4.23000000e+01 -2.13511779e+00
 4.26000000e+01 0.00000000e+00 4.26000000e+01 6.27596551e+00 4.26000000e+01 -2.37390769e+00
 4.29000000e+01 0.00000000e+00 4.29000000e+01 6.66734990e+00 4.29000000e+01 -1.41138718e+00
 4.32000000e+01 0.00000000e+00 4.32000000e+01 5.83641002e+00 4.32000000e+01 -2.04206330e+00
 4.35000000e+01 0.00000000e+00 4.35000000e+01 5.70878130e+00 4.35000000e+01 -2.34740199e+00
 4.38000000e+01 0.00000000e+00 4.38000000e+01 5.84156021e+00 4.38000000e+01 -2.48588144e+00
 4.41000000e+01 0.00000000e+00 4.41000000e+01 5.88412056e+00 4.41000000e+01 -2.25265094e+00
 4.44000000e+01 0.00000000e+00 4.44000000e+01 5.71299029e+00 4.44000000e+01 -2.38089879e+00
 4.47000000e+01 0.00000000e+00 4.47000000e+01 5.98977297e+00 4.47000000e+01 -1.93292576e+00
 4.50000000e+01 0.00000000e+00 4.50000000e+01 5.96193887e+00 4.50000000e+01 -3.13933438e+00
 4.53000000e+01 0.00000000e+00 4.53000000e+01 5.82291790e+00 4.53000000e+01 -2.11318473e+00
 4.56000000e+01 0.00000000e+00 4.56000000e+01 6.41229987e+00 4.56000000e+01 -2.58024143e+00
 4.59000000e+01 0.00000000e+00 4.59000000e+01 6.23849265e+00 4.59000000e+01 -1.93360494e+00
 4.62000000e+01 0.00000000e+00 4.62000000e+01 6.01959720e+00 4.62000000e+01 -2.65765993e+00
 4.65000000e+01 0.00000000e+00 4.65000000e+01 5.15777369e+00 4.65000000e+01 -2.40428301e+00
 4.68000000e+01 0.00000000e+00 4.68000000e+01 6.41896677e+00 4.68000000e+01 -2.77318916e+00
 4.71000000e+01 0.00000000e+00 4.71000000e+01 5.59532107e+00 4.71000000e+01 -2.56554041e+00
 4.74000000e+01 0.00000000e+00 4.74000000e+01 5.81761132e+00 4.74000000e+01 -2.21471612e+00
 4.77000000e+01 0.00000000e+00 4.77000000e+01 6.28152937e+00 4.77000000e+01 -2.18441585e+00
 4.80000000e+01 0.00000000e+00 4.80000000e+01 5.73770884e+00 4.80000000e+01 -2.55637145e+00
 4.83000000e+01 0.00000000e+00 4.83000000e+01 6.48229952e+00 4.83000000e+01 -2.03590065e+00
 4.86000000e+01 0.00000000e+00 4.86000000e+01 5.41657492e+00 4.86000000e+01 -2.11631017e+00
 4.89000000e+01 0.00000000e+00 4.89000000e+01 6.10197707e+00 4.89000000e+01 -2.34409274e+00
 4.92000000e+01 0.00000000e+00 4.92000000e+01 6.01485640e+00 4.92000000e+01 -1.85348381e+00
 4.95000000e+01 0.00000000e+00 4.95000000e+01 6.53208396e+00 4.95000000e+01 -1.63634673e+00
 4.98000000e+01 0.00000000e+00 4.98000000e+01 5.29174943e+00 4.98000000e+01 -2.34027049e+00
 5.01000000e+01 0.00000000e+00 5.01000000e+01 4.41853249e+00 5.01000000e+01 -1.79021453e+00
 5.04000000e+01 0.00000000e+00 5.04000000e+01 4.70162226e+00 5.04000000e+01 -2.12732234e+00
 5.07000000e+01 0.00000000e+00 5.07000000e+01 4.94387298e+00 5.07000000e+01 -1.97824230e+00
 5.10000000e+01 0.00000000e+00 5.10000000e+01 4.96484847e+00 5.10000000e+01 -2.01921166e+00
 5.13000000e+01 0.00000000e+00 5.13000000e+01 4.71987659e+00 5.13000000e+01 -2.18570885e+00
 5.16000000e+01 0.00000000e+00 5.16000000e+01 4.68388744e+00 5.16000000e+01 -1.76036109e+00
 5.19000000e+01 0.00000000e+00 5.19000000e+01 4.80126548e+00 5.19000000e+01 -2.34057773e+00
 5.22000000e+01 0.00000000e+00 5.22000000e+01 4.93351275e+00 5.22000000e+01 -2.01407013e+00
 5.25000000e+01 0.00000000e+00 5.25000000e+01 4.65226461e+00 5.25000000e+01 -1.70707705e+00
 5.28000000e+01 0.00000000e+00 5.28000000e+01 4.91091246e+00 5.28000000e+01 -2.01273566e+00
 5.31000000e+01 0.00000000e+00 5.31000000e+01 4.06405174e+00 5.31000000e+01 -2.28311535e+00
 5.34000000e+01 0.00000000e+00 5.34000000e+01 5.09460954e+00 5.34000000e+01 -1.96596651e+00
 5.37000000e+01 0.00000000e+00 5.37000000e+01 5.01945501e+00 5.37000000e+01 -1.94897461e+00
 5.40000000e+01 0.00000000e+00 5.40000000e+01 4.66741642e+00 5.40000000e+01 -1.73128413e+00
 5.43000000e+01 0.00000000e+00 5.43000000e+01 5.30210636e+00 5.43000000e+01 -1.48331995e+00
 5.46000000e+01 0.00000000e+00 5.46000000e+01 4.82474351e+00 5.46000000e+01 -2.40781821e+00
 5.49000000e+01 0.00000000e+00 5.49000000e+01 4.87278484e+00 5.49000000e+01 -2.09312060e+00
 5.52000000e+01 0.00000000e+00 5.52000000e+01 5.76974814e+00 5.52000000e+01 -5.02665780e+00
 5.55000000e+01 0.00000000e+00 5.55000000e+01 5.46251038e+00 5.55000000e+01 -5.30659507e+00
 5.58000000e+01 0.00000000e+00 5.58000000e+01 6.28382455e+00 5.58000000e+01 -5.47390261e+00
 5.61000000e+01 0.00000000e+00 5.61000000e+01 6.77147361e+00 5.61000000e+01 -5.32909488e+00
 5.64000000e+01 0.00000000e+00 5.64000000e+01 5.72521392e+00 5.64000000e+01 -5.01711943e+00
 5.67000000e+01 0.00000000e+00 5.67000000e+01 6.37518313e+00 5.67000000e+01 -5.23234812e+00
 5.70000000e+01 0.00000000e+00 5.70000000e+01 5.77645101e+00 5.70000000e+01 -4.54870185e+00
 5.73000000e+01 0.00000000e+00 5.73000000e+01 5.47777398e+00 5.73000000e+01 -5.30009187e+00
 5.76000000e+01 0.00000000e+00 5.76000000e+01 5.89018400e+00 5.76000000e+01 -4.81928658e+00
 5.79000000e+01 0.00000000e+00 5.79000000e+01 6.33372125e+00 5.79000000e+01 -4.82770332e+00
 5.82000000e+01 0.00000000e+00 5.82000000e+01 6.02711252e+00 5.82000000e+01 -5.32202870e+00
 5.85000000e+01 0.00000000e+00 5.85000000e+01 6.47612695e+00 5.85000000e+01 -4.91802921e+00
 5.88000000e+01 0.00000000e+00 5.88000000e+01 6.16183104e+00 5.88000000e+01 -4.97754255e+00
 5.91000000e+01 0.00000000e+00 5.91000000e+01 5.53898182e+00 5.91000000e+01 -5.52680432e+00
 5.94000000e+01 0.00000000e+00 5.94000000e+01 5.41969999e+00 5.94000000e+01 -4.86220474e+00
 5.97000000e+01 0.00000000e+00 5.97000000e+01 5.66570245e+00 5.97000000e+01 -5.42630376e+00
