 0.00000000e+00 0.00000000e+00 0.00000000e+00 6.79305865e+00 0.00000000e+00 -4.09162598e+00
 3.00000000e-01 0.00000000e+00 3.00000000e-01 7.13841064e+00 3.00000000e-01 -4.24104438e+00
 6.00000000e-01 0.00000000e+00 6.00000000e-01 7.38964267e+00 6.00000000e-01 -4.08597983e+00
 9.00000000e-01 0.00000000e+00 9.00000000e-01 6.96164698e+00 9.00000000e-01 -3.63373707e+00
 1.20000000e+00 0.00000000e+00 1.20000000e+00 6.53149712e+00 1.20000000e+00 -3.70235808e+00
 1.50000000e+00 0.00000000e+00 1.50000000e+00 7.06212690e+00 1.50000000e+00 -4.06278319e+00
 1.80000000e+00 0.00000000e+00 1.80000000e+00 6.84853146e+00 1.80000000e+00 -4.47565775e+00
 2.10000000e+00 0.00000000e+00 2.10000000e+00 6.83045924e+00 2.10000000e+00 -3.75049137e+00
 2.40000000e+00 0.00000000e+00 2.40000000e+00 7.02868879e+00 2.40000000e+00 -3.85810762e+00
 2.70000000e+00 0.00000000e+00 2.70000000e+00 7.01063132e+00 2.70000000e+00 -3.97732645e+00
 3.00000000e+00 0.00000000e+00 3.00000000e+00 7.06968369e+00 3.00000000e+00 -4.33871633e+00
 3.30000000e+00 0.00000000e+00 3.30000000e+00 6.35736253e+00 3.30000000e+00 -4.35617588e+00
 3.60000000e+00 0.00000000e+00 3.60000000e+00 6.24946159e+00 3.60000000e+00 -4.34133647e+00
 3.90000000e+00 0.00000000e+00 3.90000000e+00 6.98838648e+00 3.90000000e+00 -3.69904212e+00
 4.20000000e+00 0.00000000e+00 4.20000000e+00 6.59492497e+00 4.20000000e+00 -3.67975017e+00
 4.50000000e+00 0.00000000e+00 4.50000000e+00 7.48540258e+00 4.50000000e+00 -4.01921234e+00
 4.80000000e+00 0.00000000e+00 4.80000000e+00 6.78477942e+00 4.80000000e+00 -4.43345405e+00
 5.10000000e+00 0.00000000e+00 5.10000000e+00 6.94368530e+00 5.10000000e+00 -4.22313137e+00
 5.40000000e+00 0.00000000e+00 5.40000000e+00 6.43313033e+00 5.40000000e+00 -3.61514739e+00
 5.70000000e+00 0.00000000e+00 5.70000000e+00 6.95365002e+00 5.70000000e+00 -3.88186499e+00
 6.00000000e+00 0.00000000e+00 6.00000000e+00 6.47631745e+00 6.00000000e+00 -4.19861214e+00
 6.30000000e+00 0.00000000e+00 6.30000000e+00 6.97548262e+00 6.30000000e+00 -4.72813086e+00
 6.60000000e+00 0.00000000e+00 6.60000000e+00 6.82432622e+00 6.60000000e+00 -4.37820426e+00
 6.90000000e+00 0.00000000e+00 6.90000000e+00 7.35310581e+00 6.90000000e+00 -3.92949469e+00
 7.20000000e+00 0.00000000e+00 7.20000000e+00 7.08684651e+00 7.20000000e+00 -3.71060761e+00
 7.50000000e+00 0.00000000e+00 7.50000000e+00 6.77011582e+00 7.50000000e+00 -4.25700060e+00
 7.80000000e+00 0.00000000e+00 7.80000000e+00 6.98601188e+00 7.80000000e+00 -4.29900179e+00
 8.10000000e+00 0.00000000e+00 8.10000000e+00 6.68416895e+00 8.10000000e+00 -4.36343481e+00
 8.40000000e+00 0.00000000e+00 8.40000000e+00 6.59887253e+00 8.40000000e+00 -4.46739821e+00
 8.70000000e+00 0.00000000e+00 8.70000000e+00 6.21530016e+00 8.70000000e+00 -4.17618072e+00
 9.00000000e+00 0.00000000e+00 9.00000000e+00 6.76345359e+00 9.00000000e+00 -3.56580105e+00
 9.30000000e+00 0.00000000e+00 9.30000000e+00 6.91251456e+00 9.30000000e+00 -3.54389297e+00
 9.60000000e+00 0.00000000e+00 9.60000000e+00 7.20977479e+00 9.60000000e+00 -3.89455377e+00
 9.90000000e+00 0.00000000e+00 9.90000000e+00 6.79515513e+00 9.90000000e+00 -3.96627559e+00
 1.02000000e+01 0.00000000e+00 1.02000000e+01 6.65663858e+00 1.02000000e+01 -4.25187006e+00
 1.05000000e+01 0.00000000e+00 1.05000000e+01 6.85376150e+00 1.05000000e+01 -3.62287855e+00
 1.08000000e+01 0.00000000e+00 1.08000000e+01 6.77410063e+00 1.08000000e+01 -4.13813338e+00
 1.11000000e+01 0.00000000e+00 1.11000000e+01 6.47752896e+00 1.11000000e+01 -4.29222413e+00
 1.14000000e+01 0.00000000e+00 1.14000000e+01 7.19954712e+00 1.14000000e+01 -3.68058792e+00
 1.17000000e+01 0.00000000e+00 1.17000000e+01 6.52740897e+00 1.17000000e+01 -4.04601120e+00
 1.20000000e+01 0.00000000e+00 1.20000000e+01 6.61901759e+00 1.20000000e+01 -4.20682432e+00
 1.23000000e+01 0.00000000e+00 1.23000000e+01 6.58228310e+00 1.23000000e+01 -3.74602091e+00
 1.26000000e+01 0.00000000e+00 1.26000000e+01 6.47764424e+00 1.26000000e+01 -4.23983913e+00
 1.29000000e+01 0.00000000e+00 1.29000000e+01 6.58701760e+00 1.29000000e+01 -3.62135714e+00
 1.32000000e+01 0.00000000e+00 1.32000000e+01 6.94166124e+00 1.32000000e+01 -3.59879676e+00
 1.35000000e+01 0.00000000e+00 1.35000000e+01 6.92800963e+00 1.35000000e+01 -4.22274539e+00
 1.38000000e+01 0.00000000e+00 1.38000000e+01 7.10007242e+00 1.38000000e+01 -3.91400520e+00
 1.41000000e+01 0.00000000e+00 1.41000000e+01 6.76669481e+00 1.41000000e+01 -3.55409030e+00
 1.44000000e+01 0.00000000e+00 1.44000000e+01 6.93684871e+00 1.44000000e+01 -3.98923481e+00
 1.47000000e+01 0.00000000e+00 1.47000000e+01 7.13187784e+00 1.47000000e+01 -3.93300186e+00
 1.50000000e+01 0.00000000e+00 1.50000000e+01 7.35139844e+00 1.50000000e+01 -4.29642226e+00
 1.53000000e+01 0.00000000e+00 1.53000000e+01 1.72105446e+00 1.53000000e+01 -4.12005067e+00
 1.56000000e+01 0.00000000e+00 1.56000000e+01 2.06971744e+00 1.56000000e+01 -4.13217799e+00
 1.59000000e+01 0.00000000e+00 1.59000000e+01 1.75724192e+00 1.59000000e+01 -4.33640465e+00
 1.62000000e+01 0.00000000e+00 1.62000000e+01 2.27350893e+00 1.62000000e+01 -4.08999342e+00
 1.65000000e+01 0.00000000e+00 1.65000000e+01 2.15166458e+00 1.65000000e+01 -4.14449639e+00
 1.68000000e+01 0.00000000e+00 1.68000000e+01 2.29292441e+00 1.68000000e+01 -3.00711020e+00
 1.71000000e+01 0.00000000e+00 1.71000000e+01 1.95297597e+00 1.71000000e+01 -4.09857740e+00
 1.74000000e+01 0.00000000e+00 1.74000000e+01 1.93229687e+00 1.74000000e+01 -4.72555942e+00
 1.77000000e+01 0.00000000e+00 1.77000000e+01 1.49806796e+00 1.77000000e+01 -4.12599534e+00
 1.80000000e+01 0.00000000e+00 1.80000000e+01 2.61430934e+00 1.80000000e+01 -3.81389245e+00
 1.83000000e+01 0.00000000e+00 1.83000000e+01 2.52013183e+00 1.83000000e+01 -4.15469888e+00
 1.86000000e+01 0.00000000e+00 1.86000000e+01 2.34589139e+00 1.86000000e+01 -3.75564739e+00
 1.89000000e+01 0.00000000e+00 1.89000000e+01 2.04619703e+00 1.89000000e+01 -3.97214044e+00
 1.92000000e+01 0.00000000e+00 1.92000000e+01 2.09744305e+00 1.92000000e+01 -3.60518390e+00
 1.95000000e+01 0.00000000e+00 1.95000000e+01 2.05139469e+00 1.95000000e+01 -4.31151025e+00
 1.98000000e+01 0.00000000e+00 1.98000000e+01 2.47648259e+00 1.98000000e+01 -3.98834057e+00
 2.01000000e+01 0.00000000e+00 2.01000000e+01 1.99680706e+00 2.01000000e+01 -4.23566147e+00
 2.04000000e+01 0.00000000e+00 2.04000000e+01 2.86130240e+00 2.04000000e+01 -3.46998172e+00
 2.07000000e+01 0.00000000e+00 2.07000000e+01 1.60020913e+00 2.07000000e+01 -3.39105925e+00
 2.10000000e+01 0.00000000e+00 2.10000000e+01 2.06744920e+00 2.10000000e+01 -4.62651519e+00
 2.13000000e+01 0.00000000e+00 2.13000000e+01 1.96172091e+00 2.13000000e+01 -4.68847371e+00
 2.16000000e+01 0.00000000e+00 2.16000000e+01 1.60826832e+00 2.16000000e+01 -3.98824602e+00
 2.19000000e+01 0.00000000e+00 2.19000000e+01 2.41377818e+00 2.19000000e+01 -4.28164863e+00
 2.22000000e+01 0.00000000e+00 2.22000000e+01 2.04988931e+00 2.22000000e+01 -4.39876155e+00
 2.25000000e+01 0.00000000e+00 2.25000000e+01 2.09612298e+00 2.25000000e+01 -4.12954715e+00
 2.28000000e+01 0.00000000e+00 2.28000000e+01 2.15364304e+00 2.28000000e+01 -3.94610860e+00
 2.31000000e+01 0.00000000e+00 2.31000000e+01 1.88947970e+00 2.31000000e+01 -3.40527007e+00
 2.34000000e+01 0.00000000e+00 2.34000000e+01 2.71630468e+00 2.34000000e+01 -4.17046732e+00
 2.37000000e+01 0.00000000e+00 2.37000000e+01 2.03737308e+00 2.37000000e+01 -4.34493998e+00
 2.40000000e+01 0.00000000e+00 2.40000000e+01 1.65995710e+00 2.40000000e+01 -4.03966856e+00
 2.43000000e+01 0.00000000e+00 2.43000000e+01 2.26256417e+00 2.43000000e+01 -4.58188103e+00
 2.46000000e+01 0.00000000e+00 2.46000000e+01 2.35524808e+00 2.46000000e+01 -3.75022776e+00
 2.49000000e+01 0.00000000e+00 2.49000000e+01 1.51761216e+00 2.49000000e+01 -4.26264427e+00
 2.52000000e+01 0.00000000e+00 2.52000000e+01 -2.04093505e-01 2.52000000e+01 -3.60963384e+00
 2.55000000e+01 0.00000000e+00 2.55000000e+01 -6.73060683e-02 2.55000000e+01 -3.00722804e+00
 2.58000000e+01 0.00000000e+00 2.58000000e+01 7.13187321e-01 2.58000000e+01 -3.43733431e+00
 2.61000000e+01 0.00000000e+00 2.61000000e+01 -6.18641775e-02 2.61000000e+01 -3.37559870e+00
 2.64000000e+01 0.00000000e+00 2.64000000e+01 4.96117680e-01 2.64000000e+01 -2.92224596e+00
 2.67000000e+01 0.00000000e+00 2.67000000e+01 4.58305846e-01 2.67000000e+01 -3.58728282e+00
 2.70000000e+01 0.00000000e+00 2.70000000e+01 6.43600732e-02 2.70000000e+01 -2.88527249e+00
 2.73000000e+01 0.00000000e+00 2.73000000e+01 4.82933913e-01 2.73000000e+01 -3.20115293e+00
 2.76000000e+01 0.00000000e+00 2.76000000e+01 3.77132689e-01 2.76000000e+01 -3.80193515e+00
 2.79000000e+01 0.00000000e+00 2.79000000e+01 1.26668139e-01 2.79000000e+01 -2.80219469e+00
 2.82000000e+01 0.00000000e+00 2.82000000e+01 1.03967053e-01 2.82000000e+01 -3.35005864e+00
 2.85000000e+01 0.00000000e+00 2.85000000e+01 -4.41712939e-02 2.85000000e+01 -3.64427997e+00
 2.88000000e+01 0.00000000e+00 2.88000000e+01 1.80063827e-01 2.88000000e+01 -3.04949381e+00
 2.91000000e+01 0.00000000e+00 2.91000000e+01 4.45836812e-02 2.91000000e+01 -2.84532052e+00
 2.94000000e+01 0.00000000e+00 2.94000000e+01 -1.05640829e-01 2.94000000e+01 -3.03747394e+00
 2.97000000e+01 0.00000000e+00 2.97000000e+01 -1.50432156e-01 2.97000000e+01 -3.68291453e+00
 3.00000000e+01 0.00000000e+00 3.00000000e+01 -2.54141200e-01 3.00000000e+01 -3.02327004e+00
 3.03000000e+01 0.00000000e+00 3.03000000e+01 6.78194736e-02 3.03000000e+01 -3.62676346e+00
 3.06000000e+01 0.00000000e+00 3.06000000e+01 -8.35607094e-02 3.06000000e+01 -3.23272708e+00
 3.09000000e+01 0.00000000e+00 3.09000000e+01 1.13010548e-01 3.09000000e+01 -3.13449395e+00
 3.12000000e+01 0.00000000e+00 3.12000000e+01 3.01447397e-01 3.12000000e+01 -3.10393062e+00
 3.15000000e+01 0.00000000e+00 3.15000000e+01 3.67876856e-01 3.15000000e+01 -2.81125553e+00
 3.18000000e+01 0.00000000e+00 3.18000000e+01 2.13486299e-02 3.18000000e+01 -3.54047675e+00
 3.21000000e+01 0.00000000e+00 3.21000000e+01 4.37486171e-01 3.21000000e+01 -2.78449377e+00
 3.24000000e+01 0.00000000e+00 3.24000000e+01 4.41821888e-01 3.24000000e+01 -3.52760855e+00
 3.27000000e+01 0.00000000e+00 3.27000000e+01 1.01025148e-01 3.27000000e+01 -3.77624038e+00
 3.30000000e+01 0.00000000e+00 3.30000000e+01 3.77221590e-01 3.30000000e+01 -3.30976774e+00
 3.33000000e+01 0.00000000e+00 3.33000000e+01 5.09791279e-01 3.33000000e+01 -3.02057171e+00
 3.36000000e+01 0.00000000e+00 3.36000000e+01 5.71630404e-01 3.36000000e+01 -2.93394231e+00
 3.39000000e+01 0.00000000e+00 3.39000000e+01 1.53456912e-01 3.39000000e+01 -2.89584221e+00
 3.42000000e+01 0.00000000e+00 3.42000000e+01 3.58936555e-01 3.42000000e+01 -2.92643042e+00
 3.45000000e+01 0.00000000e+00 3.45000000e+01 1.83529018e-01 3.45000000e+01 -3.49136972e+00
 3.48000000e+01 0.00000000e+00 3.48000000e+01 -2.82206541e-01 3.48000000e+01 -2.89926504e+00
 3.51000000e+01 0.00000000e+00 3.51000000e+01 6.98726747e+00 3.51000000e+01 -3.00207576e+00
 3.54000000e+01 0.00000000e+00 3.54000000e+01 6.10794296e+00 3.54000000e+01 -3.29333342e+00
 3.57000000e+01 0.00000000e+00 3.57000000e+01 5.57134329e+00 3.57000000e+01 -3.10782815e+00
 3.60000000e+01 0.00000000e+00 3.60000000e+01 6.05518206e+00 3.60000000e+01 -3.26780531e+00
 3.63000000e+01 0.00000000e+00 3.63000000e+01 6.10231921e+00 3.63000000e+01 -3.34598543e+00
 3.66000000e+01 0.00000000e+00 3.66000000e+01 6.55825016e+00 3.66000000e+01 -2.48556752e+00
 3.69000000e+01 0.00000000e+00 3.69000000e+01 5.84086201e+00 3.69000000e+01 -3.47756768e+00
 3.72000000e+01 0.00000000e+00 3.72000000e+01 6.25739015e+00 3.72000000e+01 -2.71206006e+00
 3.75000000e+01 0.00000000e+00 3.75000000e+01 6.35138946e+00 3.75000000e+01 -3.01619830e+00
 3.78000000e+01 0.00000000e+00 3.78000000e+01 6.47567504e+00 3.78000000e+01 -3.14238190e+00
 3.81000000e+01 0.00000000e+00 3.81000000e+01 6.65337882e+00 3.81000000e+01 -3.49374895e+00
 3.84000000e+01 0.00000000e+00 3.84000000e+01 6.08852535e+00 3.84000000e+01 -3.98255293e+00
 3.87000000e+01 0.00000000e+00 3.87000000e+01 6.15021443e+00 3.87000000e+01 -3.24896402e+00
 3.90000000e+01 0.00000000e+00 3.90000000e+01 5.63061941e+00 3.90000000e+01 -2.72533966e+00
 3.93000000e+01 0.00000000e+00 3.93000000e+01 6.73539441e+00 3.93000000e+01 -3.38281257e+00
 3.96000000e+01 0.00000000e+00 3.96000000e+01 5.83988182e+00 3.96000000e+01 -2.99851406e+00
 3.99000000e+01 0.00000000e+00 3.99000000e+01 6.07430867e+00 3.99000000e+01 -2.47515701e+00
 4.02000000e+01 0.00000000e+00 4.02000000e+01 5.42562394e+00 4.02000000e+01 -1.09002118e+00
 4.05000000e+01 0.00000000e+00 4.05000000e+01 5.51479389e+00 4.05000000e+01 -1.34461045e+00
 4.08000000e+01 0.00000000e+00 4.08000000e+01 5.71579281e+00 4.08000000e+01 -1.23688641e+00
 4.11000000e+01 0.00000000e+00 4.11000000e+01 5.47885152e+00 4.11000000e+01 -1.11392854e+00
 4.14000000e+01 0.00000000e+00 4.14000000e+01 5.51894246e+00 4.14000000e+01 -1.99098450e+00
 4.17000000e+01 0.00000000e+00 4.17000000e+01 5.52889604e+00 4.17000000e+01 -1.71533930e+00
 4.20000000e+01 0.00000000e+00 4.20000000e+01 5.52241951e+00 4.20000000e+01 -1.48803220e+00
 4.23000000e+01 0.00000000e+00 4.23000000e+01 5.61933453e+00 4.23000000e+01 -7.81833154e-01
 4.26000000e+01 0.00000000e+00 4.26000000e+01 5.95588948e+00 4.26000000e+01 -1.84154832e+00
 4.29000000e+01 0.00000000e+00 4.29000000e+01 4.91244330e+00 4.29000000e+01 -1.50619385e+00
 4.32000000e+01 0.00000000e+00 4.32000000e+01 5.32321526e+00 4.32000000e+01 -9.92380238e-01
 4.35000000e+01 0.00000000e+00 4.35000000e+01 5.74771101e+00 4.35000000e+01 -1.34649283e+00
 4.38000000e+01 0.00000000e+00 4.38000000e+01 5.41038527e+00 4.38000000e+01 -1.62979801e+00
 4.41000000e+01 0.00000000e+00 4.41000000e+01 5.50067567e+00 4.41000000e+01 -9.65580685e-01
 4.44000000e+01 0.00000000e+00 4.44000000e+01 5.50323728e+00 4.44000000e+01 -1.42978751e+00
 4.47000000e+01 0.00000000e+00 4.47000000e+01 5.29344358e+00 4.47000000e+01 -1.79937953e+00
 4.50000000e+01 0.00000000e+00 4.50000000e+01 5.78132511e+00 4.50000000e+01 -1.29182668e+00
 4.53000000e+01 0.00000000e+00 4.53000000e+01 4.88884316e+00 4.53000000e+01 -1.16823632e+00
 4.56000000e+01 0.00000000e+00 4.56000000e+01 5.72796438e+00 4.56000000e+01 -1.55381410e+00
 4.59000000e+01 0.00000000e+00 4.59000000e+01 5.23523165e+00 4.59000000e+01 -8.02492330e-01
 4.62000000e+01 0.00000000e+00 4.62000000e+01 5.42567818e+00 4.62000000e+01 -1.46792723e+00
 4.65000000e+01 0.00000000e+00 4.65000000e+01 5.44783941e+00 4.65000000e+01 -1.69875943e+00
 4.68000000e+01 0.00000000e+00 4.68000000e+01 5.35467104e+00 4.68000000e+01 -1.89785148e+00
 4.71000000e+01 0.00000000e+00 4.71000000e+01 5.51348709e+00 4.71000000e+01 -1.57486487e+00
 4.74000000e+01 0.00000000e+00 4.74000000e+01 5.61099790e+00 4.74000000e+01 -1.89587667e+00
 4.77000000e+01 0.00000000e+00 4.77000000e+01 5.88921269e+00 4.77000000e+01 -1.50156422e+00
 4.80000000e+01 0.00000000e+00 4.80000000e+01 5.60746508e+00 4.80000000e+01 -9.42002221e-01
 4.83000000e+01 0.00000000e+00 4.83000000e+01 5.56514667e+00 4.83000000e+01 -1.45097758e+00
 4.86000000e+01 0.00000000e+00 4.86000000e+01 5.82564729e+00 4.86000000e+01 -1.77672815e+00
 4.89000000e+01 0.00000000e+00 4.89000000e+01 5.68501695e+00 4.89000000e+01 -1.17055395e+00
 4.92000000e+01 0.00000000e+00 4.92000000e+01 5.40802141e+00 4.92000000e+01 -1.68030961e+00
 4.95000000e+01 0.00000000e+00 4.95000000e+01 5.76640319e+00 4.95000000e+01 -1.37582734e+00
 4.98000000e+01 0.00000000e+00 4.98000000e+01 5.16437529e+00 4.98000000e+01 -1.49305149e+00
 5.01000000e+01 0.00000000e+00 5.01000000e+01 3.74809570e+00 5.01000000e+01 -4.93013156e+00
 5.04000000e+01 0.00000000e+00 5.04000000e+01 3.44336360e+00 5.04000000e+01 -4.23130945e+00
 5.07000000e+01 0.00000000e+00 5.07000000e+01 3.61591814e+00 5.07000000e+01 -4.87734969e+00
 5.10000000e+01 0.00000000e+00 5.10000000e+01 3.20012054e+00 5.10000000e+01 -4.84275376e+00
 5.13000000e+01 0.00000000e+00 5.13000000e+01 3.39031982e+00 5.13000000e+01 -4.78690132e+00
 5.16000000e+01 0.00000000e+00 5.16000000e+01 3.67113929e+00 5.16000000e+01 -4.94518730e+00
 5.19000000e+01 0.00000000e+00 5.19000000e+01 3.97817911e+00 5.19000000e+01 -4.70404837e+00
 5.22000000e+01 0.00000000e+00 5.22000000e+01 4.01049283e+00 5.22000000e+01 -4.48954088e+00
 5.25000000e+01 0.00000000e+00 5.25000000e+01 4.32417645e+00 5.25000000e+01 -4.51782646e+00
 5.28000000e+01 0.00000000e+00 5.28000000e+01 3.70274367e+00 5.28000000e+01 -4.72003140e+00
 5.31000000e+01 0.00000000e+00 5.31000000e+01 3.62248335e+00 5.31000000e+01 -4.13817428e+00
 5.34000000e+01 0.00000000e+00 5.34000000e+01 3.37061739e+00 5.34000000e+01 -4.86407895e+00
 5.37000000e+01 0.00000000e+00 5.37000000e+01 3.83969701e+00 5.37000000e+01 -4.86929306e+00
 5.40000000e+01 0.00000000e+00 5.40000000e+01 4.18284334e+00 5.40000000e+01 -4.62342370e+00
 5.43000000e+01 0.00000000e+00 5.43000000e+01 3.64092015e+00 5.43000000e+01 -5.00942313e+00
 5.46000000e+01 0.00000000e+00 5.46000000e+01 3.44284180e+00 5.46000000e+01 -5.20996816e+00
 5.49000000e+01 0.00000000e+00 5.49000000e+01 3.58303402e+00 5.49000000e+01 -4.61184408e+00
 5.52000000e+01 0.00000000e+00 5.52000000e+01 6.29504373e+00 5.52000000e+01 -3.61939493e+00
 5.55000000e+01 0.00000000e+00 5.55000000e+01 6.15896072e+00 5.55000000e+01 -4.20957259e+00
 5.58000000e+01 0.00000000e+00 5.58000000e+01 6.95982421e+00 5.58000000e+01 -4.72165104e+00
 5.61000000e+01 0.00000000e+00 5.61000000e+01 7.05107799e+00 5.61000000e+01 -3.74578657e+00
 5.64000000e+01 0.00000000e+00 5.64000000e+01 6.71776120e+00 5.64000000e+01 -3.49289564e+00
 5.67000000e+01 0.00000000e+00 5.67000000e+01 7.43606382e+00 5.67000000e+01 -3.35139023e+00
 5.70000000e+01 0.00000000e+00 5.70000000e+01 7.11293257e+00 5.70000000e+01 -3.95050507e+00
 5.73000000e+01 0.00000000e+00 5.73000000e+01 6.41743061e+00 5.73000000e+01 -4.25638701e+00
 5.76000000e+01 0.00000000e+00 5.76000000e+01 7.03145539e+00 5.76000000e+01 -3.75364027e+00
 5.79000000e+01 0.00000000e+00 5.79000000e+01 5.74566040e+00 5.79000000e+01 -3.96278128e+00
 5.82000000e+01 0.00000000e+00 5.82000000e+01 6.52560942e+00 5.82000000e+01 -3.76564348e+00
 5.85000000e+01 0.00000000e+00 5.85000000e+01 7.18916436e+00 5.85000000e+01 -3.90593346e+00
 5.88000000e+01 0.00000000e+00 5.88000000e+01 7.26304575e+00 5.88000000e+01 -3.78811765e+00
 5.91000000e+01 0.00000000e+00 5.91000000e+01 6.55899473e+00 5.91000000e+01 -3.99619720e+00
 5.94000000e+01 0.00000000e+00 5.94000000e+01 7.12456425e+00 5.94000000e+01 -3.79466630e+00
 5.97000000e+01 0.00000000e+00 5.97000000e+01 7.01610569e+00 5.97000000e+01 -3.21173306e+00
