 0.00000000e+00 0.00000000e+00 0.00000000e+00 6.29525975e+00 0.00000000e+00 -6.76934100e+00
 3.00000000e-01 0.00000000e+00 3.00000000e-01 6.77416423e+00 3.00000000e-01 -6.77647909e+00
 6.00000000e-01 0.00000000e+00 6.00000000e-01 7.33342649e+00 6.00000000e-01 -6.56459818e+00
 9.00000000e-01 0.00000000e+00 9.00000000e-01 6.87702200e+00 9.00000000e-01 -5.99722472e+00
 1.20000000e+00 0.00000000e+00 1.20000000e+00 7.15524646e+00 1.20000000e+00 -6.35930097e+00
 1.50000000e+00 0.00000000e+00 1.50000000e+00 7.07339225e+00 1.50000000e+00 -5.89837301e+00
 1.80000000e+00 0.00000000e+00 1.80000000e+00 7.01830441e+00 1.80000000e+00 -5.93925450e+00
 2.10000000e+00 0.00000000e+00 2.10000000e+00 7.30911168e+00 2.10000000e+00 -5.90812312e+00
 2.40000000e+00 0.00000000e+00 2.40000000e+00 6.92453596e+00 2.40000000e+00 -6.82541953e+00
 2.70000000e+00 0.00000000e+00 2.70000000e+00 7.34338471e+00 2.70000000e+00 -6.51378717e+00
 3.00000000e+00 0.00000000e+00 3.00000000e+00 6.89136817e+00 3.00000000e+00 -6.30658367e+00
 3.30000000e+00 0.00000000e+00 3.30000000e+00 7.02139784e+00 3.30000000e+00 -6.20544613e+00
 3.60000000e+00 0.00000000e+00 3.60000000e+00 7.01161466e+00 3.60000000e+00 -5.92022376e+00
 3.90000000e+00 0.00000000e+00 3.90000000e+00 6.88536604e+00 3.90000000e+00 -6.39206388e+00
 4.20000000e+00 0.00000000e+00 4.20000000e+00 6.27779994e+00 4.20000000e+00 -5.56513057e+00
 4.50000000e+00 0.00000000e+00 4.50000000e+00 7.05080000e+00 4.50000000e+00 -5.92260938e+00
 4.80000000e+00 0.00000000e+00 4.80000000e+00 6.74345235e+00 4.80000000e+00 -6.26476019e+00
 5.10000000e+00 0.00000000e+00 5.10000000e+00 7.50403997e+00 5.10000000e+00 -6.37973874e+00
 5.40000000e+00 0.00000000e+00 5.40000000e+00 7.02103436e+00 5.40000000e+00 -5.69647092e+00
 5.70000000e+00 0.00000000e+00 5.70000000e+00 6.98575858e+00 5.70000000e+00 -6.33254096e+00
 6.00000000e+00 0.00000000e+00 6.00000000e+00 7.45749379e+00 6.00000000e+00 -5.52963951e+00
 6.30000000e+00 0.00000000e+00 6.30000000e+00 6.98476950e+00 6.30000000e+00 -6.27383024e+00
 6.60000000e+00 0.00000000e+00 6.60000000e+00 6.60924321e+00 6.60000000e+00 -5.81223672e+00
 6.90000000e+00 0.00000000e+00 6.90000000e+00 6.95981616e+00 6.90000000e+00 -6.12928644e+00
 7.20000000e+00 0.00000000e+00 7.20000000e+00 7.22647643e+00 7.20000000e+00 -6.44663306e+00
 7.50000000e+00 0.00000000e+00 7.50000000e+00 7.15901309e+00 7.50000000e+00 -6.62706367e+00
 7.80000000e+00 0.00000000e+00 7.80000000e+00 6.77074274e+00 7.80000000e+00 -6.28848542e+00
 8.10000000e+00 0.00000000e+00 8.10000000e+00 7.03116091e+00 8.10000000e+00 -6.21097631e+00
 8.40000000e+00 0.00000000e+00 8.40000000e+00 7.25664471e+00 8.40000000e+00 -6.51517154e+00
 8.70000000e+00 0.00000000e+00 8.70000000e+00 7.39817255e+00 8.70000000e+00 -6.04662430e+00
 9.00000000e+00 0.00000000e+00 9.00000000e+00 7.26669235e+00 9.00000000e+00 -6.35940162e+00
 9.30000000e+00 0.00000000e+00 9.30000000e+00 7.16717433e+00 9.30000000e+00 -6.37054845e+00
 9.60000000e+00 0.00000000e+00 9.60000000e+00 7.01244363e+00 9.60000000e+00 -5.81007634e+00
 9.90000000e+00 0.00000000e+00 9.90000000e+00 6.43401035e+00 9.90000000e+00 -6.32966600e+00
 1.02000000e+01 0.00000000e+00 1.02000000e+01 7.29246054e+00 1.02000000e+01 -6.02224135e+00
 1.05000000e+01 0.00000000e+00 1.05000000e+01 6.89075053e+00 1.05000000e+01 -6.03579957e+00
 1.08000000e+01 0.00000000e+00 1.08000000e+01 7.13936956e+00 1.08000000e+01 -5.77869244e+00
 1.11000000e+01 0.00000000e+00 1.11000000e+01 6.98349064e+00 1.11000000e+01 -5.90626838e+00
 1.14000000e+01 0.00000000e+00 1.14000000e+01 6.74769787e+00 1.14000000e+01 -6.71468288e+00
 1.17000000e+01 0.00000000e+00 1.17000000e+01 7.39301251e+00 1.17000000e+01 -5.52335103e+00
 1.20000000e+01 0.00000000e+00 1.20000000e+01 6.90453650e+00 1.20000000e+01 -5.68807007e+00
 1.23000000e+01 0.00000000e+00 1.23000000e+01 6.69772316e+00 1.23000000e+01 -5.84954395e+00
 1.26000000e+01 0.00000000e+00 1.26000000e+01 7.31875877e+00 1.26000000e+01 -6.46059749e+00
 1.29000000e+01 0.00000000e+00 1.29000000e+01 6.78287948e+00 1.29000000e+01 -5.94243411e+00
 1.32000000e+01 0.00000000e+00 1.32000000e+01 7.42192934e+00 1.32000000e+01 -6.55471943e+00
 1.35000000e+01 0.00000000e+00 1.35000000e+01 7.39577107e+00 1.35000000e+01 -5.91524859e+00
 1.38000000e+01 0.00000000e+00 1.38000000e+01 6.63833843e+00 1.38000000e+01 -6.21813595e+00
 1.41000000e+01 0.00000000e+00 1.41000000e+01 6.94347000e+00 1.41000000e+01 -5.73480856e+00
 1.44000000e+01 0.00000000e+00 1.44000000e+01 7.03018022e+00 1.44000000e+01 -6.45483911e+00
 1.47000000e+01 0.00000000e+00 1.47000000e+01 6.39792304e+00 1.47000000e+01 -6.40808981e+00
 1.50000000e+01 0.00000000e+00 1.50000000e+01 7.00239037e+00 1.50000000e+01 -5.92918248e+00
 1.53000000e+01 0.00000000e+00 1.53000000e+01 3.91328470e-01 1.53000000e+01 -5.61422583e+00
 1.56000000e+01 0.00000000e+00 1.56000000e+01 -8.91037847e-02 1.56000000e+01 -6.04059823e+00
 1.59000000e+01 0.00000000e+00 1.59000000e+01 4.55770905e-01 1.59000000e+01 -5.98817266e+00
 1.62000000e+01 0.00000000e+00 1.62000000e+01 -4.29629145e-02 1.62000000e+01 -5.93181456e+00
 1.65000000e+01 0.00000000e+00 1.65000000e+01 1.32855173e-01 1.65000000e+01 -6.17651942e+00
 1.68000000e+01 0.00000000e+00 1.68000000e+01 3.83297375e-01 1.68000000e+01 -5.72875838e+00
 1.71000000e+01 0.00000000e+00 1.71000000e+01 6.00247037e-01 1.71000000e+01 -5.59329535e+00
 1.74000000e+01 0.00000000e+00 1.74000000e+01 2.26112101e-01 1.74000000e+01 -5.81599927e+00
 1.77000000e+01 0.00000000e+00 1.77000000e+01 -1.17866755e-01 1.77000000e+01 -5.47739025e+00
 1.80000000e+01 0.00000000e+00 1.80000000e+01 4.60795047e-01 1.80000000e+01 -5.45596622e+00
 1.83000000e+01 0.00000000e+00 1.83000000e+01 1.35752212e-01 1.83000000e+01 -5.51241988e+00
 1.86000000e+01 0.00000000e+00 1.86000000e+01 -4.41878280e-02 1.86000000e+01 -6.24330600e+00
 1.89000000e+01 0.00000000e+00 1.89000000e+01 4.89649111e-01 1.89000000e+01 -5.57988169e+00
 1.92000000e+01 0.00000000e+00 1.92000000e+01 -4.33704349e-01 1.92000000e+01 -5.97799224e+00
 1.95000000e+01 0.00000000e+00 1.95000000e+01 5.20821173e-01 1.95000000e+01 -5.98524634e+00
 1.98000000e+01 0.00000000e+00 1.98000000e+01 1.09815983e-01 1.98000000e+01 -5.41441657e+00
 2.01000000e+01 0.00000000e+00 2.01000000e+01 2.63201275e-01 2.01000000e+01 -5.62262743e+00
 2.04000000e+01 0.00000000e+00 2.04000000e+01 3.48100509e-01 2.04000000e+01 -5.77602607e+00
 2.07000000e+01 0.00000000e+00 2.07000000e+01 4.15770169e-01 2.07000000e+01 -6.03641234e+00
 2.10000000e+01 0.00000000e+00 2.10000000e+01 -2.81219728e-01 2.10000000e+01 -5.21496494e+00
 2.13000000e+01 0.00000000e+00 2.13000000e+01 8.53660293e-01 2.13000000e+01 -6.03170386e+00
 2.16000000e+01 0.00000000e+00 2.16000000e+01 7.74539941e-01 2.16000000e+01 -5.05909154e+00
 2.19000000e+01 0.00000000e+00 2.19000000e+01 3.29628106e-01 2.19000000e+01 -5.84338474e+00
 2.22000000e+01 0.00000000e+00 2.22000000e+01 4.87012901e-01 2.22000000e+01 -5.92516511e+00
 2.25000000e+01 0.00000000e+00 2.25000000e+01 -4.99787174e-01 2.25000000e+01 -5.68204280e+00
 2.28000000e+01 0.00000000e+00 2.28000000e+01 2.57464840e-01 2.28000000e+01 -5.71619939e+00
 2.31000000e+01 0.00000000e+00 2.31000000e+01 7.27965524e-02 2.31000000e+01 -6.23406645e+00
 2.34000000e+01 0.00000000e+00 2.34000000e+01 -5.01290183e-01 2.34000000e+01 -5.72351046e+00
 2.37000000e+01 0.00000000e+00 2.37000000e+01 7.64701645e-01 2.37000000e+01 -5.97316610e+00
 2.40000000e+01 0.00000000e+00 2.40000000e+01 -1.91618209e-01 2.40000000e+01 -5.48240841e+00
 2.43000000e+01 0.00000000e+00 2.43000000e+01 -4.00351924e-01 2.43000000e+01 -6.22602568e+00
 2.46000000e+01 0.00000000e+00 2.46000000e+01 4.31175251e-03 2.46000000e+01 -5.55833495e+00
 2.49000000e+01 0.00000000e+00 2.49000000e+01 5.39199664e-01 2.49000000e+01 -5.73326023e+00
 2.52000000e+01 0.00000000e+00 2.52000000e+01 1.57871955e+00 2.52000000e+01 -3.19072528e+00
 2.55000000e+01 0.00000000e+00 2.55000000e+01 1.26547398e+00 2.55000000e+01 -2.93985404e+00
 2.58000000e+01 0.00000000e+00 2.58000000e+01 8.79804274e-01 2.58000000e+01 -2.63133502e+00
 2.61000000e+01 0.00000000e+00 2.61000000e+01 1.30932471e+00 2.61000000e+01 -2.94156586e+00
 2.64000000e+01 0.00000000e+00 2.64000000e+01 1.51408543e+00 2.64000000e+01 -3.24372904e+00
 2.67000000e+01 0.00000000e+00 2.67000000e+01 1.74724245e+00 2.67000000e+01 -2.76627494e+00
 2.70000000e+01 0.00000000e+00 2.70000000e+01 9.57717666e-01 2.70000000e+01 -2.38906480e+00
 2.73000000e+01 0.00000000e+00 2.73000000e+01 8.22227978e-01 2.73000000e+01 -2.30357600e+00
 2.76000000e+01 0.00000000e+00 2.76000000e+01 1.60779236e+00 2.76000000e+01 -3.32486064e+00
 2.79000000e+01 0.00000000e+00 2.79000000e+01 1.59395790e+00 2.79000000e+01 -2.74404046e+00
 2.82000000e+01 0.00000000e+00 2.82000000e+01 1.83606247e+00 2.82000000e+01 -2.94506124e+00
 2.85000000e+01 0.00000000e+00 2.85000000e+01 1.45639609e+00 2.85000000e+01 -2.72202050e+00
 2.88000000e+01 0.00000000e+00 2.88000000e+01 1.76648853e+00 2.88000000e+01 -2.88073257e+00
 2.91000000e+01 0.00000000e+00 2.91000000e+01 1.56541683e+00 2.91000000e+01 -2.84101606e+00
 2.94000000e+01 0.00000000e+00 2.94000000e+01 9.45539733e-01 2.94000000e+01 -2.79082947e+00
 2.97000000e+01 0.00000000e+00 2.97000000e+01 9.97855643e-01 2.97000000e+01 -2.95531752e+00
 3.00000000e+01 0.00000000e+00 3.00000000e+01 9.43733924e-01 3.00000000e+01 -3.12720683e+00
 3.03000000e+01 0.00000000e+00 3.03000000e+01 1.46716874e+00 3.03000000e+01 -2.96293096e+00
 3.06000000e+01 0.00000000e+00 3.06000000e+01 1.37522815e+00 3.06000000e+01 -3.13205491e+00
 3.09000000e+01 0.00000000e+00 3.09000000e+01 1.19651310e+00 3.09000000e+01 -2.47775268e+00
 3.12000000e+01 0.00000000e+00 3.12000000e+01 1.24918837e+00 3.12000000e+01 -3.14592954e+00
 3.15000000e+01 0.00000000e+00 3.15000000e+01 1.44101931e+00 3.15000000e+01 -2.30015247e+00
 3.18000000e+01 0.00000000e+00 3.18000000e+01 1.18179024e+00 3.18000000e+01 -3.94809403e+00
 3.21000000e+01 0.00000000e+00 3.21000000e+01 1.34028033e+00 3.21000000e+01 -2.51235672e+00
 3.24000000e+01 0.00000000e+00 3.24000000e+01 1.55250714e+00 3.24000000e+01 -3.60718672e+00
 3.27000000e+01 0.00000000e+00 3.27000000e+01 1.08369359e+00 3.27000000e+01 -2.84098481e+00
 3.30000000e+01 0.00000000e+00 3.30000000e+01 1.79443484e+00 3.30000000e+01 -2.92527472e+00
 3.33000000e+01 0.00000000e+00 3.33000000e+01 1.49166307e+00 3.33000000e+01 -3.10330284e+00
 3.36000000e+01 0.00000000e+00 3.36000000e+01 1.67514618e+00 3.36000000e+01 -3.00548272e+00
 3.39000000e+01 0.00000000e+00 3.39000000e+01 1.73323558e+00 3.39000000e+01 -3.36014601e+00
 3.42000000e+01 0.00000000e+00 3.42000000e+01 1.48830815e+00 3.42000000e+01 -3.18424875e+00
 3.45000000e+01 0.00000000e+00 3.45000000e+01 1.13384640e+00 3.45000000e+01 -3.09248449e+00
 3.48000000e+01 0.00000000e+00 3.48000000e+01 1.43088167e+00 3.48000000e+01 -3.28010738e+00
 3.51000000e+01 0.00000000e+00 3.51000000e+01 3.65939571e+00 3.51000000e+01 -2.35711061e+00
 3.54000000e+01 0.00000000e+00 3.54000000e+01 3.55849085e+00 3.54000000e+01 -2.04030354e+00
 3.57000000e+01 0.00000000e+00 3.57000000e+01 3.61752620e+00 3.57000000e+01 -2.07372791e+00
 3.60000000e+01 0.00000000e+00 3.60000000e+01 3.28169824e+00 3.60000000e+01 -2.49043926e+00
 3.63000000e+01 0.00000000e+00 3.63000000e+01 4.14095128e+00 3.63000000e+01 -1.40478184e+00
 3.66000000e+01 0.00000000e+00 3.66000000e+01 2.84319893e+00 3.66000000e+01 -2.11765993e+00
 3.69000000e+01 0.00000000e+00 3.69000000e+01 3.31911628e+00 3.69000000e+01 -2.66547869e+00
 3.72000000e+01 0.00000000e+00 3.72000000e+01 3.55105636e+00 3.72000000e+01 -2.17003544e+00
 3.75000000e+01 0.00000000e+00 3.75000000e+01 3.64929783e+00 3.75000000e+01 -1.67440195e+00
 3.78000000e+01 0.00000000e+00 3.78000000e+01 3.53104589e+00 3.78000000e+01 -2.33955589e+00
 3.81000000e+01 0.00000000e+00 3.81000000e+01 3.36739730e+00 3.81000000e+01 -2.75979685e+00
 3.84000000e+01 0.00000000e+00 3.84000000e+01 3.51845240e+00 3.84000000e+01 -2.19019024e+00
 3.87000000e+01 0.00000000e+00 3.87000000e+01 3.16626347e+00 3.87000000e+01 -2.55782584e+00
 3.90000000e+01 0.00000000e+00 3.90000000e+01 3.58195396e+00 3.90000000e+01 -2.27122310e+00
 3.93000000e+01 0.00000000e+00 3.93000000e+01 3.45285579e+00 3.93000000e+01 -2.31513357e+00
 3.96000000e+01 0.00000000e+00 3.96000000e+01 3.26851191e+00 3.96000000e+01 -2.06081953e+00
 3.99000000e+01 0.00000000e+00 3.99000000e+01 3.16209824e+00 3.99000000e+01 -2.04453328e+00
 4.02000000e+01 0.00000000e+00 4.02000000e+01 4.73562599e+00 4.02000000e+01 2.31025334e-02
 4.05000000e+01 0.00000000e+00 4.05000000e+01 5.00926304e+00 4.05000000e+01 -1.00622733e+00
 4.08000000e+01 0.00000000e+00 4.08000000e+01 5.29072701e+00 4.08000000e+01 -2.32874449e-01
 4.11000000e+01 0.00000000e+00 4.11000000e+01 5.81965262e+00 4.11000000e+01 6.88522929e-02
 4.14000000e+01 0.00000000e+00 4.14000000e+01 4.97817036e+00 4.14000000e+01 -4.52170420e-02
 4.17000000e+01 0.00000000e+00 4.17000000e+01 5.24922445e+00 4.17000000e+01 -2.87097646e-01
 4.20000000e+01 0.00000000e+00 4.20000000e+01 5.19399001e+00 4.20000000e+01 8.43416042e-02
 4.23000000e+01 0.00000000e+00 4.23000000e+01 4.67893090e+00 4.23000000e+01 -1.83088692e-01
 4.26000000e+01 0.00000000e+00 4.26000000e+01 5.54845469e+00 4.26000000e+01 -3.18820434e-02
 4.29000000e+01 0.00000000e+00 4.29000000e+01 6.03864502e+00 4.29000000e+01 -2.00994721e-01
 4.32000000e+01 0.00000000e+00 4.32000000e+01 5.40277081e+00 4.32000000e+01 -5.50201176e-01
 4.35000000e+01 0.00000000e+00 4.35000000e+01 5.93663830e+00 4.35000000e+01 -3.17938073e-01
 4.38000000e+01 0.00000000e+00 4.38000000e+01 5.54052751e+00 4.38000000e+01 -1.91766051e-01
 4.41000000e+01 0.00000000e+00 4.41000000e+01 4.53058416e+00 4.41000000e+01 -3.47790556e-01
 4.44000000e+01 0.00000000e+00 4.44000000e+01 5.41678295e+00 4.44000000e+01 -9.24188328e-01
 4.47000000e+01 0.00000000e+00 4.47000000e+01 5.36323576e+00 4.47000000e+01 -4.44690356e-01
 4.50000000e+01 0.00000000e+00 4.50000000e+01 4.98914310e+00 4.50000000e+01 -6.53842053e-02
 4.53000000e+01 0.00000000e+00 4.53000000e+01 4.81650565e+00 4.53000000e+01 -1.77861532e-01
 4.56000000e+01 0.00000000e+00 4.56000000e+01 4.69353444e+00 4.56000000e+01 8.97705622e-02
 4.59000000e+01 0.00000000e+00 4.59000000e+01 5.07902729e+00 4.59000000e+01 -2.13492432e-01
 4.62000000e+01 0.00000000e+00 4.62000000e+01 5.71518900e+00 4.62000000e+01 2.93776898e-01
 4.65000000e+01 0.00000000e+00 4.65000000e+01 4.85751399e+00 4.65000000e+01 -6.42944801e-02
 4.68000000e+01 0.00000000e+00 4.68000000e+01 5.36830033e+00 4.68000000e+01 -2.78264385e-01
 4.71000000e+01 0.00000000e+00 4.71000000e+01 4.61994232e+00 4.71000000e+01 1.30997073e-02
 4.74000000e+01 0.00000000e+00 4.74000000e+01 5.23087208e+00 4.74000000e+01 -2.42343011e-01
 4.77000000e+01 0.00000000e+00 4.77000000e+01 5.28374848e+00 4.77000000e+01 -3.00073790e-01
 4.80000000e+01 0.00000000e+00 4.80000000e+01 4.97454626e+00 4.80000000e+01 -5.73022096e-01
 4.83000000e+01 0.00000000e+00 4.83000000e+01 5.25895459e+00 4.83000000e+01 -1.05820622e+00
 4.86000000e+01 0.00000000e+00 4.86000000e+01 5.19548181e+00 4.86000000e+01 -2.89684890e-02
 4.89000000e+01 0.00000000e+00 4.89000000e+01 4.88001701e+00 4.89000000e+01 -1.09894734e-01
 4.92000000e+01 0.00000000e+00 4.92000000e+01 5.77049744e+00 4.92000000e+01 -5.21552297e-01
 4.95000000e+01 0.00000000e+00 4.95000000e+01 5.52059255e+00 4.95000000e+01 -2.60929358e-01
 4.98000000e+01 0.00000000e+00 4.98000000e+01 4.48262759e+00 4.98000000e+01 3.13844187e-01
 5.01000000e+01 0.00000000e+00 5.01000000e+01 3.54715026e+00 5.01000000e+01 -2.01029795e+00
 5.04000000e+01 0.00000000e+00 5.04000000e+01 3.40381482e+00 5.04000000e+01 -2.58128985e+00
 5.07000000e+01 0.00000000e+00 5.07000000e+01 3.79159979e+00 5.07000000e+01 -2.38553054e+00
 5.10000000e+01 0.00000000e+00 5.10000000e+01 3.81743931e+00 5.10000000e+01 -3.09633063e+00
 5.13000000e+01 0.00000000e+00 5.13000000e+01 4.30385877e+00 5.13000000e+01 -1.94155098e+00
 5.16000000e+01 0.00000000e+00 5.16000000e+01 3.54387824e+00 5.16000000e+01 -2.36381585e+00
 5.19000000e+01 0.00000000e+00 5.19000000e+01 4.19145028e+00 5.19000000e+01 -1.96016653e+00
 5.22000000e+01 0.00000000e+00 5.22000000e+01 4.57396328e+00 5.22000000e+01 -2.35535666e+00
 5.25000000e+01 0.00000000e+00 5.25000000e+01 3.07542500e+00 5.25000000e+01 -2.43629424e+00
 5.28000000e+01 0.00000000e+00 5.28000000e+01 3.18295213e+00 5.28000000e+01 -2.13492245e+00
 5.31000000e+01 0.00000000e+00 5.31000000e+01 4.08646937e+00 5.31000000e+01 -2.11049436e+00
 5.34000000e+01 0.00000000e+00 5.34000000e+01 3.84717396e+00 5.34000000e+01 -1.95723309e+00
 5.37000000e+01 0.00000000e+00 5.37000000e+01 3.63381076e+00 5.37000000e+01 -1.76564861e+00
 5.40000000e+01 0.00000000e+00 5.40000000e+01 3.91412521e+00 5.40000000e+01 -2.61620275e+00
 5.43000000e+01 0.00000000e+00 5.43000000e+01 3.45029681e+00 5.43000000e+01 -2.13920893e+00
 5.46000000e+01 0.00000000e+00 5.46000000e+01 4.03740825e+00 5.46000000e+01 -2.75887919e+00
 5.49000000e+01 0.00000000e+00 5.49000000e+01 4.51554660e+00 5.49000000e+01 -2.00910444e+00
 5.52000000e+01 0.00000000e+00 5.52000000e+01 6.81417398e+00 5.52000000e+01 -6.11694150e+00
 5.55000000e+01 0.00000000e+00 5.55000000e+01 6.85474617e+00 5.55000000e+01 -6.20339788e+00
 5.58000000e+01 0.00000000e+00 5.58000000e+01 7.29162639e+00 5.58000000e+01 -5.80977913e+00
 5.61000000e+01 0.00000000e+00 5.61000000e+01 7.11914431e+00 5.61000000e+01 -5.85996316e+00
 5.64000000e+01 0.00000000e+00 5.64000000e+01 7.43951443e+00 5.64000000e+01 -6.20608166e+00
 5.67000000e+01 0.00000000e+00 5.67000000e+01 7.06702989e+00 5.67000000e+01 -6.57173602e+00
 5.70000000e+01 0.00000000e+00 5.70000000e+01 7.22210083e+00 5.70000000e+01 -6.08843354e+00
 5.73000000e+01 0.00000000e+00 5.73000000e+01 6.87756887e+00 5.73000000e+01 -6.09566427e+00
 5.76000000e+01 0.00000000e+00 5.76000000e+01 7.27705288e+00 5.76000000e+01 -5.82178444e+00
 5.79000000e+01 0.00000000e+00 5.79000000e+01 7.25299175e+00 5.79000000e+01 -6.13081897e+00
 5.82000000e+01 0.00000000e+00 5.82000000e+01 6.75416775e+00 5.82000000e+01 -6.10373969e+00
 5.85000000e+01 0.00000000e+00 5.85000000e+01 7.34704815e+00 5.85000000e+01 -5.73583175e+00
 5.88000000e+01 0.00000000e+00 5.88000000e+01 7.15455362e+00 5.88000000e+01 -6.05706725e+00
 5.91000000e+01 0.00000000e+00 5.91000000e+01 7.66254344e+00 5.91000000e+01 -6.15912670e+00
 5.94000000e+01 0.00000000e+00 5.94000000e+01 7.01013721e+00 5.94000000e+01 -6.33830127e+00
 5.97000000e+01 0.00000000e+00 5.97000000e+01 7.35153179e+00 5.97000000e+01 -6.20416021e+00
