 0.00000000e+00 0.00000000e+00 0.00000000e+00 9.25528627e+00 0.00000000e+00 -4.57134461e+00
 3.00000000e-01 0.00000000e+00 3.00000000e-01 8.82805242e+00 3.00000000e-01 -3.84327387e+00
 6.00000000e-01 0.00000000e+00 6.00000000e-01 8.77606292e+00 6.00000000e-01 -4.03101251e+00
 9.00000000e-01 0.00000000e+00 9.00000000e-01 9.66648144e+00 9.00000000e-01 -4.18766998e+00
 1.20000000e+00 0.00000000e+00 1.20000000e+00 9.27643779e+00 1.20000000e+00 -4.46157745e+00
 1.50000000e+00 0.00000000e+00 1.50000000e+00 9.50874464e+00 1.50000000e+00 -4.37240527e+00
 1.80000000e+00 0.00000000e+00 1.80000000e+00 8.64839021e+00 1.80000000e+00 -4.37747160e+00
 2.10000000e+00 0.00000000e+00 2.10000000e+00 8.79399797e+00 2.10000000e+00 -4.79631343e+00
 2.40000000e+00 0.00000000e+00 2.40000000e+00 8.69254721e+00 2.40000000e+00 -4.30382990e+00
 2.70000000e+00 0.00000000e+00 2.70000000e+00 9.08561189e+00 2.70000000e+00 -4.28667223e+00
 3.00000000e+00 0.00000000e+00 3.00000000e+00 8.92310485e+00 3.00000000e+00 -4.44273106e+00
 3.30000000e+00 0.00000000e+00 3.30000000e+00 8.78828172e+00 3.30000000e+00 -4.69530285e+00
 3.60000000e+00 0.00000000e+00 3.60000000e+00 9.38402745e+00 3.60000000e+00 -4.22034794e+00
 3.90000000e+00 0.00000000e+00 3.90000000e+00 9.06414900e+00 3.90000000e+00 -4.30161343e+00
 4.20000000e+00 0.00000000e+00 4.20000000e+00 8.98535450e+00 4.20000000e+00 -4.13538672e+00
 4.50000000e+00 0.00000000e+00 4.50000000e+00 9.11933442e+00 4.50000000e+00 -4.44982974e+00
 4.80000000e+00 0.00000000e+00 4.80000000e+00 9.01524683e+00 4.80000000e+00 -4.21729986e+00
 5.10000000e+00 0.00000000e+00 5.10000000e+00 9.08033814e+00 5.10000000e+00 -4.53142070e+00
 5.40000000e+00 0.00000000e+00 5.40000000e+00 8.77562527e+00 5.40000000e+00 -4.46379880e+00
 5.70000000e+00 0.00000000e+00 5.70000000e+00 9.05659289e+00 5.70000000e+00 -4.74098279e+00
 6.00000000e+00 0.00000000e+00 6.00000000e+00 8.88962548e+00 6.00000000e+00 -4.54629098e+00
 6.30000000e+00 0.00000000e+00 6.30000000e+00 9.07282812e+00 6.30000000e+00 -4.64661523e+00
 6.60000000e+00 0.00000000e+00 6.60000000e+00 9.04475807e+00 6.60000000e+00 -4.23158887e+00
 6.90000000e+00 0.00000000e+00 6.90000000e+00 9.02379953e+00 6.90000000e+00 -4.60973984e+00
 7.20000000e+00 0.00000000e+00 7.20000000e+00 9.07487250e+00 7.20000000e+00 -4.66364068e+00
 7.50000000e+00 0.00000000e+00 7.50000000e+00 8.64171159e+00 7.50000000e+00 -4.47752313e+00
 7.80000000e+00 0.00000000e+00 7.80000000e+00 8.61040337e+00 7.80000000e+00 -4.32896777e+00
 8.10000000e+00 0.00000000e+00 8.10000000e+00 8.84284562e+00 8.10000000e+00 -4.68296676e+00
 8.40000000e+00 0.00000000e+00 8.40000000e+00 9.34078918e+00 8.40000000e+00 -4.65964880e+00
 8.70000000e+00 0.00000000e+00 8.70000000e+00 8.78548536e+00 8.70000000e+00 -4.19590812e+00
 9.00000000e+00 0.00000000e+00 9.00000000e+00 9.10651273e+00 9.00000000e+00 -5.12507236e+00
 9.30000000e+00 0.00000000e+00 9.30000000e+00 8.56566531e+00 9.30000000e+00 -4.28239117e+00
 9.60000000e+00 0.00000000e+00 9.60000000e+00 9.10346666e+00 9.60000000e+00 -4.80355229e+00
 9.90000000e+00 0.00000000e+00 9.90000000e+00 8.76966139e+00 9.90000000e+00 -4.35842765e+00
 1.02000000e+01 0.00000000e+00 1.02000000e+01 8.50894470e+00 1.02000000e+01 -4.12911057e+00
 1.05000000e+01 0.00000000e+00 1.05000000e+01 9.05728171e+00 1.05000000e+01 -4.21927440e+00
 1.08000000e+01 0.00000000e+00 1.08000000e+01 9.41284970e+00 1.08000000e+01 -4.79657957e+00
 1.11000000e+01 0.00000000e+00 1.11000000e+01 8.67301860e+00 1.11000000e+01 -4.64103394e+00
 1.14000000e+01 0.00000000e+00 1.14000000e+01 8.98143419e+00 1.14000000e+01 -4.17591272e+00
 1.17000000e+01 0.00000000e+00 1.17000000e+01 8.85142102e+00 1.17000000e+01 -4.83989813e+00
 1.20000000e+01 0.00000000e+00 1.20000000e+01 9.38292429e+00 1.20000000e+01 -4.77767609e+00
 1.23000000e+01 0.00000000e+00 1.23000000e+01 8.93251668e+00 1.23000000e+01 -4.50078226e+00
 1.26000000e+01 0.00000000e+00 1.26000000e+01 8.85563206e+00 1.26000000e+01 -4.97688161e+00
 1.29000000e+01 0.00000000e+00 1.29000000e+01 9.47263210e+00 1.29000000e+01 -4.17465020e+00
 1.32000000e+01 0.00000000e+00 1.32000000e+01 8.70362722e+00 1.32000000e+01 -4.04676247e+00
 1.35000000e+01 0.00000000e+00 1.35000000e+01 9.17042772e+00 1.35000000e+01 -4.55205503e+00
 1.38000000e+01 0.00000000e+00 1.38000000e+01 8.75894925e+00 1.38000000e+01 -3.79196261e+00
 1.41000000e+01 0.00000000e+00 1.41000000e+01 9.32886967e+00 1.41000000e+01 -4.64893999e+00
 1.44000000e+01 0.00000000e+00 1.44000000e+01 9.34079244e+00 1.44000000e+01 -4.21497825e+00
 1.47000000e+01 0.00000000e+00 1.47000000e+01 8.83469327e+00 1.47000000e+01 -4.61799709e+00
 1.50000000e+01 0.00000000e+00 1.50000000e+01 8.75733976e+00 1.50000000e+01 -4.60459368e+00
 1.53000000e+01 0.00000000e+00 1.53000000e+01 4.31441464e+00 1.53000000e+01 -5.00468429e+00
 1.56000000e+01 0.00000000e+00 1.56000000e+01 4.08427229e+00 1.56000000e+01 -4.98863878e+00
 1.59000000e+01 0.00000000e+00 1.59000000e+01 3.78467432e+00 1.59000000e+01 -4.94781715e+00
 1.62000000e+01 0.00000000e+00 1.62000000e+01 4.32273350e+00 1.62000000e+01 -4.77378357e+00
 1.65000000e+01 0.00000000e+00 1.65000000e+01 4.47111179e+00 1.65000000e+01 -5.27110404e+00
 1.68000000e+01 0.00000000e+00 1.68000000e+01 4.84544057e+00 1.68000000e+01 -4.91753156e+00
 1.71000000e+01 0.00000000e+00 1.71000000e+01 4.62752120e+00 1.71000000e+01 -4.65137768e+00
 1.74000000e+01 0.00000000e+00 1.74000000e+01 4.17266553e+00 1.74000000e+01 -4.90725234e+00
 1.77000000e+01 0.00000000e+00 1.77000000e+01 4.31296917e+00 1.77000000e+01 -4.78771620e+00
 1.80000000e+01 0.00000000e+00 1.80000000e+01 4.47116187e+00 1.80000000e+01 -4.55824041e+00
 1.83000000e+01 0.00000000e+00 1.83000000e+01 4.50660703e+00 1.83000000e+01 -4.69189133e+00
 1.86000000e+01 0.00000000e+00 1.86000000e+01 4.65373856e+00 1.86000000e+01 -5.02303926e+00
 1.89000000e+01 0.00000000e+00 1.89000000e+01 4.99337594e+00 1.89000000e+01 -4.87132670e+00
 1.92000000e+01 0.00000000e+00 1.92000000e+01 4.56856039e+00 1.92000000e+01 -4.97031452e+00
 1.95000000e+01 0.00000000e+00 1.95000000e+01 4.55186295e+00 1.95000000e+01 -5.11375292e+00
 1.98000000e+01 0.00000000e+00 1.98000000e+01 4.44897898e+00 1.98000000e+01 -4.75858653e+00
 2.01000000e+01 0.00000000e+00 2.01000000e+01 3.62445616e+00 2.01000000e+01 -5.05197212e+00
 2.04000000e+01 0.00000000e+00 2.04000000e+01 4.13043619e+00 2.04000000e+01 -4.78735840e+00
 2.07000000e+01 0.00000000e+00 2.07000000e+01 4.91365324e+00 2.07000000e+01 -5.23272632e+00
 2.10000000e+01 0.00000000e+00 2.10000000e+01 4.43884346e+00 2.10000000e+01 -3.95020631e+00
 2.13000000e+01 0.00000000e+00 2.13000000e+01 4.37127622e+00 2.13000000e+01 -4.41344967e+00
 2.16000000e+01 0.00000000e+00 2.16000000e+01 4.26691551e+00 2.16000000e+01 -4.59254246e+00
 2.19000000e+01 0.00000000e+00 2.19000000e+01 4.00331426e+00 2.19000000e+01 -5.01187354e+00
 2.22000000e+01 0.00000000e+00 2.22000000e+01 4.49093303e+00 2.22000000e+01 -4.58588817e+00
 2.25000000e+01 0.00000000e+00 2.25000000e+01 3.60573097e+00 2.25000000e+01 -4.91330121e+00
 2.28000000e+01 0.00000000e+00 2.28000000e+01 4.18627270e+00 2.28000000e+01 -5.01686275e+00
 2.31000000e+01 0.00000000e+00 2.31000000e+01 4.75359029e+00 2.31000000e+01 -4.76918194e+00
 2.34000000e+01 0.00000000e+00 2.34000000e+01 4.25053430e+00 2.34000000e+01 -5.28689978e+00
 2.37000000e+01 0.00000000e+00 2.37000000e+01 3.99439625e+00 2.37000000e+01 -4.82622015e+00
 2.40000000e+01 0.00000000e+00 2.40000000e+01 4.38556022e+00 2.40000000e+01 -4.43211549e+00
 2.43000000e+01 0.00000000e+00 2.43000000e+01 4.54685404e+00 2.43000000e+01 -4.42189626e+00
 2.46000000e+01 0.00000000e+00 2.46000000e+01 4.60468721e+00 2.46000000e+01 -5.27131749e+00
 2.49000000e+01 0.00000000e+00 2.49000000e+01 3.69536988e+00 2.49000000e+01 -5.85243755e+00
 2.52000000e+01 0.00000000e+00 2.52000000e+01 1.54361038e+00 2.52000000e+01 -4.63127223e+00
 2.55000000e+01 0.00000000e+00 2.55000000e+01 2.60335895e+00 2.55000000e+01 -4.17374082e+00
 2.58000000e+01 0.00000000e+00 2.58000000e+01 2.08227594e+00 2.58000000e+01 -4.18892183e+00
 2.61000000e+01 0.00000000e+00 2.61000000e+01 2.07601485e+00 2.61000000e+01 -4.08458995e+00
 2.64000000e+01 0.00000000e+00 2.64000000e+01 2.42005086e+00 2.64000000e+01 -4.53277963e+00
 2.67000000e+01 0.00000000e+00 2.67000000e+01 2.50328577e+00 2.67000000e+01 -4.77318915e+00
 2.70000000e+01 0.00000000e+00 2.70000000e+01 2.27402670e+00 2.70000000e+01 -3.94801495e+00
 2.73000000e+01 0.00000000e+00 2.73000000e+01 2.64314152e+00 2.73000000e+01 -4.64753589e+00
 2.76000000e+01 0.00000000e+00 2.76000000e+01 2.42235652e+00 2.76000000e+01 -4.30249370e+00
 2.79000000e+01 0.00000000e+00 2.79000000e+01 2.52090965e+00 2.79000000e+01 -4.54977389e+00
 2.82000000e+01 0.00000000e+00 2.82000000e+01 2.42862946e+00 2.82000000e+01 -3.61488080e+00
 2.85000000e+01 0.00000000e+00 2.85000000e+01 2.08874996e+00 2.85000000e+01 -4.64905283e+00
 2.88000000e+01 0.00000000e+00 2.88000000e+01 2.36059351e+00 2.88000000e+01 -4.14516112e+00
 2.91000000e+01 0.00000000e+00 2.91000000e+01 2.66347801e+00 2.91000000e+01 -3.99219365e+00
 2.94000000e+01 0.00000000e+00 2.94000000e+01 2.26070769e+00 2.94000000e+01 -4.43749997e+00
 2.97000000e+01 0.00000000e+00 2.97000000e+01 2.47096320e+00 2.97000000e+01 -4.20171975e+00
 3.00000000e+01 0.00000000e+00 3.00000000e+01 2.45402781e+00 3.00000000e+01 -4.49910286e+00
 3.03000000e+01 0.00000000e+00 3.03000000e+01 2.43713154e+00 3.03000000e+01 -4.42796086e+00
 3.06000000e+01 0.00000000e+00 3.06000000e+01 2.23176459e+00 3.06000000e+01 -4.56882937e+00
 3.09000000e+01 0.00000000e+00 3.09000000e+01 1.86900824e+00 3.09000000e+01 -4.37488130e+00
 3.12000000e+01 0.00000000e+00 3.12000000e+01 2.55338537e+00 3.12000000e+01 -4.10221087e+00
 3.15000000e+01 0.00000000e+00 3.15000000e+01 2.58926751e+00 3.15000000e+01 -3.83057651e+00
 3.18000000e+01 0.00000000e+00 3.18000000e+01 2.41419932e+00 3.18000000e+01 -3.97456463e+00
 3.21000000e+01 0.00000000e+00 3.21000000e+01 2.29954425e+00 3.21000000e+01 -3.89259544e+00
 3.24000000e+01 0.00000000e+00 3.24000000e+01 2.27338054e+00 3.24000000e+01 -4.31540832e+00
 3.27000000e+01 0.00000000e+00 3.27000000e+01 2.19482434e+00 3.27000000e+01 -3.81918788e+00
 3.30000000e+01 0.00000000e+00 3.30000000e+01 2.37826862e+00 3.30000000e+01 -4.08843618e+00
 3.33000000e+01 0.00000000e+00 3.33000000e+01 1.81905144e+00 3.33000000e+01 -3.79963533e+00
 3.36000000e+01 0.00000000e+00 3.36000000e+01 1.96703743e+00 3.36000000e+01 -4.40429248e+00
 3.39000000e+01 0.00000000e+00 3.39000000e+01 2.70802103e+00 3.39000000e+01 -4.49483608e+00
 3.42000000e+01 0.00000000e+00 3.42000000e+01 2.27492475e+00 3.42000000e+01 -4.20787134e+00
 3.45000000e+01 0.00000000e+00 3.45000000e+01 2.24317382e+00 3.45000000e+01 -4.66134780e+00
 3.48000000e+01 0.00000000e+00 3.48000000e+01 2.18634391e+00 3.48000000e+01 -4.78473180e+00
 3.51000000e+01 0.00000000e+00 3.51000000e+01 3.62719037e+00 3.51000000e+01 -3.41214102e+00
 3.54000000e+01 0.00000000e+00 3.54000000e+01 3.66845722e+00 3.54000000e+01 -3.39178339e+00
 3.57000000e+01 0.00000000e+00 3.57000000e+01 3.73678471e+00 3.57000000e+01 -2.79247305e+00
 3.60000000e+01 0.00000000e+00 3.60000000e+01 3.75585807e+00 3.60000000e+01 -3.51684579e+00
 3.63000000e+01 0.00000000e+00 3.63000000e+01 4.01709669e+00 3.63000000e+01 -3.41916967e+00
 3.66000000e+01 0.00000000e+00 3.66000000e+01 3.68728745e+00 3.66000000e+01 -3.16687594e+00
 3.69000000e+01 0.00000000e+00 3.69000000e+01 3.96280485e+00 3.69000000e+01 -3.00561373e+00
 3.72000000e+01 0.00000000e+00 3.72000000e+01 3.79792150e+00 3.72000000e+01 -3.08831164e+00
 3.75000000e+01 0.00000000e+00 3.75000000e+01 3.98801362e+00 3.75000000e+01 -3.18525626e+00
 3.78000000e+01 0.00000000e+00 3.78000000e+01 3.67675632e+00 3.78000000e+01 -3.80974182e+00
 3.81000000e+01 0.00000000e+00 3.81000000e+01 3.86358179e+00 3.81000000e+01 -3.52019318e+00
 3.84000000e+01 0.00000000e+00 3.84000000e+01 3.40110022e+00 3.84000000e+01 -3.18060973e+00
 3.87000000e+01 0.00000000e+00 3.87000000e+01 3.84347826e+00 3.87000000e+01 -3.24688246e+00
 3.90000000e+01 0.00000000e+00 3.90000000e+01 3.85820780e+00 3.90000000e+01 -2.53571414e+00
 3.93000000e+01 0.00000000e+00 3.93000000e+01 3.61732387e+00 3.93000000e+01 -3.32782225e+00
 3.96000000e+01 0.00000000e+00 3.96000000e+01 3.49123989e+00 3.96000000e+01 -3.15295789e+00
 3.99000000e+01 0.00000000e+00 3.99000000e+01 4.56392780e+00 3.99000000e+01 -3.43956959e+00
 4.02000000e+01 0.00000000e+00 4.02000000e+01 5.46616808e+00 4.02000000e+01 -1.17964027e+00
 4.05000000e+01 0.00000000e+00 4.05000000e+01 6.06181400e+00 4.05000000e+01 -4.44002039e-01
 4.08000000e+01 0.00000000e+00 4.08000000e+01 5.28109710e+00 4.08000000e+01 -8.10920164e-01
 4.11000000e+01 0.00000000e+00 4.11000000e+01 5.93838031e+00 4.11000000e+01 -1.43000560e+00
 4.14000000e+01 0.00000000e+00 4.14000000e+01 5.50087037e+00 4.14000000e+01 -6.88867321e-01
 4.17000000e+01 0.00000000e+00 4.17000000e+01 6.24243695e+00 4.17000000e+01 -1.21768917e+00
 4.20000000e+01 0.00000000e+00 4.20000000e+01 5.63993865e+00 4.20000000e+01 -1.78348033e-01
 4.23000000e+01 0.00000000e+00 4.23000000e+01 5.66139957e+00 4.23000000e+01 -7.87403911e-01
 4.26000000e+01 0.00000000e+00 4.26000000e+01 5.42918645e+00 4.26000000e+01 -7.07593870e-01
 4.29000000e+01 0.00000000e+00 4.29000000e+01 5.41293211e+00 4.29000000e+01 -1.08711196e+00
 4.32000000e+01 0.00000000e+00 4.32000000e+01 5.41630355e+00 4.32000000e+01 -1.00624937e+00
 4.35000000e+01 0.00000000e+00 4.35000000e+01 5.50027625e+00 4.35000000e+01 -9.02209544e-01
 4.38000000e+01 0.00000000e+00 4.38000000e+01 5.69452791e+00 4.38000000e+01 -8.65950783e-01
 4.41000000e+01 0.00000000e+00 4.41000000e+01 5.54393929e+00 4.41000000e+01 -1.11625850e+00
 4.44000000e+01 0.00000000e+00 4.44000000e+01 5.28629164e+00 4.44000000e+01 -8.68899807e-01
 4.47000000e+01 0.00000000e+00 4.47000000e+01 5.57262841e+00 4.47000000e+01 -8.51241039e-01
 4.50000000e+01 0.00000000e+00 4.50000000e+01 5.59325771e+00 4.50000000e+01 -1.07598333e+00
 4.53000000e+01 0.00000000e+00 4.53000000e+01 5.98427907e+00 4.53000000e+01 -4.21219551e-01
 4.56000000e+01 0.00000000e+00 4.56000000e+01 5.08962179e+00 4.56000000e+01 -8.60152413e-02
 4.59000000e+01 0.00000000e+00 4.59000000e+01 4.87150037e+00 4.59000000e+01 -7.14180368e-01
 4.62000000e+01 0.00000000e+00 4.62000000e+01 5.92290494e+00 4.62000000e+01 -8.46652094e-01
 4.65000000e+01 0.00000000e+00 4.65000000e+01 5.67906836e+00 4.65000000e+01 -7.19282755e-01
 4.68000000e+01 0.00000000e+00 4.68000000e+01 5.71894140e+00 4.68000000e+01 -7.66554126e-01
 4.71000000e+01 0.00000000e+00 4.71000000e+01 6.10920994e+00 4.71000000e+01 -9.16053882e-01
 4.74000000e+01 0.00000000e+00 4.74000000e+01 5.30413050e+00 4.74000000e+01 -7.52826070e-01
 4.77000000e+01 0.00000000e+00 4.77000000e+01 5.46322585e+00 4.77000000e+01 -1.26344331e+00
 4.80000000e+01 0.00000000e+00 4.80000000e+01 5.57573109e+00 4.80000000e+01 -5.72084746e-01
 4.83000000e+01 0.00000000e+00 4.83000000e+01 5.49072371e+00 4.83000000e+01 -6.82011867e-01
 4.86000000e+01 0.00000000e+00 4.86000000e+01 5.22238682e+00 4.86000000e+01 -9.24022574e-01
 4.89000000e+01 0.00000000e+00 4.89000000e+01 5.24977807e+00 4.89000000e+01 -8.51092748e-01
 4.92000000e+01 0.00000000e+00 4.92000000e+01 6.06621160e+00 4.92000000e+01 -1.30616185e+00
 4.95000000e+01 0.00000000e+00 4.95000000e+01 5.47629377e+00 4.95000000e+01 -1.65226104e+00
 4.98000000e+01 0.00000000e+00 4.98000000e+01 6.06137735e+00 4.98000000e+01 -1.37172940e+00
 5.01000000e+01 0.00000000e+00 5.01000000e+01 1.45503562e+00 5.01000000e+01 -2.82251753e+00
 5.04000000e+01 0.00000000e+00 5.04000000e+01 9.18728083e-01 5.04000000e+01 -2.44246289e+00
 5.07000000e+01 0.00000000e+00 5.07000000e+01 9.14951746e-01 5.07000000e+01 -2.70260823e+00
 5.10000000e+01 0.00000000e+00 5.10000000e+01 1.59612217e+00 5.10000000e+01 -2.65354390e+00
 5.13000000e+01 0.00000000e+00 5.13000000e+01 1.39092504e+00 5.13000000e+01 -2.43340078e+00
 5.16000000e+01 0.00000000e+00 5.16000000e+01 1.35479628e+00 5.16000000e+01 -2.42654963e+00
 5.19000000e+01 0.00000000e+00 5.19000000e+01 1.69488578e+00 5.19000000e+01 -2.23176251e+00
 5.22000000e+01 0.00000000e+00 5.22000000e+01 4.34588397e-01 5.22000000e+01 -2.37557265e+00
 5.25000000e+01 0.00000000e+00 5.25000000e+01 7.02976191e-01 5.25000000e+01 -2.58103260e+00
 5.28000000e+01 0.00000000e+00 5.28000000e+01 1.49801341e+00 5.28000000e+01 -2.59769875e+00
 5.31000000e+01 0.00000000e+00 5.31000000e+01 9.97700716e-01 5.31000000e+01 -2.61541643e+00
 5.34000000e+01 0.00000000e+00 5.34000000e+01 1.61060913e+00 5.34000000e+01 -2.04643433e+00
 5.37000000e+01 0.00000000e+00 5.37000000e+01 1.09265116e+00 5.37000000e+01 -2.39629543e+00
 5.40000000e+01 0.00000000e+00 5.40000000e+01 1.84547054e+00 5.40000000e+01 -2.27897926e+00
 5.43000000e+01 0.00000000e+00 5.43000000e+01 1.29658619e+00 5.43000000e+01 -2.83789542e+00
 5.46000000e+01 0.00000000e+00 5.46000000e+01 1.49705818e+00 5.46000000e+01 -3.36704575e+00
 5.49000000e+01 0.00000000e+00 5.49000000e+01 1.48298430e+00 5.49000000e+01 -2.25813624e+00
 5.52000000e+01 0.00000000e+00 5.52000000e+01 8.77381384e+00 5.52000000e+01 -4.63255957e+00
 5.55000000e+01 0.00000000e+00 5.55000000e+01 8.90098942e+00 5.55000000e+01 -4.00529367e+00
 5.58000000e+01 0.00000000e+00 5.58000000e+01 9.09473989e+00 5.58000000e+01 -4.29553711e+00
 5.61000000e+01 0.00000000e+00 5.61000000e+01 8.95522596e+00 5.61000000e+01 -4.81498218e+00
 5.64000000e+01 0.00000000e+00 5.64000000e+01 8.83969400e+00 5.64000000e+01 -4.59265687e+00
 5.67000000e+01 0.00000000e+00 5.67000000e+01 9.15902003e+00 5.67000000e+01 -4.45486221e+00
 5.70000000e+01 0.00000000e+00 5.70000000e+01 8.97580922e+00 5.70000000e+01 -4.88269588e+00
 5.73000000e+01 0.00000000e+00 5.73000000e+01 9.39884724e+00 5.73000000e+01 -4.81037681e+00
 5.76000000e+01 0.00000000e+00 5.76000000e+01 8.75427276e+00 5.76000000e+01 -4.20866491e+00
 5.79000000e+01 0.00000000e+00 5.79000000e+01 9.61918712e+00 5.79000000e+01 -4.68693679e+00
 5.82000000e+01 0.00000000e+00 5.82000000e+01 8.98284206e+00 5.82000000e+01 -4.34876688e+00
 5.85000000e+01 0.00000000e+00 5.85000000e+01 8.95997310e+00 5.85000000e+01 -4.47570354e+00
 5.88000000e+01 0.00000000e+00 5.88000000e+01 8.86687833e+00 5.88000000e+01 -4.06948262e+00
 5.91000000e+01 0.00000000e+00 5.91000000e+01 9.05207556e+00 5.91000000e+01 -4.87376874e+00
 5.94000000e+01 0.00000000e+00 5.94000000e+01 8.69938957e+00 5.94000000e+01 -4.75048301e+00
 5.97000000e+01 0.00000000e+00 5.97000000e+01 8.76805778e+00 5.97000000e+01 -4.24728497e+00
