 0.00000000e+00 0.00000000e+00 0.00000000e+00 6.60836304e+00 0.00000000e+00 -4.61061260e+00
 3.00000000e-01 0.00000000e+00 3.00000000e-01 6.78680933e+00 3.00000000e-01 -5.32292478e+00
 6.00000000e-01 0.00000000e+00 6.00000000e-01 6.79272136e+00 6.00000000e-01 -5.13320128e+00
 9.00000000e-01 0.00000000e+00 9.00000000e-01 7.35180408e+00 9.00000000e-01 -5.02121186e+00
 1.20000000e+00 0.00000000e+00 1.20000000e+00 6.71837421e+00 1.20000000e+00 -4.57770850e+00
 1.50000000e+00 0.00000000e+00 1.50000000e+00 6.53084868e+00 1.50000000e+00 -4.67946927e+00
 1.80000000e+00 0.00000000e+00 1.80000000e+00 6.71566160e+00 1.80000000e+00 -4.62263395e+00
 2.10000000e+00 0.00000000e+00 2.10000000e+00 6.50030979e+00 2.10000000e+00 -4.89899201e+00
 2.40000000e+00 0.00000000e+00 2.40000000e+00 6.78892496e+00 2.40000000e+00 -4.55990478e+00
 2.70000000e+00 0.00000000e+00 2.70000000e+00 6.36285483e+00 2.70000000e+00 -5.08627920e+00
 3.00000000e+00 0.00000000e+00 3.00000000e+00 7.42503330e+00 3.00000000e+00 -4.95087742e+00
 3.30000000e+00 0.00000000e+00 3.30000000e+00 6.43825515e+00 3.30000000e+00 -4.45933326e+00
 3.60000000e+00 0.00000000e+00 3.60000000e+00 7.24047327e+00 3.60000000e+00 -4.56465777e+00
 3.90000000e+00 0.00000000e+00 3.90000000e+00 6.78708727e+00 3.90000000e+00 -4.67868938e+00
 4.20000000e+00 0.00000000e+00 4.20000000e+00 6.41444926e+00 4.20000000e+00 -5.82133224e+00
 4.50000000e+00 0.00000000e+00 4.50000000e+00 6.81203879e+00 4.50000000e+00 -5.05447518e+00
 4.80000000e+00 0.00000000e+00 4.80000000e+00 6.81765756e+00 4.80000000e+00 -4.57902875e+00
 5.10000000e+00 0.00000000e+00 5.10000000e+00 7.16979666e+00 5.10000000e+00 -5.14787600e+00
 5.40000000e+00 0.00000000e+00 5.40000000e+00 7.18619661e+00 5.40000000e+00 -4.50608429e+00
 5.70000000e+00 0.00000000e+00 5.70000000e+00 6.85989744e+00 5.70000000e+00 -5.16032000e+00
 6.00000000e+00 0.00000000e+00 6.00000000e+00 7.03956766e+00 6.00000000e+00 -5.16700752e+00
 6.30000000e+00 0.00000000e+00 6.30000000e+00 6.26510098e+00 6.30000000e+00 -4.54818785e+00
 6.60000000e+00 0.00000000e+00 6.60000000e+00 7.05821534e+00 6.60000000e+00 -5.74140371e+00
 6.90000000e+00 0.00000000e+00 6.90000000e+00 7.03005438e+00 6.90000000e+00 -4.71244451e+00
 7.20000000e+00 0.00000000e+00 7.20000000e+00 5.92937490e+00 7.20000000e+00 -5.25380404e+00
 7.50000000e+00 0.00000000e+00 7.50000000e+00 6.52413236e+00 7.50000000e+00 -4.89788690e+00
 7.80000000e+00 0.00000000e+00 7.80000000e+00 6.70361342e+00 7.80000000e+00 -5.08061286e+00
 8.10000000e+00 0.00000000e+00 8.10000000e+00 6.15250578e+00 8.10000000e+00 -5.07305325e+00
 8.40000000e+00 0.00000000e+00 8.40000000e+00 6.29402749e+00 8.40000000e+00 -5.37662714e+00
 8.70000000e+00 0.00000000e+00 8.70000000e+00 7.07267939e+00 8.70000000e+00 -5.28667137e+00
 9.00000000e+00 0.00000000e+00 9.00000000e+00 7.06995123e+00 9.00000000e+00 -4.62150004e+00
 9.30000000e+00 0.00000000e+00 9.30000000e+00 6.80269127e+00 9.30000000e+00 -5.25124896e+00
 9.60000000e+00 0.00000000e+00 9.60000000e+00 5.97117931e+00 9.60000000e+00 -4.37698090e+00
 9.90000000e+00 0.00000000e+00 9.90000000e+00 6.74952194e+00 9.90000000e+00 -4.71988140e+00
 1.02000000e+01 0.00000000e+00 1.02000000e+01 6.78291504e+00 1.02000000e+01 -4.73864993e+00
 1.05000000e+01 0.00000000e+00 1.05000000e+01 6.36985279e+00 1.05000000e+01 -5.43173321e+00
 1.08000000e+01 0.00000000e+00 1.08000000e+01 6.27999227e+00 1.08000000e+01 -4.38802650e+00
 1.11000000e+01 0.00000000e+00 1.11000000e+01 6.69645867e+00 1.11000000e+01 -4.53565307e+00
 1.14000000e+01 0.00000000e+00 1.14000000e+01 6.69364808e+00 1.14000000e+01 -5.12104604e+00
 1.17000000e+01 0.00000000e+00 1.17000000e+01 6.96130479e+00 1.17000000e+01 -5.04957189e+00
 1.20000000e+01 0.00000000e+00 1.20000000e+01 6.80330054e+00 1.20000000e+01 -5.14390591e+00
 1.23000000e+01 0.00000000e+00 1.23000000e+01 6.14803755e+00 1.23000000e+01 -5.66578313e+00
 1.26000000e+01 0.00000000e+00 1.26000000e+01 6.85830576e+00 1.26000000e+01 -4.91494387e+00
 1.29000000e+01 0.00000000e+00 1.29000000e+01 6.33357075e+00 1.29000000e+01 -5.16419302e+00
 1.32000000e+01 0.00000000e+00 1.32000000e+01 6.95021840e+00 1.32000000e+01 -5.30168781e+00
 1.35000000e+01 0.00000000e+00 1.35000000e+01 6.60276307e+00 1.35000000e+01 -4.72828956e+00
 1.38000000e+01 0.00000000e+00 1.38000000e+01 6.54732344e+00 1.38000000e+01 -4.75223217e+00
 1.41000000e+01 0.00000000e+00 1.41000000e+01 6.75478898e+00 1.41000000e+01 -5.00269347e+00
 1.44000000e+01 0.00000000e+00 1.44000000e+01 6.74870979e+00 1.44000000e+01 -4.49800065e+00
 1.47000000e+01 0.00000000e+00 1.47000000e+01 6.47553087e+00 1.47000000e+01 -4.72816954e+00
 1.50000000e+01 0.00000000e+00 1.50000000e+01 6.76661267e+00 1.50000000e+01 -5.41715645e+00
 1.53000000e+01 0.00000000e+00 1.53000000e+01 4.08477597e+00 1.53000000e+01 -4.59833478e+00
 1.56000000e+01 0.00000000e+00 1.56000000e+01 4.44978089e+00 1.56000000e+01 -5.15292767e+00
 1.59000000e+01 0.00000000e+00 1.59000000e+01 3.41086360e+00 1.59000000e+01 -5.58416193e+00
 1.62000000e+01 0.00000000e+00 1.62000000e+01 3.67601490e+00 1.62000000e+01 -4.74316769e+00
 1.65000000e+01 0.00000000e+00 1.65000000e+01 3.01498993e+00 1.65000000e+01 -5.11985092e+00
 1.68000000e+01 0.00000000e+00 1.68000000e+01 3.67844614e+00 1.68000000e+01 -5.24563166e+00
 1.71000000e+01 0.00000000e+00 1.71000000e+01 3.73136452e+00 1.71000000e+01 -5.58700008e+00
 1.74000000e+01 0.00000000e+00 1.74000000e+01 3.89498899e+00 1.74000000e+01 -4.85340476e+00
 1.77000000e+01 0.00000000e+00 1.77000000e+01 3.93037278e+00 1.77000000e+01 -5.97635932e+00
 1.80000000e+01 0.00000000e+00 1.80000000e+01 4.29228428e+00 1.80000000e+01 -4.96772457e+00
 1.83000000e+01 0.00000000e+00 1.83000000e+01 3.33925859e+00 1.83000000e+01 -4.54399287e+00
 1.86000000e+01 0.00000000e+00 1.86000000e+01 4.19524662e+00 1.86000000e+01 -5.02494336e+00
 1.89000000e+01 0.00000000e+00 1.89000000e+01 3.91158317e+00 1.89000000e+01 -5.31464283e+00
 1.92000000e+01 0.00000000e+00 1.92000000e+01 4.26266805e+00 1.92000000e+01 -4.89013929e+00
 1.95000000e+01 0.00000000e+00 1.95000000e+01 3.96346925e+00 1.95000000e+01 -5.11882159e+00
 1.98000000e+01 0.00000000e+00 1.98000000e+01 3.89999806e+00 1.98000000e+01 -4.77087888e+00
 2.01000000e+01 0.00000000e+00 2.01000000e+01 3.97988495e+00 2.01000000e+01 -5.33437160e+00
 2.04000000e+01 0.00000000e+00 2.04000000e+01 4.00829552e+00 2.04000000e+01 -5.35558957e+00
 2.07000000e+01 0.00000000e+00 2.07000000e+01 3.78437922e+00 2.07000000e+01 -5.46044057e+00
 2.10000000e+01 0.00000000e+00 2.10000000e+01 4.50885192e+00 2.10000000e+01 -4.40145983e+00
 2.13000000e+01 0.00000000e+00 2.13000000e+01 3.56359976e+00 2.13000000e+01 -5.47476877e+00
 2.16000000e+01 0.00000000e+00 2.16000000e+01 3.92813734e+00 2.16000000e+01 -4.87239203e+00
 2.19000000e+01 0.00000000e+00 2.19000000e+01 3.14318583e+00 2.19000000e+01 -5.30499537e+00
 2.22000000e+01 0.00000000e+00 2.22000000e+01 3.93739270e+00 2.22000000e+01 -4.42782920e+00
 2.25000000e+01 0.00000000e+00 2.25000000e+01 3.73284523e+00 2.25000000e+01 -5.79499993e+00
 2.28000000e+01 0.00000000e+00 2.28000000e+01 4.38474009e+00 2.28000000e+01 -4.50962468e+00
 2.31000000e+01 0.00000000e+00 2.31000000e+01 3.94338512e+00 2.31000000e+01 -4.47433956e+00
 2.34000000e+01 0.00000000e+00 2.34000000e+01 3.83998833e+00 2.34000000e+01 -5.52876338e+00
 2.37000000e+01 0.00000000e+00 2.37000000e+01 3.69901107e+00 2.37000000e+01 -5.64034032e+00
 2.40000000e+01 0.00000000e+00 2.40000000e+01 3.99570055e+00 2.40000000e+01 -5.26919758e+00
 2.43000000e+01 0.00000000e+00 2.43000000e+01 4.66851392e+00 2.43000000e+01 -4.84529385e+00
 2.46000000e+01 0.00000000e+00 2.46000000e+01 4.03683897e+00 2.46000000e+01 -4.82288051e+00
 2.49000000e+01 0.00000000e+00 2.49000000e+01 4.07518552e+00 2.49000000e+01 -5.27210718e+00
 2.52000000e+01 0.00000000e+00 2.52000000e+01 3.68513692e+00 2.52000000e+01 -3.83686022e+00
 2.55000000e+01 0.00000000e+00 2.55000000e+01 2.94880841e+00 2.55000000e+01 -3.91446625e+00
 2.58000000e+01 0.00000000e+00 2.58000000e+01 3.80560317e+00 2.58000000e+01 -4.16614940e+00
 2.61000000e+01 0.00000000e+00 2.61000000e+01 3.47276378e+00 2.61000000e+01 -3.94999929e+00
 2.64000000e+01 0.00000000e+00 2.64000000e+01 3.01418431e+00 2.64000000e+01 -3.74835990e+00
 2.67000000e+01 0.00000000e+00 2.67000000e+01 2.93951039e+00 2.67000000e+01 -4.01539396e+00
 2.70000000e+01 0.00000000e+00 2.70000000e+01 2.88857524e+00 2.70000000e+01 -3.41627449e+00
 2.73000000e+01 0.00000000e+00 2.73000000e+01 3.17050205e+00 2.73000000e+01 -3.37311340e+00
 2.76000000e+01 0.00000000e+00 2.76000000e+01 3.33897103e+00 2.76000000e+01 -3.81009264e+00
 2.79000000e+01 0.00000000e+00 2.79000000e+01 2.85494530e+00 2.79000000e+01 -4.15603106e+00
 2.82000000e+01 0.00000000e+00 2.82000000e+01 2.86001979e+00 2.82000000e+01 -3.31796138e+00
 2.85000000e+01 0.00000000e+00 2.85000000e+01 3.26940346e+00 2.85000000e+01 -3.49509064e+00
 2.88000000e+01 0.00000000e+00 2.88000000e+01 3.14024109e+00 2.88000000e+01 -3.40627856e+00
 2.91000000e+01 0.00000000e+00 2.91000000e+01 3.38234809e+00 2.91000000e+01 -3.89744692e+00
 2.94000000e+01 0.00000000e+00 2.94000000e+01 3.48423928e+00 2.94000000e+01 -3.96143863e+00
 2.97000000e+01 0.00000000e+00 2.97000000e+01 2.99222692e+00 2.97000000e+01 -3.29581567e+00
 3.00000000e+01 0.00000000e+00 3.00000000e+01 3.42941038e+00 3.00000000e+01 -3.66273526e+00
 3.03000000e+01 0.00000000e+00 3.03000000e+01 3.47531103e+00 3.03000000e+01 -3.43328356e+00
 3.06000000e+01 0.00000000e+00 3.06000000e+01 3.15822610e+00 3.06000000e+01 -3.81461909e+00
 3.09000000e+01 0.00000000e+00 3.09000000e+01 3.64077614e+00 3.09000000e+01 -3.79647025e+00
 3.12000000e+01 0.00000000e+00 3.12000000e+01 3.64858310e+00 3.12000000e+01 -3.67913826e+00
 3.15000000e+01 0.00000000e+00 3.15000000e+01 3.00150587e+00 3.15000000e+01 -3.42934597e+00
 3.18000000e+01 0.00000000e+00 3.18000000e+01 3.12474410e+00 3.18000000e+01 -3.98588972e+00
 3.21000000e+01 0.00000000e+00 3.21000000e+01 3.64225429e+00 3.21000000e+01 -3.42976505e+00
 3.24000000e+01 0.00000000e+00 3.24000000e+01 3.46707484e+00 3.24000000e+01 -3.55380913e+00
 3.27000000e+01 0.00000000e+00 3.27000000e+01 3.51898554e+00 3.27000000e+01 -3.14833627e+00
 3.30000000e+01 0.00000000e+00 3.30000000e+01 3.38590807e+00 3.30000000e+01 -2.72723746e+00
 3.33000000e+01 0.00000000e+00 3.33000000e+01 3.61991835e+00 3.33000000e+01 -4.07027202e+00
 3.36000000e+01 0.00000000e+00 3.36000000e+01 3.38411800e+00 3.36000000e+01 -4.07000057e+00
 3.39000000e+01 0.00000000e+00 3.39000000e+01 3.26839410e+00 3.39000000e+01 -3.43153810e+00
 3.42000000e+01 0.00000000e+00 3.42000000e+01 3.12623528e+00 3.42000000e+01 -3.44598490e+00
 3.45000000e+01 0.00000000e+00 3.45000000e+01 3.83849694e+00 3.45000000e+01 -3.96987947e+00
 3.48000000e+01 0.00000000e+00 3.48000000e+01 3.30684475e+00 3.48000000e+01 -3.67389845e+00
 3.51000000e+01 0.00000000e+00 3.51000000e+01 4.37780117e+00 3.51000000e+01 -3.43876782e+00
 3.54000000e+01 0.00000000e+00 3.54000000e+01 4.95798073e+00 3.54000000e+01 -3.16617967e+00
 3.57000000e+01 0.00000000e+00 3.57000000e+01 4.75857890e+00 3.57000000e+01 -3.30021586e+00
 3.60000000e+01 0.00000000e+00 3.60000000e+01 4.18660940e+00 3.60000000e+01 -3.70543935e+00
 3.63000000e+01 0.00000000e+00 3.63000000e+01 4.60742669e+00 3.63000000e+01 -3.67188958e+00
 3.66000000e+01 0.00000000e+00 3.66000000e+01 4.27429198e+00 3.66000000e+01 -4.16575057e+00
 3.69000000e+01 0.00000000e+00 3.69000000e+01 4.43086317e+00 3.69000000e+01 -3.44985304e+00
 3.72000000e+01 0.00000000e+00 3.72000000e+01 4.40589382e+00 3.72000000e+01 -3.45468438e+00
 3.75000000e+01 0.00000000e+00 3.75000000e+01 4.82496948e+00 3.75000000e+01 -3.33632636e+00
 3.78000000e+01 0.00000000e+00 3.78000000e+01 4.21636535e+00 3.78000000e+01 -3.46032258e+00
 3.81000000e+01 0.00000000e+00 3.81000000e+01 4.31655478e+00 3.81000000e+01 -3.70378590e+00
 3.84000000e+01 0.00000000e+00 3.84000000e+01 4.09614100e+00 3.84000000e+01 -3.72658980e+00
 3.87000000e+01 0.00000000e+00 3.87000000e+01 4.46714013e+00 3.87000000e+01 -3.66927341e+00
 3.90000000e+01 0.00000000e+00 3.90000000e+01 4.20608841e+00 3.90000000e+01 -3.68328058e+00
 3.93000000e+01 0.00000000e+00 3.93000000e+01 5.15832622e+00 3.93000000e+01 -3.82808331e+00
 3.96000000e+01 0.00000000e+00 3.96000000e+01 4.73940537e+00 3.96000000e+01 -3.20215215e+00
 3.99000000e+01 0.00000000e+00 3.99000000e+01 3.90048050e+00 3.99000000e+01 -3.32618814e+00
 4.02000000e+01 0.00000000e+00 4.02000000e+01 6.74295066e+00 4.02000000e+01 -1.02893221e+00
 4.05000000e+01 0.00000000e+00 4.05000000e+01 6.21880683e+00 4.05000000e+01 -1.24915606e+00
 4.08000000e+01 0.00000000e+00 4.08000000e+01 6.20409585e+00 4.08000000e+01 -1.13456513e+00
 4.11000000e+01 0.00000000e+00 4.11000000e+01 6.27124891e+00 4.11000000e+01 -1.06520378e+00
 4.14000000e+01 0.00000000e+00 4.14000000e+01 7.03142874e+00 4.14000000e+01 -1.34068458e+00
 4.17000000e+01 0.00000000e+00 4.17000000e+01 7.09241991e+00 4.17000000e+01 -7.27966724e-01
 4.20000000e+01 0.00000000e+00 4.20000000e+01 6.41571062e+00 4.20000000e+01 -1.15868785e+00
 4.23000000e+01 0.00000000e+00 4.23000000e+01 6.35120598e+00 4.23000000e+01 -1.27052211e+00
 4.26000000e+01 0.00000000e+00 4.26000000e+01 6.22455401e+00 4.26000000e+01 -1.67522501e+00
 4.29000000e+01 0.00000000e+00 4.29000000e+01 6.45113447e+00 4.29000000e+01 -1.22200020e+00
 4.32000000e+01 0.00000000e+00 4.32000000e+01 6.70047995e+00 4.32000000e+01 -9.39449286e-01
 4.35000000e+01 0.00000000e+00 4.35000000e+01 6.48547061e+00 4.35000000e+01 -1.16157648e+00
 4.38000000e+01 0.00000000e+00 4.38000000e+01 6.36778083e+00 4.38000000e+01 -7.85580699e-01
 4.41000000e+01 0.00000000e+00 4.41000000e+01 6.64591940e+00 4.41000000e+01 -1.28596156e+00
 4.44000000e+01 0.00000000e+00 4.44000000e+01 6.67558720e+00 4.44000000e+01 -8.95756262e-01
 4.47000000e+01 0.00000000e+00 4.47000000e+01 6.53513119e+00 4.47000000e+01 -8.76411414e-01
 4.50000000e+01 0.00000000e+00 4.50000000e+01 6.51491472e+00 4.50000000e+01 -1.07594025e+00
 4.53000000e+01 0.00000000e+00 4.53000000e+01 6.31880540e+00 4.53000000e+01 -1.76979890e+00
 4.56000000e+01 0.00000000e+00 4.56000000e+01 6.78014766e+00 4.56000000e+01 -1.09572118e+00
 4.59000000e+01 0.00000000e+00 4.59000000e+01 6.37626656e+00 4.59000000e+01 -1.32274244e+00
 4.62000000e+01 0.00000000e+00 4.62000000e+01 6.69002326e+00 4.62000000e+01 -1.15912134e+00
 4.65000000e+01 0.00000000e+00 4.65000000e+01 6.44211522e+00 4.65000000e+01 -1.43363290e+00
 4.68000000e+01 0.00000000e+00 4.68000000e+01 6.83406001e+00 4.68000000e+01 -9.65370559e-01
 4.71000000e+01 0.00000000e+00 4.71000000e+01 6.29427796e+00 4.71000000e+01 -1.42797592e+00
 4.74000000e+01 0.00000000e+00 4.74000000e+01 6.85198815e+00 4.74000000e+01 -8.92727178e-01
 4.77000000e+01 0.00000000e+00 4.77000000e+01 5.88467564e+00 4.77000000e+01 -6.94803803e-01
 4.80000000e+01 0.00000000e+00 4.80000000e+01 6.98770808e+00 4.80000000e+01 -1.04310623e+00
 4.83000000e+01 0.00000000e+00 4.83000000e+01 6.39142536e+00 4.83000000e+01 -1.14901354e+00
 4.86000000e+01 0.00000000e+00 4.86000000e+01 6.52521769e+00 4.86000000e+01 -1.93123691e+00
 4.89000000e+01 0.00000000e+00 4.89000000e+01 6.65550960e+00 4.89000000e+01 -1.13220101e+00
 4.92000000e+01 0.00000000e+00 4.92000000e+01 6.84394654e+00 4.92000000e+01 -1.19856897e+00
 4.95000000e+01 0.00000000e+00 4.95000000e+01 7.28831016e+00 4.95000000e+01 -1.31173666e+00
 4.98000000e+01 0.00000000e+00 4.98000000e+01 6.59525976e+00 4.98000000e+01 -1.34143680e+00
 5.01000000e+01 0.00000000e+00 5.01000000e+01 2.92198150e+00 5.01000000e+01 -5.39202089e+00
 5.04000000e+01 0.00000000e+00 5.04000000e+01 2.97552981e+00 5.04000000e+01 -5.25299826e+00
 5.07000000e+01 0.00000000e+00 5.07000000e+01 3.19718002e+00 5.07000000e+01 -5.60169751e+00
 5.10000000e+01 0.00000000e+00 5.10000000e+01 3.42741205e+00 5.10000000e+01 -5.63930288e+00
 5.13000000e+01 0.00000000e+00 5.13000000e+01 3.09222902e+00 5.13000000e+01 -4.85094565e+00
 5.16000000e+01 0.00000000e+00 5.16000000e+01 2.63517105e+00 5.16000000e+01 -5.61437187e+00
 5.19000000e+01 0.00000000e+00 5.19000000e+01 2.58126243e+00 5.19000000e+01 -5.78814016e+00
 5.22000000e+01 0.00000000e+00 5.22000000e+01 3.15963368e+00 5.22000000e+01 -4.84906688e+00
 5.25000000e+01 0.00000000e+00 5.25000000e+01 3.76508739e+00 5.25000000e+01 -5.99956515e+00
 5.28000000e+01 0.00000000e+00 5.28000000e+01 2.70369187e+00 5.28000000e+01 -5.78252435e+00
 5.31000000e+01 0.00000000e+00 5.31000000e+01 3.03654909e+00 5.31000000e+01 -5.31274200e+00
 5.34000000e+01 0.00000000e+00 5.34000000e+01 2.78138434e+00 5.34000000e+01 -5.62941262e+00
 5.37000000e+01 0.00000000e+00 5.37000000e+01 3.42450368e+00 5.37000000e+01 -5.86503854e+00
 5.40000000e+01 0.00000000e+00 5.40000000e+01 3.24799066e+00 5.40000000e+01 -5.58740745e+00
 5.43000000e+01 0.00000000e+00 5.43000000e+01 2.74619949e+00 5.43000000e+01 -5.62750774e+00
 5.46000000e+01 0.00000000e+00 5.46000000e+01 3.10328237e+00 5.46000000e+01 -4.96177341e+00
 5.49000000e+01 0.00000000e+00 5.49000000e+01 3.32223177e+00 5.49000000e+01 -6.37392179e+00
 5.52000000e+01 0.00000000e+00 5.52000000e+01 7.01834781e+00 5.52000000e+01 -4.13657494e+00
 5.55000000e+01 0.00000000e+00 5.55000000e+01 6.72684152e+00 5.55000000e+01 -5.05260524e+00
 5.58000000e+01 0.00000000e+00 5.58000000e+01 6.61996967e+00 5.58000000e+01 -4.72240757e+00
 5.61000000e+01 0.00000000e+00 5.61000000e+01 6.32926625e+00 5.61000000e+01 -4.61996463e+00
 5.64000000e+01 0.00000000e+00 5.64000000e+01 6.33317450e+00 5.64000000e+01 -4.50660950e+00
 5.67000000e+01 0.00000000e+00 5.67000000e+01 6.94858156e+00 5.67000000e+01 -4.75982795e+00
 5.70000000e+01 0.00000000e+00 5.70000000e+01 7.05895016e+00 5.70000000e+01 -4.90065843e+00
 5.73000000e+01 0.00000000e+00 5.73000000e+01 6.27431744e+00 5.73000000e+01 -5.00321856e+00
 5.76000000e+01 0.00000000e+00 5.76000000e+01 6.94582216e+00 5.76000000e+01 -4.83349020e+00
 5.79000000e+01 0.00000000e+00 5.79000000e+01 6.64347439e+00 5.79000000e+01 -5.60913140e+00
 5.82000000e+01 0.00000000e+00 5.82000000e+01 6.40110316e+00 5.82000000e+01 -5.63344669e+00
 5.85000000e+01 0.00000000e+00 5.85000000e+01 6.36723376e+00 5.85000000e+01 -4.81131577e+00
 5.88000000e+01 0.00000000e+00 5.88000000e+01 6.35701247e+00 5.88000000e+01 -5.73052190e+00
 5.91000000e+01 0.00000000e+00 5.91000000e+01 5.70264870e+00 5.91000000e+01 -5.26955953e+00
 5.94000000e+01 0.00000000e+00 5.94000000e+01 6.29209110e+00 5.94000000e+01 -4.87752756e+00
 5.97000000e+01 0.00000000e+00 5.97000000e+01 7.13849293e+00 5.97000000e+01 -4.77636307e+00
