 0.00000000e+00 0.00000000e+00 0.00000000e+00 5.27009864e+00 0.00000000e+00 -5.01008140e+00
 3.00000000e-01 0.00000000e+00 3.00000000e-01 6.05407093e+00 3.00000000e-01 -4.64697656e+00
 6.00000000e-01 0.00000000e+00 6.00000000e-01 6.50703185e+00 6.00000000e-01 -5.06166310e+00
 9.00000000e-01 0.00000000e+00 9.00000000e-01 6.56400843e+00 9.00000000e-01 -5.41212523e+00
 1.20000000e+00 0.00000000e+00 1.20000000e+00 6.65181119e+00 1.20000000e+00 -4.46589097e+00
 1.50000000e+00 0.00000000e+00 1.50000000e+00 6.15498569e+00 1.50000000e+00 -4.59238793e+00
 1.80000000e+00 0.00000000e+00 1.80000000e+00 5.53738143e+00 1.80000000e+00 -4.73547365e+00
 2.10000000e+00 0.00000000e+00 2.10000000e+00 6.19918551e+00 2.10000000e+00 -5.08033095e+00
 2.40000000e+00 0.00000000e+00 2.40000000e+00 6.26249520e+00 2.40000000e+00 -4.58053904e+00
 2.70000000e+00 0.00000000e+00 2.70000000e+00 5.88677922e+00 2.70000000e+00 -4.41371236e+00
 3.00000000e+00 0.00000000e+00 3.00000000e+00 5.83634893e+00 3.00000000e+00 -4.87120259e+00
 3.30000000e+00 0.00000000e+00 3.30000000e+00 6.36263596e+00 3.30000000e+00 -5.11304197e+00
 3.60000000e+00 0.00000000e+00 3.60000000e+00 6.11930883e+00 3.60000000e+00 -4.86661544e+00
 3.90000000e+00 0.00000000e+00 3.90000000e+00 5.95688459e+00 3.90000000e+00 -4.58671693e+00
 4.20000000e+00 0.00000000e+00 4.20000000e+00 6.68678829e+00 4.20000000e+00 -5.19094411e+00
 4.50000000e+00 0.00000000e+00 4.50000000e+00 6.01479158e+00 4.50000000e+00 -4.94013379e+00
 4.80000000e+00 0.00000000e+00 4.80000000e+00 6.03201083e+00 4.80000000e+00 -4.08718116e+00
 5.10000000e+00 0.00000000e+00 5.10000000e+00 5.93299560e+00 5.10000000e+00 -5.16211806e+00
 5.40000000e+00 0.00000000e+00 5.40000000e+00 5.67248470e+00 5.40000000e+00 -5.23290417e+00
 5.70000000e+00 0.00000000e+00 5.70000000e+00 6.28922477e+00 5.70000000e+00 -4.72343990e+00
 6.00000000e+00 0.00000000e+00 6.00000000e+00 6.01398557e+00 6.00000000e+00 -4.57236170e+00
 6.30000000e+00 0.00000000e+00 6.30000000e+00 5.79683720e+00 6.30000000e+00 -5.38601414e+00
 6.60000000e+00 0.00000000e+00 6.60000000e+00 6.09511112e+00 6.60000000e+00 -4.67577363e+00
 6.90000000e+00 0.00000000e+00 6.90000000e+00 5.95324626e+00 6.90000000e+00 -4.87851482e+00
 7.20000000e+00 0.00000000e+00 7.20000000e+00 5.74744206e+00 7.20000000e+00 -4.91912685e+00
 7.50000000e+00 0.00000000e+00 7.50000000e+00 6.79612548e+00 7.50000000e+00 -5.18592529e+00
 7.80000000e+00 0.00000000e+00 7.80000000e+00 6.42790384e+00 7.80000000e+00 -5.09309734e+00
 8.10000000e+00 0.00000000e+00 8.10000000e+00 6.65131257e+00 8.10000000e+00 -5.31580811e+00
 8.40000000e+00 0.00000000e+00 8.40000000e+00 6.04442272e+00 8.40000000e+00 -5.42719455e+00
 8.70000000e+00 0.00000000e+00 8.70000000e+00 6.28990116e+00 8.70000000e+00 -4.79684039e+00
 9.00000000e+00 0.00000000e+00 9.00000000e+00 5.60945081e+00 9.00000000e+00 -4.85303150e+00
 9.30000000e+00 0.00000000e+00 9.30000000e+00 6.06771599e+00 9.30000000e+00 -4.45175991e+00
 9.60000000e+00 0.00000000e+00 9.60000000e+00 6.17637674e+00 9.60000000e+00 -4.80252505e+00
 9.90000000e+00 0.00000000e+00 9.90000000e+00 6.36135326e+00 9.90000000e+00 -4.62710121e+00
 1.02000000e+01 0.00000000e+00 1.02000000e+01 5.99038026e+00 1.02000000e+01 -4.30050954e+00
 1.05000000e+01 0.00000000e+00 1.05000000e+01 5.82853040e+00 1.05000000e+01 -4.94516894e+00
 1.08000000e+01 0.00000000e+00 1.08000000e+01 6.36319846e+00 1.08000000e+01 -4.81174393e+00
 1.11000000e+01 0.00000000e+00 1.11000000e+01 6.24032204e+00 1.11000000e+01 -4.68330214e+00
 1.14000000e+01 0.00000000e+00 1.14000000e+01 6.75366827e+00 1.14000000e+01 -4.29722209e+00
 1.17000000e+01 0.00000000e+00 1.17000000e+01 5.62128129e+00 1.17000000e+01 -5.07749280e+00
 1.20000000e+01 0.00000000e+00 1.20000000e+01 5.93847690e+00 1.20000000e+01 -5.55271770e+00
 1.23000000e+01 0.00000000e+00 1.23000000e+01 6.30927172e+00 1.23000000e+01 -4.32931850e+00
 1.26000000e+01 0.00000000e+00 1.26000000e+01 6.10671068e+00 1.26000000e+01 -4.51526942e+00
 1.29000000e+01 0.00000000e+00 1.29000000e+01 6.08040545e+00 1.29000000e+01 -4.92837181e+00
 1.32000000e+01 0.00000000e+00 1.32000000e+01 6.30800637e+00 1.32000000e+01 -4.87734019e+00
 1.35000000e+01 0.00000000e+00 1.35000000e+01 6.44618432e+00 1.35000000e+01 -4.90664058e+00
 1.38000000e+01 0.00000000e+00 1.38000000e+01 6.16635377e+00 1.38000000e+01 -4.91039867e+00
 1.41000000e+01 0.00000000e+00 1.41000000e+01 5.65410767e+00 1.41000000e+01 -4.67971074e+00
 1.44000000e+01 0.00000000e+00 1.44000000e+01 6.14004212e+00 1.44000000e+01 -4.60947508e+00
 1.47000000e+01 0.00000000e+00 1.47000000e+01 6.05776595e+00 1.47000000e+01 -5.12304376e+00
 1.50000000e+01 0.00000000e+00 1.50000000e+01 6.31341420e+00 1.50000000e+01 -4.88401185e+00
 1.53000000e+01 0.00000000e+00 1.53000000e+01 2.09602928e+00 1.53000000e+01 -5.50223968e+00
 1.56000000e+01 0.00000000e+00 1.56000000e+01 2.81043354e+00 1.56000000e+01 -4.92804079e+00
 1.59000000e+01 0.00000000e+00 1.59000000e+01 1.21360022e+00 1.59000000e+01 -4.90492877e+00
 1.62000000e+01 0.00000000e+00 1.62000000e+01 2.15168357e+00 1.62000000e+01 -5.05954436e+00
 1.65000000e+01 0.00000000e+00 1.65000000e+01 2.20620967e+00 1.65000000e+01 -5.05862996e+00
 1.68000000e+01 0.00000000e+00 1.68000000e+01 2.42768697e+00 1.68000000e+01 -5.65091940e+00
 1.71000000e+01 0.00000000e+00 1.71000000e+01 2.15018556e+00 1.71000000e+01 -5.22305356e+00
 1.74000000e+01 0.00000000e+00 1.74000000e+01 2.15702760e+00 1.74000000e+01 -5.58803609e+00
 1.77000000e+01 0.00000000e+00 1.77000000e+01 1.61763190e+00 1.77000000e+01 -6.17115053e+00
 1.80000000e+01 0.00000000e+00 1.80000000e+01 2.16132127e+00 1.80000000e+01 -4.91993636e+00
 1.83000000e+01 0.00000000e+00 1.83000000e+01 1.89446391e+00 1.83000000e+01 -5.64317081e+00
 1.86000000e+01 0.00000000e+00 1.86000000e+01 2.45318376e+00 1.86000000e+01 -5.22298566e+00
 1.89000000e+01 0.00000000e+00 1.89000000e+01 2.09947298e+00 1.89000000e+01 -5.46515483e+00
 1.92000000e+01 0.00000000e+00 1.92000000e+01 2.04447767e+00 1.92000000e+01 -5.16056364e+00
 1.95000000e+01 0.00000000e+00 1.95000000e+01 2.28615577e+00 1.95000000e+01 -5.83889169e+00
 1.98000000e+01 0.00000000e+00 1.98000000e+01 2.14382607e+00 1.98000000e+01 -4.97799155e+00
 2.01000000e+01 0.00000000e+00 2.01000000e+01 1.78900164e+00 2.01000000e+01 -5.10403284e+00
 2.04000000e+01 0.00000000e+00 2.04000000e+01 2.14026397e+00 2.04000000e+01 -4.93150743e+00
 2.07000000e+01 0.00000000e+00 2.07000000e+01 2.35253447e+00 2.07000000e+01 -5.79257060e+00
 2.10000000e+01 0.00000000e+00 2.10000000e+01 2.15900308e+00 2.10000000e+01 -4.98033570e+00
 2.13000000e+01 0.00000000e+00 2.13000000e+01 2.47496275e+00 2.13000000e+01 -5.62217449e+00
 2.16000000e+01 0.00000000e+00 2.16000000e+01 2.59631996e+00 2.16000000e+01 -5.68901395e+00
 2.19000000e+01 0.00000000e+00 2.19000000e+01 1.78733475e+00 2.19000000e+01 -5.03750845e+00
 2.22000000e+01 0.00000000e+00 2.22000000e+01 2.51782147e+00 2.22000000e+01 -5.44886467e+00
 2.25000000e+01 0.00000000e+00 2.25000000e+01 2.01830254e+00 2.25000000e+01 -6.08786009e+00
 2.28000000e+01 0.00000000e+00 2.28000000e+01 2.04626086e+00 2.28000000e+01 -5.34789745e+00
 2.31000000e+01 0.00000000e+00 2.31000000e+01 2.76434920e+00 2.31000000e+01 -5.52031248e+00
 2.34000000e+01 0.00000000e+00 2.34000000e+01 2.28128246e+00 2.34000000e+01 -5.58745028e+00
 2.37000000e+01 0.00000000e+00 2.37000000e+01 3.13674874e+00 2.37000000e+01 -5.40155479e+00
 2.40000000e+01 0.00000000e+00 2.40000000e+01 2.49398656e+00 2.40000000e+01 -5.71295628e+00
 2.43000000e+01 0.00000000e+00 2.43000000e+01 1.92904755e+00 2.43000000e+01 -5.07674614e+00
 2.46000000e+01 0.00000000e+00 2.46000000e+01 2.03470200e+00 2.46000000e+01 -5.23937516e+00
 2.49000000e+01 0.00000000e+00 2.49000000e+01 1.97032925e+00 2.49000000e+01 -5.44303616e+00
 2.52000000e+01 0.00000000e+00 2.52000000e+01 1.30203312e+00 2.52000000e+01 -4.63937501e+00
 2.55000000e+01 0.00000000e+00 2.55000000e+01 5.02021523e-01 2.55000000e+01 -4.44910078e+00
 2.58000000e+01 0.00000000e+00 2.58000000e+01 1.10765321e+00 2.58000000e+01 -4.24698753e+00
 2.61000000e+01 0.00000000e+00 2.61000000e+01 9.41048234e-01 2.61000000e+01 -4.76508834e+00
 2.64000000e+01 0.00000000e+00 2.64000000e+01 1.09626823e+00 2.64000000e+01 -4.71674981e+00
 2.67000000e+01 0.00000000e+00 2.67000000e+01 1.42219027e+00 2.67000000e+01 -4.41186555e+00
 2.70000000e+01 0.00000000e+00 2.70000000e+01 1.27927806e+00 2.70000000e+01 -4.50202689e+00
 2.73000000e+01 0.00000000e+00 2.73000000e+01 1.08235955e+00 2.73000000e+01 -4.54536587e+00
 2.76000000e+01 0.00000000e+00 2.76000000e+01 1.26700028e+00 2.76000000e+01 -4.90626447e+00
 2.79000000e+01 0.00000000e+00 2.79000000e+01 9.28523056e-01 2.79000000e+01 -4.03976742e+00
 2.82000000e+01 0.00000000e+00 2.82000000e+01 1.19583794e+00 2.82000000e+01 -4.69138399e+00
 2.85000000e+01 0.00000000e+00 2.85000000e+01 7.19069922e-01 2.85000000e+01 -4.39601583e+00
 2.88000000e+01 0.00000000e+00 2.88000000e+01 6.12519830e-01 2.88000000e+01 -4.38043046e+00
 2.91000000e+01 0.00000000e+00 2.91000000e+01 1.16555828e+00 2.91000000e+01 -4.52892566e+00
 2.94000000e+01 0.00000000e+00 2.94000000e+01 8.36340755e-01 2.94000000e+01 -4.80496334e+00
 2.97000000e+01 0.00000000e+00 2.97000000e+01 6.15540241e-01 2.97000000e+01 -4.29741650e+00
 3.00000000e+01 0.00000000e+00 3.00000000e+01 7.95291283e-01 3.00000000e+01 -4.15698607e+00
 3.03000000e+01 0.00000000e+00 3.03000000e+01 6.27395783e-01 3.03000000e+01 -4.05620946e+00
 3.06000000e+01 0.00000000e+00 3.06000000e+01 8.32352099e-01 3.06000000e+01 -4.76913941e+00
 3.09000000e+01 0.00000000e+00 3.09000000e+01 1.02835988e+00 3.09000000e+01 -4.57671028e+00
 3.12000000e+01 0.00000000e+00 3.12000000e+01 8.10642640e-01 3.12000000e+01 -4.16489733e+00
 3.15000000e+01 0.00000000e+00 3.15000000e+01 2.64277348e-02 3.15000000e+01 -4.90181351e+00
 3.18000000e+01 0.00000000e+00 3.18000000e+01 7.99291888e-01 3.18000000e+01 -4.08733473e+00
 3.21000000e+01 0.00000000e+00 3.21000000e+01 7.75620647e-01 3.21000000e+01 -4.65726197e+00
 3.24000000e+01 0.00000000e+00 3.24000000e+01 1.32255945e+00 3.24000000e+01 -3.74740702e+00
 3.27000000e+01 0.00000000e+00 3.27000000e+01 8.16413771e-01 3.27000000e+01 -4.45516001e+00
 3.30000000e+01 0.00000000e+00 3.30000000e+01 5.92428882e-01 3.30000000e+01 -5.26641983e+00
 3.33000000e+01 0.00000000e+00 3.33000000e+01 1.41215540e+00 3.33000000e+01 -4.01016645e+00
 3.36000000e+01 0.00000000e+00 3.36000000e+01 8.89315385e-01 3.36000000e+01 -3.92767108e+00
 3.39000000e+01 0.00000000e+00 3.39000000e+01 1.67894157e+00 3.39000000e+01 -4.53401476e+00
 3.42000000e+01 0.00000000e+00 3.42000000e+01 6.69718687e-01 3.42000000e+01 -4.07281115e+00
 3.45000000e+01 0.00000000e+00 3.45000000e+01 1.09045910e+00 3.45000000e+01 -5.11403190e+00
 3.48000000e+01 0.00000000e+00 3.48000000e+01 8.34965124e-01 3.48000000e+01 -4.40942467e+00
 3.51000000e+01 0.00000000e+00 3.51000000e+01 3.97399194e+00 3.51000000e+01 -1.85926255e+00
 3.54000000e+01 0.00000000e+00 3.54000000e+01 3.55306172e+00 3.54000000e+01 -2.71789030e+00
 3.57000000e+01 0.00000000e+00 3.57000000e+01 3.70000692e+00 3.57000000e+01 -3.08275844e+00
 3.60000000e+01 0.00000000e+00 3.60000000e+01 3.72134686e+00 3.60000000e+01 -2.17797259e+00
 3.63000000e+01 0.00000000e+00 3.63000000e+01 3.79397978e+00 3.63000000e+01 -2.88521917e+00
 3.66000000e+01 0.00000000e+00 3.66000000e+01 3.19254612e+00 3.66000000e+01 -2.53758796e+00
 3.69000000e+01 0.00000000e+00 3.69000000e+01 3.65229360e+00 3.69000000e+01 -2.27766661e+00
 3.72000000e+01 0.00000000e+00 3.72000000e+01 3.24312135e+00 3.72000000e+01 -2.90869958e+00
 3.75000000e+01 0.00000000e+00 3.75000000e+01 3.10347807e+00 3.75000000e+01 -2.30085362e+00
 3.78000000e+01 0.00000000e+00 3.78000000e+01 3.21546128e+00 3.78000000e+01 -2.54245712e+00
 3.81000000e+01 0.00000000e+00 3.81000000e+01 3.74564867e+00 3.81000000e+01 -2.77314784e+00
 3.84000000e+01 0.00000000e+00 3.84000000e+01 3.73670274e+00 3.84000000e+01 -2.82423078e+00
 3.87000000e+01 0.00000000e+00 3.87000000e+01 4.17300520e+00 3.87000000e+01 -2.93789076e+00
 3.90000000e+01 0.00000000e+00 3.90000000e+01 3.91710101e+00 3.90000000e+01 -2.52716388e+00
 3.93000000e+01 0.00000000e+00 3.93000000e+01 3.40174419e+00 3.93000000e+01 -2.47637351e+00
 3.96000000e+01 0.00000000e+00 3.96000000e+01 3.51597831e+00 3.96000000e+01 -2.09209301e+00
 3.99000000e+01 0.00000000e+00 3.99000000e+01 3.30196335e+00 3.99000000e+01 -2.70003174e+00
 4.02000000e+01 0.00000000e+00 4.02000000e+01 3.85750988e+00 4.02000000e+01 -8.75652051e-01
 4.05000000e+01 0.00000000e+00 4.05000000e+01 3.78689750e+00 4.05000000e+01 -5.49343473e-01
 4.08000000e+01 0.00000000e+00 4.08000000e+01 4.04667032e+00 4.08000000e+01 -5.25185292e-01
 4.11000000e+01 0.00000000e+00 4.11000000e+01 4.09325220e+00 4.11000000e+01 -7.21389786e-01
 4.14000000e+01 0.00000000e+00 4.14000000e+01 3.85911396e+00 4.14000000e+01 -4.68116328e-01
 4.17000000e+01 0.00000000e+00 4.17000000e+01 3.29355644e+00 4.17000000e+01 -8.14043573e-01
 4.20000000e+01 0.00000000e+00 4.20000000e+01 4.07019219e+00 4.20000000e+01 -7.01102505e-01
 4.23000000e+01 0.00000000e+00 4.23000000e+01 3.26396956e+00 4.23000000e+01 -8.03830758e-01
 4.26000000e+01 0.00000000e+00 4.26000000e+01 3.50602579e+00 4.26000000e+01 -6.53180761e-01
 4.29000000e+01 0.00000000e+00 4.29000000e+01 3.54844601e+00 4.29000000e+01 -1.27311953e+00
 4.32000000e+01 0.00000000e+00 4.32000000e+01 4.07043808e+00 4.32000000e+01 -8.88049406e-02
 4.35000000e+01 0.00000000e+00 4.35000000e+01 3.48145891e+00 4.35000000e+01 -5.29456844e-01
 4.38000000e+01 0.00000000e+00 4.38000000e+01 3.65258378e+00 4.38000000e+01 -1.10215072e+00
 4.41000000e+01 0.00000000e+00 4.41000000e+01 4.34504752e+00 4.41000000e+01 -6.68066654e-01
 4.44000000e+01 0.00000000e+00 4.44000000e+01 4.43521253e+00 4.44000000e+01 -9.55000564e-01
 4.47000000e+01 0.00000000e+00 4.47000000e+01 3.89516037e+00 4.47000000e+01 -9.12183986e-01
 4.50000000e+01 0.00000000e+00 4.50000000e+01 3.67816148e+00 4.50000000e+01 -8.56519149e-01
 4.53000000e+01 0.00000000e+00 4.53000000e+01 3.90258306e+00 4.53000000e+01 -3.12689278e-01
 4.56000000e+01 0.00000000e+00 4.56000000e+01 3.99479805e+00 4.56000000e+01 -1.05315925e+00
 4.59000000e+01 0.00000000e+00 4.59000000e+01 3.98466873e+00 4.59000000e+01 -1.38652917e+00
 4.62000000e+01 0.00000000e+00 4.62000000e+01 3.61739124e+00 4.62000000e+01 -9.16303675e-01
 4.65000000e+01 0.00000000e+00 4.65000000e+01 3.67937657e+00 4.65000000e+01 -4.79783447e-01
 4.68000000e+01 0.00000000e+00 4.68000000e+01 3.72470279e+00 4.68000000e+01 -1.14434367e-01
 4.71000000e+01 0.00000000e+00 4.71000000e+01 4.16591962e+00 4.71000000e+01 -1.04004304e+00
 4.74000000e+01 0.00000000e+00 4.74000000e+01 4.02411149e+00 4.74000000e+01 -8.80143234e-01
 4.77000000e+01 0.00000000e+00 4.77000000e+01 4.22003109e+00 4.77000000e+01 -1.55900404e+00
 4.80000000e+01 0.00000000e+00 4.80000000e+01 4.02231153e+00 4.80000000e+01 -9.48196649e-01
 4.83000000e+01 0.00000000e+00 4.83000000e+01 3.79674504e+00 4.83000000e+01 -1.42405498e+00
 4.86000000e+01 0.00000000e+00 4.86000000e+01 3.82116609e+00 4.86000000e+01 -7.77472992e-01
 4.89000000e+01 0.00000000e+00 4.89000000e+01 3.75526935e+00 4.89000000e+01 -6.63624842e-01
 4.92000000e+01 0.00000000e+00 4.92000000e+01 3.85378716e+00 4.92000000e+01 -9.98290212e-01
 4.95000000e+01 0.00000000e+00 4.95000000e+01 3.40103061e+00 4.95000000e+01 -8.84845475e-01
 4.98000000e+01 0.00000000e+00 4.98000000e+01 4.29892397e+00 4.98000000e+01 -9.18245917e-01
 5.01000000e+01 0.00000000e+00 5.01000000e+01 2.26638294e+00 5.01000000e+01 -4.89889244e+00
 5.04000000e+01 0.00000000e+00 5.04000000e+01 2.12515827e+00 5.04000000e+01 -4.42124991e+00
 5.07000000e+01 0.00000000e+00 5.07000000e+01 2.85764775e+00 5.07000000e+01 -4.32458832e+00
 5.10000000e+01 0.00000000e+00 5.10000000e+01 2.70182452e+00 5.10000000e+01 -4.31386312e+00
 5.13000000e+01 0.00000000e+00 5.13000000e+01 2.78774836e+00 5.13000000e+01 -4.38492465e+00
 5.16000000e+01 0.00000000e+00 5.16000000e+01 2.98332782e+00 5.16000000e+01 -4.09153174e+00
 5.19000000e+01 0.00000000e+00 5.19000000e+01 2.43267204e+00 5.19000000e+01 -4.78505137e+00
 5.22000000e+01 0.00000000e+00 5.22000000e+01 2.87157564e+00 5.22000000e+01 -4.46210659e+00
 5.25000000e+01 0.00000000e+00 5.25000000e+01 2.65255213e+00 5.25000000e+01 -4.05131866e+00
 5.28000000e+01 0.00000000e+00 5.28000000e+01 2.76979699e+00 5.28000000e+01 -4.72083442e+00
 5.31000000e+01 0.00000000e+00 5.31000000e+01 2.34831889e+00 5.31000000e+01 -3.91200256e+00
 5.34000000e+01 0.00000000e+00 5.34000000e+01 3.09064669e+00 5.34000000e+01 -4.65333896e+00
 5.37000000e+01 0.00000000e+00 5.37000000e+01 2.26246950e+00 5.37000000e+01 -4.48860403e+00
 5.40000000e+01 0.00000000e+00 5.40000000e+01 2.58302348e+00 5.40000000e+01 -4.07908196e+00
 5.43000000e+01 0.00000000e+00 5.43000000e+01 2.86867745e+00 5.43000000e+01 -4.13547804e+00
 5.46000000e+01 0.00000000e+00 5.46000000e+01 2.20379434e+00 5.46000000e+01 -4.28687153e+00
 5.49000000e+01 0.00000000e+00 5.49000000e+01 2.11031788e+00 5.49000000e+01 -4.61819511e+00
 5.52000000e+01 0.00000000e+00 5.52000000e+01 5.65652289e+00 5.52000000e+01 -4.56319259e+00
 5.55000000e+01 0.00000000e+00 5.55000000e+01 5.94546612e+00 5.55000000e+01 -4.83427769e+00
 5.58000000e+01 0.00000000e+00 5.58000000e+01 5.92525061e+00 5.58000000e+01 -4.39028496e+00
 5.61000000e+01 0.00000000e+00 5.61000000e+01 5.89432806e+00 5.61000000e+01 -5.18549285e+00
 5.64000000e+01 0.00000000e+00 5.64000000e+01 5.97554062e+00 5.64000000e+01 -4.99742951e+00
 5.67000000e+01 0.00000000e+00 5.67000000e+01 5.36602251e+00 5.67000000e+01 -4.82213262e+00
 5.70000000e+01 0.00000000e+00 5.70000000e+01 5.73255307e+00 5.70000000e+01 -4.47457939e+00
 5.73000000e+01 0.00000000e+00 5.73000000e+01 5.43804328e+00 5.73000000e+01 -4.84972408e+00
 5.76000000e+01 0.00000000e+00 5.76000000e+01 6.03812626e+00 5.76000000e+01 -4.79454035e+00
 5.79000000e+01 0.00000000e+00 5.79000000e+01 6.37211600e+00 5.79000000e+01 -4.79664462e+00
 5.82000000e+01 0.00000000e+00 5.82000000e+01 5.97059173e+00 5.82000000e+01 -4.62992168e+00
 5.85000000e+01 0.00000000e+00 5.85000000e+01 5.98159953e+00 5.85000000e+01 -4.45079719e+00
 5.88000000e+01 0.00000000e+00 5.88000000e+01 6.34441145e+00 5.88000000e+01 -4.91534507e+00
 5.91000000e+01 0.00000000e+00 5.91000000e+01 5.87274681e+00 5.91000000e+01 -5.11198789e+00
 5.94000000e+01 0.00000000e+00 5.94000000e+01 5.99040564e+00 5.94000000e+01 -4.21110868e+00
 5.97000000e+01 0.00000000e+00 5.97000000e+01 5.71711455e+00 5.97000000e+01 -5.23396605e+00
