 0.00000000e+00 0.00000000e+00 0.00000000e+00 7.39529170e+00 0.00000000e+00 -5.53183561e+00
 3.00000000e-01 0.00000000e+00 3.00000000e-01 7.57278920e+00 3.00000000e-01 -5.42226680e+00
 6.00000000e-01 0.00000000e+00 6.00000000e-01 7.53373634e+00 6.00000000e-01 -5.36194043e+00
 9.00000000e-01 0.00000000e+00 9.00000000e-01 7.36368536e+00 9.00000000e-01 -5.38605111e+00
 1.20000000e+00 0.00000000e+00 1.20000000e+00 7.16730817e+00 1.20000000e+00 -5.59577343e+00
 1.50000000e+00 0.00000000e+00 1.50000000e+00 8.57997215e+00 1.50000000e+00 -5.77517964e+00
 1.80000000e+00 0.00000000e+00 1.80000000e+00 7.43868184e+00 1.80000000e+00 -5.24516185e+00
 2.10000000e+00 0.00000000e+00 2.10000000e+00 7.45703386e+00 2.10000000e+00 -5.18169829e+00
 2.40000000e+00 0.00000000e+00 2.40000000e+00 7.23613443e+00 2.40000000e+00 -4.75740766e+00
 2.70000000e+00 0.00000000e+00 2.70000000e+00 7.69394973e+00 2.70000000e+00 -5.31985069e+00
 3.00000000e+00 0.00000000e+00 3.00000000e+00 7.28679871e+00 3.00000000e+00 -5.00045490e+00
 3.30000000e+00 0.00000000e+00 3.30000000e+00 7.40984681e+00 3.30000000e+00 -5.53545763e+00
 3.60000000e+00 0.00000000e+00 3.60000000e+00 7.19563266e+00 3.60000000e+00 -5.17231853e+00
 3.90000000e+00 0.00000000e+00 3.90000000e+00 7.74711171e+00 3.90000000e+00 -5.57875684e+00
 4.20000000e+00 0.00000000e+00 4.20000000e+00 7.25087661e+00 4.20000000e+00 -4.91605345e+00
 4.50000000e+00 0.00000000e+00 4.50000000e+00 6.97559751e+00 4.50000000e+00 -4.51696494e+00
 4.80000000e+00 0.00000000e+00 4.80000000e+00 7.47590979e+00 4.80000000e+00 -4.91059662e+00
 5.10000000e+00 0.00000000e+00 5.10000000e+00 7.08676848e+00 5.10000000e+00 -4.97577388e+00
 5.40000000e+00 0.00000000e+00 5.40000000e+00 7.06021246e+00 5.40000000e+00 -5.19442938e+00
 5.70000000e+00 0.00000000e+00 5.70000000e+00 7.37147208e+00 5.70000000e+00 -4.72129771e+00
 6.00000000e+00 0.00000000e+00 6.00000000e+00 7.52624440e+00 6.00000000e+00 -5.33319031e+00
 6.30000000e+00 0.00000000e+00 6.30000000e+00 7.27819969e+00 6.30000000e+00 -4.70867274e+00
 6.60000000e+00 0.00000000e+00 6.60000000e+00 7.70448735e+00 6.60000000e+00 -5.31731808e+00
 6.90000000e+00 0.00000000e+00 6.90000000e+00 7.29175816e+00 6.90000000e+00 -4.78619613e+00
 7.20000000e+00 0.00000000e+00 7.20000000e+00 6.93374219e+00 7.20000000e+00 -5.63318075e+00
 7.50000000e+00 0.00000000e+00 7.50000000e+00 7.12453941e+00 7.50000000e+00 -4.85294965e+00
 7.80000000e+00 0.00000000e+00 7.80000000e+00 7.60037331e+00 7.80000000e+00 -5.01089389e+00
 8.10000000e+00 0.00000000e+00 8.10000000e+00 6.84385966e+00 8.10000000e+00 -4.96967330e+00
 8.40000000e+00 0.00000000e+00 8.40000000e+00 7.30684472e+00 8.40000000e+00 -5.81840203e+00
 8.70000000e+00 0.00000000e+00 8.70000000e+00 7.64969030e+00 8.70000000e+00 -5.68916462e+00
 9.00000000e+00 0.00000000e+00 9.00000000e+00 8.06130935e+00 9.00000000e+00 -5.34740839e+00
 9.30000000e+00 0.00000000e+00 9.30000000e+00 8.01955627e+00 9.30000000e+00 -5.61548427e+00
 9.60000000e+00 0.00000000e+00 9.60000000e+00 6.92005185e+00 9.60000000e+00 -5.42615139e+00
 9.90000000e+00 0.00000000e+00 9.90000000e+00 7.03516029e+00 9.90000000e+00 -5.78345981e+00
 1.02000000e+01 0.00000000e+00 1.02000000e+01 7.69501231e+00 1.02000000e+01 -4.46178278e+00
 1.05000000e+01 0.00000000e+00 1.05000000e+01 7.14152822e+00 1.05000000e+01 -5.51552825e+00
 1.08000000e+01 0.00000000e+00 1.08000000e+01 7.86626023e+00 1.08000000e+01 -4.83450380e+00
 1.11000000e+01 0.00000000e+00 1.11000000e+01 7.57982076e+00 1.11000000e+01 -4.55314766e+00
 1.14000000e+01 0.00000000e+00 1.14000000e+01 7.01466207e+00 1.14000000e+01 -4.87579141e+00
 1.17000000e+01 0.00000000e+00 1.17000000e+01 7.39270754e+00 1.17000000e+01 -5.84417704e+00
 1.20000000e+01 0.00000000e+00 1.20000000e+01 7.17203791e+00 1.20000000e+01 -4.68697635e+00
 1.23000000e+01 0.00000000e+00 1.23000000e+01 7.73745472e+00 1.23000000e+01 -5.86280987e+00
 1.26000000e+01 0.00000000e+00 1.26000000e+01 8.10823141e+00 1.26000000e+01 -4.89680001e+00
 1.29000000e+01 0.00000000e+00 1.29000000e+01 7.44367647e+00 1.29000000e+01 -5.47396917e+00
 1.32000000e+01 0.00000000e+00 1.32000000e+01 7.64587497e+00 1.32000000e+01 -5.38947450e+00
 1.35000000e+01 0.00000000e+00 1.35000000e+01 7.52134761e+00 1.35000000e+01 -5.12506381e+00
 1.38000000e+01 0.00000000e+00 1.38000000e+01 7.73945286e+00 1.38000000e+01 -5.32098791e+00
 1.41000000e+01 0.00000000e+00 1.41000000e+01 7.63738222e+00 1.41000000e+01 -5.26270817e+00
 1.44000000e+01 0.00000000e+00 1.44000000e+01 7.57548830e+00 1.44000000e+01 -6.20547668e+00
 1.47000000e+01 0.00000000e+00 1.47000000e+01 7.65096807e+00 1.47000000e+01 -4.90585959e+00
 1.50000000e+01 0.00000000e+00 1.50000000e+01 6.94197872e+00 1.50000000e+01 -5.27712994e+00
 1.53000000e+01 0.00000000e+00 1.53000000e+01 1.75579592e+00 1.53000000e+01 -4.93786124e+00
 1.56000000e+01 0.00000000e+00 1.56000000e+01 1.43406713e+00 1.56000000e+01 -4.56889707e+00
 1.59000000e+01 0.00000000e+00 1.59000000e+01 1.58237546e+00 1.59000000e+01 -5.05074483e+00
 1.62000000e+01 0.00000000e+00 1.62000000e+01 1.69738921e+00 1.62000000e+01 -4.54355816e+00
 1.65000000e+01 0.00000000e+00 1.65000000e+01 1.32056018e+00 1.65000000e+01 -4.89064989e+00
 1.68000000e+01 0.00000000e+00 1.68000000e+01 1.40037067e+00 1.68000000e+01 -4.96353918e+00
 1.71000000e+01 0.00000000e+00 1.71000000e+01 2.30703924e+00 1.71000000e+01 -4.41901826e+00
 1.74000000e+01 0.00000000e+00 1.74000000e+01 1.51510342e+00 1.74000000e+01 -5.12035302e+00
 1.77000000e+01 0.00000000e+00 1.77000000e+01 1.89977856e+00 1.77000000e+01 -4.67526179e+00
 1.80000000e+01 0.00000000e+00 1.80000000e+01 1.61487936e+00 1.80000000e+01 -4.66577030e+00
 1.83000000e+01 0.00000000e+00 1.83000000e+01 1.33782605e+00 1.83000000e+01 -5.34739768e+00
 1.86000000e+01 0.00000000e+00 1.86000000e+01 1.51059415e+00 1.86000000e+01 -4.61527563e+00
 1.89000000e+01 0.00000000e+00 1.89000000e+01 1.52579721e+00 1.89000000e+01 -4.85163733e+00
 1.92000000e+01 0.00000000e+00 1.92000000e+01 1.09934365e+00 1.92000000e+01 -4.90956247e+00
 1.95000000e+01 0.00000000e+00 1.95000000e+01 1.28003752e+00 1.95000000e+01 -4.85181545e+00
 1.98000000e+01 0.00000000e+00 1.98000000e+01 1.86158770e+00 1.98000000e+01 -5.59616268e+00
 2.01000000e+01 0.00000000e+00 2.01000000e+01 1.29437006e+00 2.01000000e+01 -4.92424057e+00
 2.04000000e+01 0.00000000e+00 2.04000000e+01 1.52168560e+00 2.04000000e+01 -5.32515454e+00
 2.07000000e+01 0.00000000e+00 2.07000000e+01 1.86075408e+00 2.07000000e+01 -4.88212992e+00
 2.10000000e+01 0.00000000e+00 2.10000000e+01 1.95364142e+00 2.10000000e+01 -4.82590279e+00
 2.13000000e+01 0.00000000e+00 2.13000000e+01 1.46655349e+00 2.13000000e+01 -5.24215151e+00
 2.16000000e+01 0.00000000e+00 2.16000000e+01 1.46588689e+00 2.16000000e+01 -4.55675788e+00
 2.19000000e+01 0.00000000e+00 2.19000000e+01 1.28530600e+00 2.19000000e+01 -4.47516965e+00
 2.22000000e+01 0.00000000e+00 2.22000000e+01 1.56486935e+00 2.22000000e+01 -4.62171762e+00
 2.25000000e+01 0.00000000e+00 2.25000000e+01 1.54376835e+00 2.25000000e+01 -5.34442772e+00
 2.28000000e+01 0.00000000e+00 2.28000000e+01 9.27376574e-01 2.28000000e+01 -4.65153668e+00
 2.31000000e+01 0.00000000e+00 2.31000000e+01 1.53210843e+00 2.31000000e+01 -4.42987731e+00
 2.34000000e+01 0.00000000e+00 2.34000000e+01 2.11583122e+00 2.34000000e+01 -5.63311684e+00
 2.37000000e+01 0.00000000e+00 2.37000000e+01 1.34009527e+00 2.37000000e+01 -4.33367511e+00
 2.40000000e+01 0.00000000e+00 2.40000000e+01 1.35043629e+00 2.40000000e+01 -4.69786021e+00
 2.43000000e+01 0.00000000e+00 2.43000000e+01 1.67214577e+00 2.43000000e+01 -4.65268878e+00
 2.46000000e+01 0.00000000e+00 2.46000000e+01 1.51314602e+00 2.46000000e+01 -5.31024722e+00
 2.49000000e+01 0.00000000e+00 2.49000000e+01 8.24069496e-01 2.49000000e+01 -5.00203576e+00
 2.52000000e+01 0.00000000e+00 2.52000000e+01 1.48877624e+00 2.52000000e+01 -5.51697565e+00
 2.55000000e+01 0.00000000e+00 2.55000000e+01 1.29766709e+00 2.55000000e+01 -5.87218859e+00
 2.58000000e+01 0.00000000e+00 2.58000000e+01 1.07281527e+00 2.58000000e+01 -5.15998350e+00
 2.61000000e+01 0.00000000e+00 2.61000000e+01 1.14486019e+00 2.61000000e+01 -5.70489140e+00
 2.64000000e+01 0.00000000e+00 2.64000000e+01 1.06748414e+00 2.64000000e+01 -5.86024797e+00
 2.67000000e+01 0.00000000e+00 2.67000000e+01 2.09777582e+00 2.67000000e+01 -5.54872352e+00
 2.70000000e+01 0.00000000e+00 2.70000000e+01 1.59525018e+00 2.70000000e+01 -5.22562433e+00
 2.73000000e+01 0.00000000e+00 2.73000000e+01 7.96507817e-01 2.73000000e+01 -5.46600879e+00
 2.76000000e+01 0.00000000e+00 2.76000000e+01 1.16505851e+00 2.76000000e+01 -5.71648154e+00
 2.79000000e+01 0.00000000e+00 2.79000000e+01 1.82855142e+00 2.79000000e+01 -5.76064725e+00
 2.82000000e+01 0.00000000e+00 2.82000000e+01 1.52237377e+00 2.82000000e+01 -5.26548787e+00
 2.85000000e+01 0.00000000e+00 2.85000000e+01 1.16763256e+00 2.85000000e+01 -5.97591601e+00
 2.88000000e+01 0.00000000e+00 2.88000000e+01 1.38586172e+00 2.88000000e+01 -5.93668299e+00
 2.91000000e+01 0.00000000e+00 2.91000000e+01 1.23972414e+00 2.91000000e+01 -5.80494629e+00
 2.94000000e+01 0.00000000e+00 2.94000000e+01 1.31214789e+00 2.94000000e+01 -5.83212309e+00
 2.97000000e+01 0.00000000e+00 2.97000000e+01 1.40796445e+00 2.97000000e+01 -5.54920215e+00
 3.00000000e+01 0.00000000e+00 3.00000000e+01 1.17456141e+00 3.00000000e+01 -5.72059793e+00
 3.03000000e+01 0.00000000e+00 3.03000000e+01 1.20656381e+00 3.03000000e+01 -5.47608804e+00
 3.06000000e+01 0.00000000e+00 3.06000000e+01 1.20685248e+00 3.06000000e+01 -5.59595351e+00
 3.09000000e+01 0.00000000e+00 3.09000000e+01 1.56721647e+00 3.09000000e+01 -5.80944617e+00
 3.12000000e+01 0.00000000e+00 3.12000000e+01 8.14237764e-01 3.12000000e+01 -5.39897785e+00
 3.15000000e+01 0.00000000e+00 3.15000000e+01 1.29195670e+00 3.15000000e+01 -5.62402721e+00
 3.18000000e+01 0.00000000e+00 3.18000000e+01 1.38158261e+00 3.18000000e+01 -5.60440095e+00
 3.21000000e+01 0.00000000e+00 3.21000000e+01 1.72770769e+00 3.21000000e+01 -5.44867495e+00
 3.24000000e+01 0.00000000e+00 3.24000000e+01 1.47634868e+00 3.24000000e+01 -5.19332282e+00
 3.27000000e+01 0.00000000e+00 3.27000000e+01 1.42871044e+00 3.27000000e+01 -5.81005380e+00
 3.30000000e+01 0.00000000e+00 3.30000000e+01 1.49258693e+00 3.30000000e+01 -4.71510554e+00
 3.33000000e+01 0.00000000e+00 3.33000000e+01 1.73282004e+00 3.33000000e+01 -5.64212468e+00
 3.36000000e+01 0.00000000e+00 3.36000000e+01 1.03867910e+00 3.36000000e+01 -5.46465783e+00
 3.39000000e+01 0.00000000e+00 3.39000000e+01 1.58192624e+00 3.39000000e+01 -5.78742317e+00
 3.42000000e+01 0.00000000e+00 3.42000000e+01 1.51812147e+00 3.42000000e+01 -5.62808510e+00
 3.45000000e+01 0.00000000e+00 3.45000000e+01 1.77857601e+00 3.45000000e+01 -5.79537445e+00
 3.48000000e+01 0.00000000e+00 3.48000000e+01 1.65524109e+00 3.48000000e+01 -5.84724795e+00
 3.51000000e+01 0.00000000e+00 3.51000000e+01 4.23776369e+00 3.51000000e+01 -4.18218153e+00
 3.54000000e+01 0.00000000e+00 3.54000000e+01 4.66480398e+00 3.54000000e+01 -4.31498684e+00
 3.57000000e+01 0.00000000e+00 3.57000000e+01 4.19924868e+00 3.57000000e+01 -3.94768225e+00
 3.60000000e+01 0.00000000e+00 3.60000000e+01 3.75573455e+00 3.60000000e+01 -4.93922531e+00
 3.63000000e+01 0.00000000e+00 3.63000000e+01 4.66556875e+00 3.63000000e+01 -3.98489452e+00
 3.66000000e+01 0.00000000e+00 3.66000000e+01 4.02827199e+00 3.66000000e+01 -4.43655164e+00
 3.69000000e+01 0.00000000e+00 3.69000000e+01 4.47292318e+00 3.69000000e+01 -4.55161413e+00
 3.72000000e+01 0.00000000e+00 3.72000000e+01 4.18392619e+00 3.72000000e+01 -4.02402545e+00
 3.75000000e+01 0.00000000e+00 3.75000000e+01 4.03398712e+00 3.75000000e+01 -4.20944960e+00
 3.78000000e+01 0.00000000e+00 3.78000000e+01 4.31036578e+00 3.78000000e+01 -4.19069622e+00
 3.81000000e+01 0.00000000e+00 3.81000000e+01 4.00562559e+00 3.81000000e+01 -4.55625589e+00
 3.84000000e+01 0.00000000e+00 3.84000000e+01 3.57799510e+00 3.84000000e+01 -4.03691131e+00
 3.87000000e+01 0.00000000e+00 3.87000000e+01 4.54756262e+00 3.87000000e+01 -4.20902476e+00
 3.90000000e+01 0.00000000e+00 3.90000000e+01 4.06133172e+00 3.90000000e+01 -4.15625993e+00
 3.93000000e+01 0.00000000e+00 3.93000000e+01 3.80083711e+00 3.93000000e+01 -4.28994992e+00
 3.96000000e+01 0.00000000e+00 3.96000000e+01 4.61889888e+00 3.96000000e+01 -4.69960196e+00
 3.99000000e+01 0.00000000e+00 3.99000000e+01 4.23888971e+00 3.99000000e+01 -4.69452768e+00
 4.02000000e+01 0.00000000e+00 4.02000000e+01 6.32758152e+00 4.02000000e+01 -1.88279806e+00
 4.05000000e+01 0.00000000e+00 4.05000000e+01 5.50941034e+00 4.05000000e+01 -1.22526993e+00
 4.08000000e+01 0.00000000e+00 4.08000000e+01 5.84756365e+00 4.08000000e+01 -7.51491092e-01
 4.11000000e+01 0.00000000e+00 4.11000000e+01 5.50200911e+00 4.11000000e+01 -1.16703566e+00
 4.14000000e+01 0.00000000e+00 4.14000000e+01 5.88416341e+00 4.14000000e+01 -1.42658159e+00
 4.17000000e+01 0.00000000e+00 4.17000000e+01 5.74072729e+00 4.17000000e+01 -9.97520014e-01
 4.20000000e+01 0.00000000e+00 4.20000000e+01 6.36479226e+00 4.20000000e+01 -9.57894634e-01
 4.23000000e+01 0.00000000e+00 4.23000000e+01 6.04019697e+00 4.23000000e+01 -1.15379032e+00
 4.26000000e+01 0.00000000e+00 4.26000000e+01 5.93548356e+00 4.26000000e+01 -1.11042841e+00
 4.29000000e+01 0.00000000e+00 4.29000000e+01 5.66982583e+00 4.29000000e+01 -2.02370311e+00
 4.32000000e+01 0.00000000e+00 4.32000000e+01 5.45925989e+00 4.32000000e+01 -1.09681492e+00
 4.35000000e+01 0.00000000e+00 4.35000000e+01 6.06801699e+00 4.35000000e+01 -6.92283452e-01
 4.38000000e+01 0.00000000e+00 4.38000000e+01 6.86361442e+00 4.38000000e+01 -1.16926269e+00
 4.41000000e+01 0.00000000e+00 4.41000000e+01 5.52573472e+00 4.41000000e+01 -1.62577646e+00
 4.44000000e+01 0.00000000e+00 4.44000000e+01 6.38373504e+00 4.44000000e+01 -1.34208938e+00
 4.47000000e+01 0.00000000e+00 4.47000000e+01 6.17318912e+00 4.47000000e+01 -5.92867676e-01
 4.50000000e+01 0.00000000e+00 4.50000000e+01 5.96733254e+00 4.50000000e+01 -2.12455797e-01
 4.53000000e+01 0.00000000e+00 4.53000000e+01 6.27072265e+00 4.53000000e+01 -1.29177628e+00
 4.56000000e+01 0.00000000e+00 4.56000000e+01 6.01461894e+00 4.56000000e+01 -1.33075999e+00
 4.59000000e+01 0.00000000e+00 4.59000000e+01 5.96554001e+00 4.59000000e+01 -9.54890010e-01
 4.62000000e+01 0.00000000e+00 4.62000000e+01 6.34331644e+00 4.62000000e+01 -1.30709066e+00
 4.65000000e+01 0.00000000e+00 4.65000000e+01 5.82995019e+00 4.65000000e+01 -7.31633105e-01
 4.68000000e+01 0.00000000e+00 4.68000000e+01 5.99071492e+00 4.68000000e+01 -1.32691528e+00
 4.71000000e+01 0.00000000e+00 4.71000000e+01 5.83582402e+00 4.71000000e+01 -1.49595954e+00
 4.74000000e+01 0.00000000e+00 4.74000000e+01 5.76713947e+00 4.74000000e+01 -1.01262842e+00
 4.77000000e+01 0.00000000e+00 4.77000000e+01 6.11398635e+00 4.77000000e+01 -1.19432511e+00
 4.80000000e+01 0.00000000e+00 4.80000000e+01 6.24199523e+00 4.80000000e+01 -8.45956055e-01
 4.83000000e+01 0.00000000e+00 4.83000000e+01 5.68734214e+00 4.83000000e+01 -1.43876986e+00
 4.86000000e+01 0.00000000e+00 4.86000000e+01 6.35233020e+00 4.86000000e+01 -1.12093144e+00
 4.89000000e+01 0.00000000e+00 4.89000000e+01 5.87360534e+00 4.89000000e+01 -7.67412057e-01
 4.92000000e+01 0.00000000e+00 4.92000000e+01 6.63195256e+00 4.92000000e+01 -1.26917034e+00
 4.95000000e+01 0.00000000e+00 4.95000000e+01 5.73737705e+00 4.95000000e+01 -7.48869103e-01
 4.98000000e+01 0.00000000e+00 4.98000000e+01 6.15544192e+00 4.98000000e+01 -9.81726793e-01
 5.01000000e+01 0.00000000e+00 5.01000000e+01 4.02360724e+00 5.01000000e+01 -3.57613539e+00
 5.04000000e+01 0.00000000e+00 5.04000000e+01 3.92772986e+00 5.04000000e+01 -4.11018358e+00
 5.07000000e+01 0.00000000e+00 5.07000000e+01 3.65594707e+00 5.07000000e+01 -3.58819012e+00
 5.10000000e+01 0.00000000e+00 5.10000000e+01 3.83148209e+00 5.10000000e+01 -3.66919549e+00
 5.13000000e+01 0.00000000e+00 5.13000000e+01 4.23515983e+00 5.13000000e+01 -3.80457260e+00
 5.16000000e+01 0.00000000e+00 5.16000000e+01 4.74378961e+00 5.16000000e+01 -4.54062956e+00
 5.19000000e+01 0.00000000e+00 5.19000000e+01 4.23712731e+00 5.19000000e+01 -4.06160334e+00
 5.22000000e+01 0.00000000e+00 5.22000000e+01 4.35029793e+00 5.22000000e+01 -4.01403001e+00
 5.25000000e+01 0.00000000e+00 5.25000000e+01 4.02732781e+00 5.25000000e+01 -4.34176881e+00
 5.28000000e+01 0.00000000e+00 5.28000000e+01 4.04326285e+00 5.28000000e+01 -3.33528752e+00
 5.31000000e+01 0.00000000e+00 5.31000000e+01 4.62841538e+00 5.31000000e+01 -3.83855497e+00
 5.34000000e+01 0.00000000e+00 5.34000000e+01 4.48072203e+00 5.34000000e+01 -3.62335616e+00
 5.37000000e+01 0.00000000e+00 5.37000000e+01 4.24102133e+00 5.37000000e+01 -4.04900102e+00
 5.40000000e+01 0.00000000e+00 5.40000000e+01 4.23051110e+00 5.40000000e+01 -4.16082144e+00
 5.43000000e+01 0.00000000e+00 5.43000000e+01 4.26792911e+00 5.43000000e+01 -4.12576456e+00
 5.46000000e+01 0.00000000e+00 5.46000000e+01 4.36423319e+00 5.46000000e+01 -4.35582008e+00
 5.49000000e+01 0.00000000e+00 5.49000000e+01 4.86560606e+00 5.49000000e+01 -3.68726266e+00
 5.52000000e+01 0.00000000e+00 5.52000000e+01 8.07470904e+00 5.52000000e+01 -4.71967487e+00
 5.55000000e+01 0.00000000e+00 5.55000000e+01 7.05907302e+00 5.55000000e+01 -4.77225085e+00
 5.58000000e+01 0.00000000e+00 5.58000000e+01 7.52815237e+00 5.58000000e+01 -4.95467045e+00
 5.61000000e+01 0.00000000e+00 5.61000000e+01 6.74263853e+00 5.61000000e+01 -5.08327659e+00
 5.64000000e+01 0.00000000e+00 5.64000000e+01 7.89236203e+00 5.64000000e+01 -5.26103560e+00
 5.67000000e+01 0.00000000e+00 5.67000000e+01 7.12895295e+00 5.67000000e+01 -5.47390420e+00
 5.70000000e+01 0.00000000e+00 5.70000000e+01 7.25266361e+00 5.70000000e+01 -5.09730932e+00
 5.73000000e+01 0.00000000e+00 5.73000000e+01 7.35390187e+00 5.73000000e+01 -4.99598763e+00
 5.76000000e+01 0.00000000e+00 5.76000000e+01 7.31281579e+00 5.76000000e+01 -4.98961885e+00
 5.79000000e+01 0.00000000e+00 5.79000000e+01 7.32292442e+00 5.79000000e+01 -5.06855214e+00
 5.82000000e+01 0.00000000e+00 5.82000000e+01 8.15729269e+00 5.82000000e+01 -4.82481723e+00
 5.85000000e+01 0.00000000e+00 5.85000000e+01 6.74357000e+00 5.85000000e+01 -4.62028590e+00
 5.88000000e+01 0.00000000e+00 5.88000000e+01 7.84219121e+00 5.88000000e+01 -4.96835429e+00
 5.91000000e+01 0.00000000e+00 5.91000000e+01 7.00199559e+00 5.91000000e+01 -5.49391916e+00
 5.94000000e+01 0.00000000e+00 5.94000000e+01 7.57128526e+00 5.94000000e+01 -5.11333273e+00
 5.97000000e+01 0.00000000e+00 5.97000000e+01 6.97085754e+00 5.97000000e+01 -5.13551243e+00
