 0.00000000e+00 0.00000000e+00 0.00000000e+00 4.73795805e+00 0.00000000e+00 -5.34359732e+00
 3.00000000e-01 0.00000000e+00 3.00000000e-01 4.49936094e+00 3.00000000e-01 -4.99123012e+00
 6.00000000e-01 0.00000000e+00 6.00000000e-01 4.21997705e+00 6.00000000e-01 -4.70615347e+00
 9.00000000e-01 0.00000000e+00 9.00000000e-01 4.05812848e+00 9.00000000e-01 -5.25489982e+00
 1.20000000e+00 0.00000000e+00 1.20000000e+00 4.92245062e+00 1.20000000e+00 -4.53085406e+00
 1.50000000e+00 0.00000000e+00 1.50000000e+00 4.40010981e+00 1.50000000e+00 -5.08192663e+00
 1.80000000e+00 0.00000000e+00 1.80000000e+00 4.45638060e+00 1.80000000e+00 -5.20662063e+00
 2.10000000e+00 0.00000000e+00 2.10000000e+00 4.49202774e+00 2.10000000e+00 -4.69507499e+00
 2.40000000e+00 0.00000000e+00 2.40000000e+00 4.54845317e+00 2.40000000e+00 -5.13997111e+00
 2.70000000e+00 0.00000000e+00 2.70000000e+00 4.46696358e+00 2.70000000e+00 -5.56018349e+00
 3.00000000e+00 0.00000000e+00 3.00000000e+00 4.18805305e+00 3.00000000e+00 -4.50029930e+00
 3.30000000e+00 0.00000000e+00 3.30000000e+00 4.72134248e+00 3.30000000e+00 -5.29855955e+00
 3.60000000e+00 0.00000000e+00 3.60000000e+00 3.77702653e+00 3.60000000e+00 -4.74122910e+00
 3.90000000e+00 0.00000000e+00 3.90000000e+00 4.63201896e+00 3.90000000e+00 -4.82826409e+00
 4.20000000e+00 0.00000000e+00 4.20000000e+00 4.31408176e+00 4.20000000e+00 -5.22146673e+00
 4.50000000e+00 0.00000000e+00 4.50000000e+00 5.11972627e+00 4.50000000e+00 -5.08004022e+00
 4.80000000e+00 0.00000000e+00 4.80000000e+00 4.53972954e+00 4.80000000e+00 -5.10383978e+00
 5.10000000e+00 0.00000000e+00 5.10000000e+00 4.42212628e+00 5.10000000e+00 -4.34919880e+00
 5.40000000e+00 0.00000000e+00 5.40000000e+00 4.11253118e+00 5.40000000e+00 -4.41229654e+00
 5.70000000e+00 0.00000000e+00 5.70000000e+00 4.35599059e+00 5.70000000e+00 -5.23195042e+00
 6.00000000e+00 0.00000000e+00 6.00000000e+00 3.99079812e+00 6.00000000e+00 -4.63358321e+00
 6.30000000e+00 0.00000000e+00 6.30000000e+00 3.95213981e+00 6.30000000e+00 -4.88052976e+00
 6.60000000e+00 0.00000000e+00 6.60000000e+00 4.13806129e+00 6.60000000e+00 -4.71485032e+00
 6.90000000e+00 0.00000000e+00 6.90000000e+00 3.99198946e+00 6.90000000e+00 -4.79002104e+00
 7.20000000e+00 0.00000000e+00 7.20000000e+00 4.23342815e+00 7.20000000e+00 -4.92801429e+00
 7.50000000e+00 0.00000000e+00 7.50000000e+00 4.02205893e+00 7.50000000e+00 -4.90265905e+00
 7.80000000e+00 0.00000000e+00 7.80000000e+00 4.39042837e+00 7.80000000e+00 -4.92886445e+00
 8.10000000e+00 0.00000000e+00 8.10000000e+00 4.53550633e+00 8.10000000e+00 -4.92767385e+00
 8.40000000e+00 0.00000000e+00 8.40000000e+00 4.73505475e+00 8.40000000e+00 -5.08125452e+00
 8.70000000e+00 0.00000000e+00 8.70000000e+00 4.17451158e+00 8.70000000e+00 -4.45863382e+00
 9.00000000e+00 0.00000000e+00 9.00000000e+00 4.15231350e+00 9.00000000e+00 -4.55201840e+00
 9.30000000e+00 0.00000000e+00 9.30000000e+00 3.92949226e+00 9.30000000e+00 -4.43938248e+00
 9.60000000e+00 0.00000000e+00 9.60000000e+00 4.47370809e+00 9.60000000e+00 -5.24471495e+00
 9.90000000e+00 0.00000000e+00 9.90000000e+00 3.66562084e+00 9.90000000e+00 -5.12408085e+00
 1.02000000e+01 0.00000000e+00 1.02000000e+01 4.67561986e+00 1.02000000e+01 -5.31406051e+00
 1.05000000e+01 0.00000000e+00 1.05000000e+01 4.37342389e+00 1.05000000e+01 -5.56912797e+00
 1.08000000e+01 0.00000000e+00 1.08000000e+01 4.43525280e+00 1.08000000e+01 -4.91002556e+00
 1.11000000e+01 0.00000000e+00 1.11000000e+01 5.24586221e+00 1.11000000e+01 -4.29472765e+00
 1.14000000e+01 0.00000000e+00 1.14000000e+01 3.82884453e+00 1.14000000e+01 -4.94410930e+00
 1.17000000e+01 0.00000000e+00 1.17000000e+01 4.37011758e+00 1.17000000e+01 -5.58573926e+00
 1.20000000e+01 0.00000000e+00 1.20000000e+01 4.31006190e+00 1.20000000e+01 -5.13184969e+00
 1.23000000e+01 0.00000000e+00 1.23000000e+01 4.44764495e+00 1.23000000e+01 -4.79092189e+00
 1.26000000e+01 0.00000000e+00 1.26000000e+01 4.34064112e+00 1.26000000e+01 -4.84087775e+00
 1.29000000e+01 0.00000000e+00 1.29000000e+01 4.36254971e+00 1.29000000e+01 -4.78491265e+00
 1.32000000e+01 0.00000000e+00 1.32000000e+01 4.63576625e+00 1.32000000e+01 -5.12613752e+00
 1.35000000e+01 0.00000000e+00 1.35000000e+01 4.54406433e+00 1.35000000e+01 -4.85672958e+00
 1.38000000e+01 0.00000000e+00 1.38000000e+01 4.22415190e+00 1.38000000e+01 -4.61029144e+00
 1.41000000e+01 0.00000000e+00 1.41000000e+01 4.05143529e+00 1.41000000e+01 -5.52908678e+00
 1.44000000e+01 0.00000000e+00 1.44000000e+01 3.99151364e+00 1.44000000e+01 -4.56817731e+00
 1.47000000e+01 0.00000000e+00 1.47000000e+01 4.03905180e+00 1.47000000e+01 -5.08480112e+00
 1.50000000e+01 0.00000000e+00 1.50000000e+01 4.31114062e+00 1.50000000e+01 -4.46946047e+00
 1.53000000e+01 0.00000000e+00 1.53000000e+01 3.08182927e+00 1.53000000e+01 -3.90446918e+00
 1.56000000e+01 0.00000000e+00 1.56000000e+01 4.01659096e+00 1.56000000e+01 -3.57699455e+00
 1.59000000e+01 0.00000000e+00 1.59000000e+01 3.58568724e+00 1.59000000e+01 -3.96196579e+00
 1.62000000e+01 0.00000000e+00 1.62000000e+01 4.62367152e+00 1.62000000e+01 -3.21100478e+00
 1.65000000e+01 0.00000000e+00 1.65000000e+01 3.08620637e+00 1.65000000e+01 -3.71926248e+00
 1.68000000e+01 0.00000000e+00 1.68000000e+01 4.06051220e+00 1.68000000e+01 -4.21641599e+00
 1.71000000e+01 0.00000000e+00 1.71000000e+01 3.59543303e+00 1.71000000e+01 -2.95521490e+00
 1.74000000e+01 0.00000000e+00 1.74000000e+01 3.77097286e+00 1.74000000e+01 -4.23952798e+00
 1.77000000e+01 0.00000000e+00 1.77000000e+01 3.54223437e+00 1.77000000e+01 -3.89914876e+00
 1.80000000e+01 0.00000000e+00 1.80000000e+01 3.87535165e+00 1.80000000e+01 -3.88186526e+00
 1.83000000e+01 0.00000000e+00 1.83000000e+01 3.40778942e+00 1.83000000e+01 -4.13596331e+00
 1.86000000e+01 0.00000000e+00 1.86000000e+01 3.29766900e+00 1.86000000e+01 -3.52732011e+00
 1.89000000e+01 0.00000000e+00 1.89000000e+01 3.77310304e+00 1.89000000e+01 -3.94501123e+00
 1.92000000e+01 0.00000000e+00 1.92000000e+01 3.86693244e+00 1.92000000e+01 -3.76912941e+00
 1.95000000e+01 0.00000000e+00 1.95000000e+01 3.85989791e+00 1.95000000e+01 -3.88928436e+00
 1.98000000e+01 0.00000000e+00 1.98000000e+01 3.48566308e+00 1.98000000e+01 -4.12149248e+00
 2.01000000e+01 0.00000000e+00 2.01000000e+01 3.80315036e+00 2.01000000e+01 -3.78381795e+00
 2.04000000e+01 0.00000000e+00 2.04000000e+01 3.88041277e+00 2.04000000e+01 -3.26440357e+00
 2.07000000e+01 0.00000000e+00 2.07000000e+01 3.19035824e+00 2.07000000e+01 -3.40884456e+00
 2.10000000e+01 0.00000000e+00 2.10000000e+01 3.57734572e+00 2.10000000e+01 -4.13236480e+00
 2.13000000e+01 0.00000000e+00 2.13000000e+01 3.14229257e+00 2.13000000e+01 -3.47357168e+00
 2.16000000e+01 0.00000000e+00 2.16000000e+01 3.20231497e+00 2.16000000e+01 -3.62282864e+00
 2.19000000e+01 0.00000000e+00 2.19000000e+01 3.77466361e+00 2.19000000e+01 -4.10613668e+00
 2.22000000e+01 0.00000000e+00 2.22000000e+01 3.66257281e+00 2.22000000e+01 -3.40593440e+00
 2.25000000e+01 0.00000000e+00 2.25000000e+01 3.89981977e+00 2.25000000e+01 -3.72238794e+00
 2.28000000e+01 0.00000000e+00 2.28000000e+01 3.69351043e+00 2.28000000e+01 -3.62849488e+00
 2.31000000e+01 0.00000000e+00 2.31000000e+01 2.99391477e+00 2.31000000e+01 -3.46854687e+00
 2.34000000e+01 0.00000000e+00 2.34000000e+01 3.48368594e+00 2.34000000e+01 -3.71711172e+00
 2.37000000e+01 0.00000000e+00 2.37000000e+01 3.18171323e+00 2.37000000e+01 -3.99008860e+00
 2.40000000e+01 0.00000000e+00 2.40000000e+01 4.19680650e+00 2.40000000e+01 -3.79698545e+00
 2.43000000e+01 0.00000000e+00 2.43000000e+01 3.55618397e+00 2.43000000e+01 -3.95584855e+00
 2.46000000e+01 0.00000000e+00 2.46000000e+01 3.21427716e+00 2.46000000e+01 -3.75912300e+00
 2.49000000e+01 0.00000000e+00 2.49000000e+01 3.23737258e+00 2.49000000e+01 -3.54183349e+00
 2.52000000e+01 0.00000000e+00 2.52000000e+01 1.54047917e+00 2.52000000e+01 -5.36498064e+00
 2.55000000e+01 0.00000000e+00 2.55000000e+01 1.86688431e+00 2.55000000e+01 -5.64331724e+00
 2.58000000e+01 0.00000000e+00 2.58000000e+01 1.87971164e+00 2.58000000e+01 -4.99962756e+00
 2.61000000e+01 0.00000000e+00 2.61000000e+01 1.87026269e+00 2.61000000e+01 -4.53688988e+00
 2.64000000e+01 0.00000000e+00 2.64000000e+01 2.18553161e+00 2.64000000e+01 -5.02643568e+00
 2.67000000e+01 0.00000000e+00 2.67000000e+01 2.42850244e+00 2.67000000e+01 -5.56417462e+00
 2.70000000e+01 0.00000000e+00 2.70000000e+01 2.06393778e+00 2.70000000e+01 -5.23416442e+00
 2.73000000e+01 0.00000000e+00 2.73000000e+01 1.75852534e+00 2.73000000e+01 -5.49829355e+00
 2.76000000e+01 0.00000000e+00 2.76000000e+01 1.61864975e+00 2.76000000e+01 -4.87113505e+00
 2.79000000e+01 0.00000000e+00 2.79000000e+01 2.26287206e+00 2.79000000e+01 -4.96761760e+00
 2.82000000e+01 0.00000000e+00 2.82000000e+01 2.43945633e+00 2.82000000e+01 -5.08658994e+00
 2.85000000e+01 0.00000000e+00 2.85000000e+01 1.97639730e+00 2.85000000e+01 -6.03572137e+00
 2.88000000e+01 0.00000000e+00 2.88000000e+01 1.93974309e+00 2.88000000e+01 -5.74630561e+00
 2.91000000e+01 0.00000000e+00 2.91000000e+01 1.62159089e+00 2.91000000e+01 -4.78650373e+00
 2.94000000e+01 0.00000000e+00 2.94000000e+01 1.32511869e+00 2.94000000e+01 -5.18849398e+00
 2.97000000e+01 0.00000000e+00 2.97000000e+01 1.60730073e+00 2.97000000e+01 -5.21226641e+00
 3.00000000e+01 0.00000000e+00 3.00000000e+01 2.30470517e+00 3.00000000e+01 -4.71030229e+00
 3.03000000e+01 0.00000000e+00 3.03000000e+01 2.00501722e+00 3.03000000e+01 -5.70571641e+00
 3.06000000e+01 0.00000000e+00 3.06000000e+01 2.13902788e+00 3.06000000e+01 -5.13656441e+00
 3.09000000e+01 0.00000000e+00 3.09000000e+01 2.00645315e+00 3.09000000e+01 -5.52831834e+00
 3.12000000e+01 0.00000000e+00 3.12000000e+01 2.04079001e+00 3.12000000e+01 -5.58012410e+00
 3.15000000e+01 0.00000000e+00 3.15000000e+01 2.39015040e+00 3.15000000e+01 -5.81942049e+00
 3.18000000e+01 0.00000000e+00 3.18000000e+01 2.29775044e+00 3.18000000e+01 -5.42375641e+00
 3.21000000e+01 0.00000000e+00 3.21000000e+01 2.22044643e+00 3.21000000e+01 -5.70823080e+00
 3.24000000e+01 0.00000000e+00 3.24000000e+01 1.99474086e+00 3.24000000e+01 -5.06505932e+00
 3.27000000e+01 0.00000000e+00 3.27000000e+01 1.66896025e+00 3.27000000e+01 -5.18165234e+00
 3.30000000e+01 0.00000000e+00 3.30000000e+01 2.28832665e+00 3.30000000e+01 -4.92260297e+00
 3.33000000e+01 0.00000000e+00 3.33000000e+01 1.55966832e+00 3.33000000e+01 -5.11666292e+00
 3.36000000e+01 0.00000000e+00 3.36000000e+01 1.87204400e+00 3.36000000e+01 -6.04915163e+00
 3.39000000e+01 0.00000000e+00 3.39000000e+01 1.85600549e+00 3.39000000e+01 -5.52561699e+00
 3.42000000e+01 0.00000000e+00 3.42000000e+01 1.81520942e+00 3.42000000e+01 -5.50497520e+00
 3.45000000e+01 0.00000000e+00 3.45000000e+01 1.90040825e+00 3.45000000e+01 -5.16904149e+00
 3.48000000e+01 0.00000000e+00 3.48000000e+01 1.61187842e+00 3.48000000e+01 -5.33884283e+00
 3.51000000e+01 0.00000000e+00 3.51000000e+01 3.15752026e+00 3.51000000e+01 -1.98268699e+00
 3.54000000e+01 0.00000000e+00 3.54000000e+01 2.58647148e+00 3.54000000e+01 -1.65764793e+00
 3.57000000e+01 0.00000000e+00 3.57000000e+01 3.32997264e+00 3.57000000e+01 -1.59350396e+00
 3.60000000e+01 0.00000000e+00 3.60000000e+01 3.07241064e+00 3.60000000e+01 -2.12982111e+00
 3.63000000e+01 0.00000000e+00 3.63000000e+01 2.31576087e+00 3.63000000e+01 -1.85865508e+00
 3.66000000e+01 0.00000000e+00 3.66000000e+01 3.21951987e+00 3.66000000e+01 -1.62826405e+00
 3.69000000e+01 0.00000000e+00 3.69000000e+01 3.11748493e+00 3.69000000e+01 -1.96883091e+00
 3.72000000e+01 0.00000000e+00 3.72000000e+01 2.91047857e+00 3.72000000e+01 -2.39980881e+00
 3.75000000e+01 0.00000000e+00 3.75000000e+01 3.45253084e+00 3.75000000e+01 -2.37103056e+00
 3.78000000e+01 0.00000000e+00 3.78000000e+01 2.48441057e+00 3.78000000e+01 -2.11445473e+00
 3.81000000e+01 0.00000000e+00 3.81000000e+01 3.05537703e+00 3.81000000e+01 -2.39347364e+00
 3.84000000e+01 0.00000000e+00 3.84000000e+01 2.82422189e+00 3.84000000e+01 -1.87702399e+00
 3.87000000e+01 0.00000000e+00 3.87000000e+01 2.79894277e+00 3.87000000e+01 -1.19115407e+00
 3.90000000e+01 0.00000000e+00 3.90000000e+01 2.64134270e+00 3.90000000e+01 -2.02338097e+00
 3.93000000e+01 0.00000000e+00 3.93000000e+01 3.23294490e+00 3.93000000e+01 -2.19964485e+00
 3.96000000e+01 0.00000000e+00 3.96000000e+01 3.40944833e+00 3.96000000e+01 -2.29549610e+00
 3.99000000e+01 0.00000000e+00 3.99000000e+01 3.07087461e+00 3.99000000e+01 -1.83873894e+00
 4.02000000e+01 0.00000000e+00 4.02000000e+01 4.83950715e+00 4.02000000e+01 -4.01689265e+00
 4.05000000e+01 0.00000000e+00 4.05000000e+01 4.70182626e+00 4.05000000e+01 -3.85747517e+00
 4.08000000e+01 0.00000000e+00 4.08000000e+01 4.44975832e+00 4.08000000e+01 -3.54681796e+00
 4.11000000e+01 0.00000000e+00 4.11000000e+01 4.03377917e+00 4.11000000e+01 -3.72130459e+00
 4.14000000e+01 0.00000000e+00 4.14000000e+01 4.79445942e+00 4.14000000e+01 -3.89196301e+00
 4.17000000e+01 0.00000000e+00 4.17000000e+01 4.34981133e+00 4.17000000e+01 -3.43162372e+00
 4.20000000e+01 0.00000000e+00 4.20000000e+01 4.55207365e+00 4.20000000e+01 -3.82363392e+00
 4.23000000e+01 0.00000000e+00 4.23000000e+01 4.98864192e+00 4.23000000e+01 -4.77796688e+00
 4.26000000e+01 0.00000000e+00 4.26000000e+01 4.59004116e+00 4.26000000e+01 -3.82389642e+00
 4.29000000e+01 0.00000000e+00 4.29000000e+01 5.05283275e+00 4.29000000e+01 -3.71485959e+00
 4.32000000e+01 0.00000000e+00 4.32000000e+01 4.12793148e+00 4.32000000e+01 -4.38423745e+00
 4.35000000e+01 0.00000000e+00 4.35000000e+01 4.44258221e+00 4.35000000e+01 -3.66647440e+00
 4.38000000e+01 0.00000000e+00 4.38000000e+01 4.50370629e+00 4.38000000e+01 -4.08924516e+00
 4.41000000e+01 0.00000000e+00 4.41000000e+01 4.49222662e+00 4.41000000e+01 -3.67405679e+00
 4.44000000e+01 0.00000000e+00 4.44000000e+01 4.13463058e+00 4.44000000e+01 -3.31424452e+00
 4.47000000e+01 0.00000000e+00 4.47000000e+01 4.89706684e+00 4.47000000e+01 -3.87602348e+00
 4.50000000e+01 0.00000000e+00 4.50000000e+01 4.83398311e+00 4.50000000e+01 -3.53409574e+00
 4.53000000e+01 0.00000000e+00 4.53000000e+01 4.57118121e+00 4.53000000e+01 -3.47208614e+00
 4.56000000e+01 0.00000000e+00 4.56000000e+01 3.96086099e+00 4.56000000e+01 -3.74740411e+00
 4.59000000e+01 0.00000000e+00 4.59000000e+01 4.36843863e+00 4.59000000e+01 -3.89947861e+00
 4.62000000e+01 0.00000000e+00 4.62000000e+01 4.56524884e+00 4.62000000e+01 -3.92795861e+00
 4.65000000e+01 0.00000000e+00 4.65000000e+01 4.93794229e+00 4.65000000e+01 -3.88543896e+00
 4.68000000e+01 0.00000000e+00 4.68000000e+01 4.08466529e+00 4.68000000e+01 -3.56431956e+00
 4.71000000e+01 0.00000000e+00 4.71000000e+01 4.30214652e+00 4.71000000e+01 -4.04105411e+00
 4.74000000e+01 0.00000000e+00 4.74000000e+01 3.82855637e+00 4.74000000e+01 -4.26369019e+00
 4.77000000e+01 0.00000000e+00 4.77000000e+01 4.23622339e+00 4.77000000e+01 -3.25918082e+00
 4.80000000e+01 0.00000000e+00 4.80000000e+01 4.40664222e+00 4.80000000e+01 -4.00708510e+00
 4.83000000e+01 0.00000000e+00 4.83000000e+01 4.38550429e+00 4.83000000e+01 -3.92838470e+00
 4.86000000e+01 0.00000000e+00 4.86000000e+01 4.69539955e+00 4.86000000e+01 -3.79361041e+00
 4.89000000e+01 0.00000000e+00 4.89000000e+01 3.85254935e+00 4.89000000e+01 -3.54552931e+00
 4.92000000e+01 0.00000000e+00 4.92000000e+01 4.95732209e+00 4.92000000e+01 -2.96737917e+00
 4.95000000e+01 0.00000000e+00 4.95000000e+01 4.95504478e+00 4.95000000e+01 -3.58686823e+00
 4.98000000e+01 0.00000000e+00 4.98000000e+01 4.19221926e+00 4.98000000e+01 -3.59970504e+00
 5.01000000e+01 0.00000000e+00 5.01000000e+01 4.48802414e+00 5.01000000e+01 -4.67239221e+00
 5.04000000e+01 0.00000000e+00 5.04000000e+01 4.65412368e+00 5.04000000e+01 -4.91306602e+00
 5.07000000e+01 0.00000000e+00 5.07000000e+01 4.64192735e+00 5.07000000e+01 -3.88500134e+00
 5.10000000e+01 0.00000000e+00 5.10000000e+01 4.63628822e+00 5.10000000e+01 -4.72610372e+00
 5.13000000e+01 0.00000000e+00 5.13000000e+01 5.35273258e+00 5.13000000e+01 -4.81415768e+00
 5.16000000e+01 0.00000000e+00 5.16000000e+01 4.69877808e+00 5.16000000e+01 -4.97291376e+00
 5.19000000e+01 0.00000000e+00 5.19000000e+01 4.36244574e+00 5.19000000e+01 -5.06009115e+00
 5.22000000e+01 0.00000000e+00 5.22000000e+01 4.38550867e+00 5.22000000e+01 -5.07713776e+00
 5.25000000e+01 0.00000000e+00 5.25000000e+01 4.24958373e+00 5.25000000e+01 -5.51130411e+00
 5.28000000e+01 0.00000000e+00 5.28000000e+01 4.58492969e+00 5.28000000e+01 -5.15980694e+00
 5.31000000e+01 0.00000000e+00 5.31000000e+01 4.84375484e+00 5.31000000e+01 -4.46352818e+00
 5.34000000e+01 0.00000000e+00 5.34000000e+01 4.88704636e+00 5.34000000e+01 -4.60369375e+00
 5.37000000e+01 0.00000000e+00 5.37000000e+01 5.10442346e+00 5.37000000e+01 -4.73296219e+00
 5.40000000e+01 0.00000000e+00 5.40000000e+01 4.54394924e+00 5.40000000e+01 -5.10292356e+00
 5.43000000e+01 0.00000000e+00 5.43000000e+01 4.67092643e+00 5.43000000e+01 -4.72263646e+00
 5.46000000e+01 0.00000000e+00 5.46000000e+01 4.56749720e+00 5.46000000e+01 -4.76835503e+00
 5.49000000e+01 0.00000000e+00 5.49000000e+01 4.16551461e+00 5.49000000e+01 -4.46805511e+00
 5.52000000e+01 0.00000000e+00 5.52000000e+01 4.68917912e+00 5.52000000e+01 -4.17528997e+00
 5.55000000e+01 0.00000000e+00 5.55000000e+01 4.08918602e+00 5.55000000e+01 -5.11494879e+00
 5.58000000e+01 0.00000000e+00 5.58000000e+01 4.53465159e+00 5.58000000e+01 -4.78922894e+00
 5.61000000e+01 0.00000000e+00 5.61000000e+01 4.93135461e+00 5.61000000e+01 -5.33009525e+00
 5.64000000e+01 0.00000000e+00 5.64000000e+01 4.26989402e+00 5.64000000e+01 -5.06495571e+00
 5.67000000e+01 0.00000000e+00 5.67000000e+01 4.35607205e+00 5.67000000e+01 -4.82092392e+00
 5.70000000e+01 0.00000000e+00 5.70000000e+01 4.42951674e+00 5.70000000e+01 -5.11537393e+00
 5.73000000e+01 0.00000000e+00 5.73000000e+01 4.52154832e+00 5.73000000e+01 -5.31912091e+00
 5.76000000e+01 0.00000000e+00 5.76000000e+01 4.41555355e+00 5.76000000e+01 -5.53156597e+00
 5.79000000e+01 0.00000000e+00 5.79000000e+01 4.53235473e+00 5.79000000e+01 -5.29149140e+00
 5.82000000e+01 0.00000000e+00 5.82000000e+01 4.64249333e+00 5.82000000e+01 -4.76113464e+00
 5.85000000e+01 0.00000000e+00 5.85000000e+01 4.62450250e+00 5.85000000e+01 -5.34154561e+00
 5.88000000e+01 0.00000000e+00 5.88000000e+01 4.39867918e+00 5.88000000e+01 -5.37319329e+00
 5.91000000e+01 0.00000000e+00 5.91000000e+01 3.86575193e+00 5.91000000e+01 -4.95600166e+00
 5.94000000e+01 0.00000000e+00 5.94000000e+01 4.52211625e+00 5.94000000e+01 -5.07153512e+00
 5.97000000e+01 0.00000000e+00 5.97000000e+01 4.97323860e+00 5.97000000e+01 -5.56420823e+00
