 0.00000000e+00 0.00000000e+00 0.00000000e+00 7.52163417e+00 0.00000000e+00 -4.78413496e+00
 3.00000000e-01 0.00000000e+00 3.00000000e-01 7.61582574e+00 3.00000000e-01 -4.53649941e+00
 6.00000000e-01 0.00000000e+00 6.00000000e-01 7.62168833e+00 6.00000000e-01 -4.87606245e+00
 9.00000000e-01 0.00000000e+00 9.00000000e-01 6.91515584e+00 9.00000000e-01 -4.55611325e+00
 1.20000000e+00 0.00000000e+00 1.20000000e+00 6.81484333e+00 1.20000000e+00 -4.84303793e+00
 1.50000000e+00 0.00000000e+00 1.50000000e+00 7.52086908e+00 1.50000000e+00 -4.60930195e+00
 1.80000000e+00 0.00000000e+00 1.80000000e+00 7.50712473e+00 1.80000000e+00 -4.39358132e+00
 2.10000000e+00 0.00000000e+00 2.10000000e+00 7.64359656e+00 2.10000000e+00 -5.22645054e+00
 2.40000000e+00 0.00000000e+00 2.40000000e+00 7.55777608e+00 2.40000000e+00 -4.45698792e+00
 2.70000000e+00 0.00000000e+00 2.70000000e+00 7.06302610e+00 2.70000000e+00 -4.08955476e+00
 3.00000000e+00 0.00000000e+00 3.00000000e+00 6.57943044e+00 3.00000000e+00 -4.53429026e+00
 3.30000000e+00 0.00000000e+00 3.30000000e+00 7.57056259e+00 3.30000000e+00 -4.19702147e+00
 3.60000000e+00 0.00000000e+00 3.60000000e+00 7.04088933e+00 3.60000000e+00 -4.77776370e+00
 3.90000000e+00 0.00000000e+00 3.90000000e+00 7.19393658e+00 3.90000000e+00 -5.23344294e+00
 4.20000000e+00 0.00000000e+00 4.20000000e+00 7.11052854e+00 4.20000000e+00 -3.92090124e+00
 4.50000000e+00 0.00000000e+00 4.50000000e+00 7.38208524e+00 4.50000000e+00 -5.09138592e+00
 4.80000000e+00 0.00000000e+00 4.80000000e+00 6.87998718e+00 4.80000000e+00 -4.78443577e+00
 5.10000000e+00 0.00000000e+00 5.10000000e+00 7.08518622e+00 5.10000000e+00 -4.17073033e+00
 5.40000000e+00 0.00000000e+00 5.40000000e+00 7.51373955e+00 5.40000000e+00 -4.80307588e+00
 5.70000000e+00 0.00000000e+00 5.70000000e+00 6.62774245e+00 5.70000000e+00 -5.00509564e+00
 6.00000000e+00 0.00000000e+00 6.00000000e+00 7.16843622e+00 6.00000000e+00 -5.12181090e+00
 6.30000000e+00 0.00000000e+00 6.30000000e+00 7.27570603e+00 6.30000000e+00 -4.82050193e+00
 6.60000000e+00 0.00000000e+00 6.60000000e+00 7.55093254e+00 6.60000000e+00 -4.30958168e+00
 6.90000000e+00 0.00000000e+00 6.90000000e+00 7.15417466e+00 6.90000000e+00 -4.45179096e+00
 7.20000000e+00 0.00000000e+00 7.20000000e+00 6.53491750e+00 7.20000000e+00 -4.62847325e+00
 7.50000000e+00 0.00000000e+00 7.50000000e+00 7.23023639e+00 7.50000000e+00 -4.74950289e+00
 7.80000000e+00 0.00000000e+00 7.80000000e+00 7.85021397e+00 7.80000000e+00 -4.43067815e+00
 8.10000000e+00 0.00000000e+00 8.10000000e+00 6.81708623e+00 8.10000000e+00 -4.09890517e+00
 8.40000000e+00 0.00000000e+00 8.40000000e+00 7.02465660e+00 8.40000000e+00 -4.16355543e+00
 8.70000000e+00 0.00000000e+00 8.70000000e+00 6.90021574e+00 8.70000000e+00 -4.90998485e+00
 9.00000000e+00 0.00000000e+00 9.00000000e+00 7.45081223e+00 9.00000000e+00 -4.57706150e+00
 9.30000000e+00 0.00000000e+00 9.30000000e+00 7.21773718e+00 9.30000000e+00 -4.09905937e+00
 9.60000000e+00 0.00000000e+00 9.60000000e+00 6.58242199e+00 9.60000000e+00 -4.65612719e+00
 9.90000000e+00 0.00000000e+00 9.90000000e+00 7.05437688e+00 9.90000000e+00 -4.74762317e+00
 1.02000000e+01 0.00000000e+00 1.02000000e+01 7.44591702e+00 1.02000000e+01 -4.21736595e+00
 1.05000000e+01 0.00000000e+00 1.05000000e+01 7.07000318e+00 1.05000000e+01 -4.61656377e+00
 1.08000000e+01 0.00000000e+00 1.08000000e+01 7.52998667e+00 1.08000000e+01 -4.78260292e+00
 1.11000000e+01 0.00000000e+00 1.11000000e+01 6.61554463e+00 1.11000000e+01 -5.29134861e+00
 1.14000000e+01 0.00000000e+00 1.14000000e+01 7.34192672e+00 1.14000000e+01 -4.69638559e+00
 1.17000000e+01 0.00000000e+00 1.17000000e+01 6.64979695e+00 1.17000000e+01 -4.62382723e+00
 1.20000000e+01 0.00000000e+00 1.20000000e+01 7.56880337e+00 1.20000000e+01 -4.23057738e+00
 1.23000000e+01 0.00000000e+00 1.23000000e+01 7.47467553e+00 1.23000000e+01 -4.31889043e+00
 1.26000000e+01 0.00000000e+00 1.26000000e+01 7.68638623e+00 1.26000000e+01 -4.80144461e+00
 1.29000000e+01 0.00000000e+00 1.29000000e+01 6.81536024e+00 1.29000000e+01 -4.39006524e+00
 1.32000000e+01 0.00000000e+00 1.32000000e+01 7.54978076e+00 1.32000000e+01 -4.82540427e+00
 1.35000000e+01 0.00000000e+00 1.35000000e+01 6.85950318e+00 1.35000000e+01 -3.91292227e+00
 1.38000000e+01 0.00000000e+00 1.38000000e+01 7.92578086e+00 1.38000000e+01 -4.40953665e+00
 1.41000000e+01 0.00000000e+00 1.41000000e+01 7.51308599e+00 1.41000000e+01 -5.08327079e+00
 1.44000000e+01 0.00000000e+00 1.44000000e+01 7.23695725e+00 1.44000000e+01 -4.76917093e+00
 1.47000000e+01 0.00000000e+00 1.47000000e+01 7.10018987e+00 1.47000000e+01 -4.93341117e+00
 1.50000000e+01 0.00000000e+00 1.50000000e+01 7.34732187e+00 1.50000000e+01 -4.59844720e+00
 1.53000000e+01 0.00000000e+00 1.53000000e+01 1.50780930e+00 1.53000000e+01 -2.90176020e+00
 1.56000000e+01 0.00000000e+00 1.56000000e+01 1.53738965e+00 1.56000000e+01 -3.37415569e+00
 1.59000000e+01 0.00000000e+00 1.59000000e+01 1.43280858e+00 1.59000000e+01 -3.20972351e+00
 1.62000000e+01 0.00000000e+00 1.62000000e+01 2.22273441e+00 1.62000000e+01 -3.79519972e+00
 1.65000000e+01 0.00000000e+00 1.65000000e+01 1.05374257e+00 1.65000000e+01 -3.29882695e+00
 1.68000000e+01 0.00000000e+00 1.68000000e+01 6.92167461e-01 1.68000000e+01 -3.24776268e+00
 1.71000000e+01 0.00000000e+00 1.71000000e+01 2.01727788e+00 1.71000000e+01 -3.67210486e+00
 1.74000000e+01 0.00000000e+00 1.74000000e+01 1.15460068e+00 1.74000000e+01 -3.19623752e+00
 1.77000000e+01 0.00000000e+00 1.77000000e+01 1.19486701e+00 1.77000000e+01 -3.26860743e+00
 1.80000000e+01 0.00000000e+00 1.80000000e+01 1.11810618e+00 1.80000000e+01 -3.39411466e+00
 1.83000000e+01 0.00000000e+00 1.83000000e+01 1.21568233e+00 1.83000000e+01 -3.54819324e+00
 1.86000000e+01 0.00000000e+00 1.86000000e+01 1.02463121e+00 1.86000000e+01 -3.38171400e+00
 1.89000000e+01 0.00000000e+00 1.89000000e+01 1.17537392e+00 1.89000000e+01 -3.58036977e+00
 1.92000000e+01 0.00000000e+00 1.92000000e+01 1.38419110e+00 1.92000000e+01 -3.13232730e+00
 1.95000000e+01 0.00000000e+00 1.95000000e+01 1.24382066e+00 1.95000000e+01 -3.47439934e+00
 1.98000000e+01 0.00000000e+00 1.98000000e+01 1.15742617e+00 1.98000000e+01 -3.01785085e+00
 2.01000000e+01 0.00000000e+00 2.01000000e+01 1.88548729e+00 2.01000000e+01 -3.87366863e+00
 2.04000000e+01 0.00000000e+00 2.04000000e+01 1.07544338e+00 2.04000000e+01 -3.05936655e+00
 2.07000000e+01 0.00000000e+00 2.07000000e+01 1.69389427e+00 2.07000000e+01 -3.60221308e+00
 2.10000000e+01 0.00000000e+00 2.10000000e+01 2.26025416e+00 2.10000000e+01 -3.60529223e+00
 2.13000000e+01 0.00000000e+00 2.13000000e+01 2.14694522e+00 2.13000000e+01 -3.34107152e+00
 2.16000000e+01 0.00000000e+00 2.16000000e+01 1.52738862e+00 2.16000000e+01 -3.13794696e+00
 2.19000000e+01 0.00000000e+00 2.19000000e+01 1.28127957e+00 2.19000000e+01 -3.02646406e+00
 2.22000000e+01 0.00000000e+00 2.22000000e+01 1.48775426e+00 2.22000000e+01 -3.46420993e+00
 2.25000000e+01 0.00000000e+00 2.25000000e+01 1.64470944e+00 2.25000000e+01 -3.48126886e+00
 2.28000000e+01 0.00000000e+00 2.28000000e+01 2.04717704e+00 2.28000000e+01 -3.22354420e+00
 2.31000000e+01 0.00000000e+00 2.31000000e+01 1.67009701e+00 2.31000000e+01 -3.14179079e+00
 2.34000000e+01 0.00000000e+00 2.34000000e+01 1.32732030e+00 2.34000000e+01 -3.24797419e+00
 2.37000000e+01 0.00000000e+00 2.37000000e+01 1.62145570e+00 2.37000000e+01 -3.64748715e+00
 2.40000000e+01 0.00000000e+00 2.40000000e+01 1.43238475e+00 2.40000000e+01 -3.15852006e+00
 2.43000000e+01 0.00000000e+00 2.43000000e+01 1.30940884e+00 2.43000000e+01 -2.69303701e+00
 2.46000000e+01 0.00000000e+00 2.46000000e+01 1.51008586e+00 2.46000000e+01 -3.54501933e+00
 2.49000000e+01 0.00000000e+00 2.49000000e+01 1.05249484e+00 2.49000000e+01 -3.59796561e+00
 2.52000000e+01 0.00000000e+00 2.52000000e+01 1.67852517e+00 2.52000000e+01 -5.20334626e+00
 2.55000000e+01 0.00000000e+00 2.55000000e+01 2.21764378e+00 2.55000000e+01 -5.46188555e+00
 2.58000000e+01 0.00000000e+00 2.58000000e+01 1.95859526e+00 2.58000000e+01 -4.94670830e+00
 2.61000000e+01 0.00000000e+00 2.61000000e+01 1.92311808e+00 2.61000000e+01 -5.23913018e+00
 2.64000000e+01 0.00000000e+00 2.64000000e+01 2.23432844e+00 2.64000000e+01 -5.46855563e+00
 2.67000000e+01 0.00000000e+00 2.67000000e+01 1.62112800e+00 2.67000000e+01 -5.67130971e+00
 2.70000000e+01 0.00000000e+00 2.70000000e+01 1.51455356e+00 2.70000000e+01 -5.10334500e+00
 2.73000000e+01 0.00000000e+00 2.73000000e+01 2.08201426e+00 2.73000000e+01 -5.71099470e+00
 2.76000000e+01 0.00000000e+00 2.76000000e+01 2.13285529e+00 2.76000000e+01 -5.62648326e+00
 2.79000000e+01 0.00000000e+00 2.79000000e+01 1.76160756e+00 2.79000000e+01 -5.27772045e+00
 2.82000000e+01 0.00000000e+00 2.82000000e+01 2.06172108e+00 2.82000000e+01 -5.31535845e+00
 2.85000000e+01 0.00000000e+00 2.85000000e+01 1.85415952e+00 2.85000000e+01 -5.07932296e+00
 2.88000000e+01 0.00000000e+00 2.88000000e+01 2.18791901e+00 2.88000000e+01 -5.44993012e+00
 2.91000000e+01 0.00000000e+00 2.91000000e+01 2.82427569e+00 2.91000000e+01 -5.02097004e+00
 2.94000000e+01 0.00000000e+00 2.94000000e+01 1.89544735e+00 2.94000000e+01 -5.59034605e+00
 2.97000000e+01 0.00000000e+00 2.97000000e+01 1.74729722e+00 2.97000000e+01 -5.75595458e+00
 3.00000000e+01 0.00000000e+00 3.00000000e+01 2.57075772e+00 3.00000000e+01 -5.43076037e+00
 3.03000000e+01 0.00000000e+00 3.03000000e+01 1.45604080e+00 3.03000000e+01 -5.00110430e+00
 3.06000000e+01 0.00000000e+00 3.06000000e+01 2.01282453e+00 3.06000000e+01 -5.41209225e+00
 3.09000000e+01 0.00000000e+00 3.09000000e+01 2.33205100e+00 3.09000000e+01 -5.45891919e+00
 3.12000000e+01 0.00000000e+00 3.12000000e+01 2.19192301e+00 3.12000000e+01 -5.81448307e+00
 3.15000000e+01 0.00000000e+00 3.15000000e+01 2.06577706e+00 3.15000000e+01 -5.70574984e+00
 3.18000000e+01 0.00000000e+00 3.18000000e+01 2.44523179e+00 3.18000000e+01 -5.44262233e+00
 3.21000000e+01 0.00000000e+00 3.21000000e+01 2.14562573e+00 3.21000000e+01 -5.68395244e+00
 3.24000000e+01 0.00000000e+00 3.24000000e+01 2.06968461e+00 3.24000000e+01 -5.24878978e+00
 3.27000000e+01 0.00000000e+00 3.27000000e+01 1.63903193e+00 3.27000000e+01 -5.05546834e+00
 3.30000000e+01 0.00000000e+00 3.30000000e+01 2.28862683e+00 3.30000000e+01 -5.73525148e+00
 3.33000000e+01 0.00000000e+00 3.33000000e+01 1.89792695e+00 3.33000000e+01 -5.46885103e+00
 3.36000000e+01 0.00000000e+00 3.36000000e+01 1.58944541e+00 3.36000000e+01 -5.43447980e+00
 3.39000000e+01 0.00000000e+00 3.39000000e+01 1.72647019e+00 3.39000000e+01 -5.85491845e+00
 3.42000000e+01 0.00000000e+00 3.42000000e+01 1.97096967e+00 3.42000000e+01 -5.03354599e+00
 3.45000000e+01 0.00000000e+00 3.45000000e+01 2.18221838e+00 3.45000000e+01 -5.67751191e+00
 3.48000000e+01 0.00000000e+00 3.48000000e+01 1.78190935e+00 3.48000000e+01 -5.92823621e+00
 3.51000000e+01 0.00000000e+00 3.51000000e+01 5.42546155e+00 3.51000000e+01 -1.03296569e+00
 3.54000000e+01 0.00000000e+00 3.54000000e+01 4.68404354e+00 3.54000000e+01 -1.46061701e+00
 3.57000000e+01 0.00000000e+00 3.57000000e+01 5.01512791e+00 3.57000000e+01 -7.51696258e-01
 3.60000000e+01 0.00000000e+00 3.60000000e+01 5.03569160e+00 3.60000000e+01 -3.37964335e-01
 3.63000000e+01 0.00000000e+00 3.63000000e+01 4.85320921e+00 3.63000000e+01 -1.06391526e+00
 3.66000000e+01 0.00000000e+00 3.66000000e+01 4.88488746e+00 3.66000000e+01 -1.07595339e+00
 3.69000000e+01 0.00000000e+00 3.69000000e+01 5.29664492e+00 3.69000000e+01 -4.81930359e-01
 3.72000000e+01 0.00000000e+00 3.72000000e+01 4.96834892e+00 3.72000000e+01 -7.92181950e-01
 3.75000000e+01 0.00000000e+00 3.75000000e+01 5.58537563e+00 3.75000000e+01 -1.18244561e+00
 3.78000000e+01 0.00000000e+00 3.78000000e+01 4.33655683e+00 3.78000000e+01 -1.00504029e+00
 3.81000000e+01 0.00000000e+00 3.81000000e+01 5.15572741e+00 3.81000000e+01 -7.89460822e-01
 3.84000000e+01 0.00000000e+00 3.84000000e+01 5.19941982e+00 3.84000000e+01 -2.19422441e-01
 3.87000000e+01 0.00000000e+00 3.87000000e+01 4.92333306e+00 3.87000000e+01 -1.19439834e+00
 3.90000000e+01 0.00000000e+00 3.90000000e+01 4.75351272e+00 3.90000000e+01 -5.87573756e-01
 3.93000000e+01 0.00000000e+00 3.93000000e+01 4.99842749e+00 3.93000000e+01 -7.40384481e-01
 3.96000000e+01 0.00000000e+00 3.96000000e+01 5.16122578e+00 3.96000000e+01 -6.08589565e-01
 3.99000000e+01 0.00000000e+00 3.99000000e+01 5.37121003e+00 3.99000000e+01 -1.07073486e+00
 4.02000000e+01 0.00000000e+00 4.02000000e+01 4.95161733e+00 4.02000000e+01 -2.87143183e+00
 4.05000000e+01 0.00000000e+00 4.05000000e+01 5.34382076e+00 4.05000000e+01 -2.78803547e+00
 4.08000000e+01 0.00000000e+00 4.08000000e+01 4.58451277e+00 4.08000000e+01 -2.98539588e+00
 4.11000000e+01 0.00000000e+00 4.11000000e+01 4.90040074e+00 4.11000000e+01 -3.04398072e+00
 4.14000000e+01 0.00000000e+00 4.14000000e+01 5.54091862e+00 4.14000000e+01 -2.49863461e+00
 4.17000000e+01 0.00000000e+00 4.17000000e+01 5.36823926e+00 4.17000000e+01 -2.70204519e+00
 4.20000000e+01 0.00000000e+00 4.20000000e+01 4.94690123e+00 4.20000000e+01 -2.94930285e+00
 4.23000000e+01 0.00000000e+00 4.23000000e+01 5.37540196e+00 4.23000000e+01 -2.27615372e+00
 4.26000000e+01 0.00000000e+00 4.26000000e+01 5.21950182e+00 4.26000000e+01 -3.17487580e+00
 4.29000000e+01 0.00000000e+00 4.29000000e+01 4.58310340e+00 4.29000000e+01 -2.39681637e+00
 4.32000000e+01 0.00000000e+00 4.32000000e+01 5.52089403e+00 4.32000000e+01 -2.60490473e+00
 4.35000000e+01 0.00000000e+00 4.35000000e+01 4.90928718e+00 4.35000000e+01 -2.81670604e+00
 4.38000000e+01 0.00000000e+00 4.38000000e+01 5.50197533e+00 4.38000000e+01 -2.97598732e+00
 4.41000000e+01 0.00000000e+00 4.41000000e+01 5.37424755e+00 4.41000000e+01 -2.83276965e+00
 4.44000000e+01 0.00000000e+00 4.44000000e+01 5.40536829e+00 4.44000000e+01 -2.43799320e+00
 4.47000000e+01 0.00000000e+00 4.47000000e+01 5.18815169e+00 4.47000000e+01 -2.70657469e+00
 4.50000000e+01 0.00000000e+00 4.50000000e+01 5.38695976e+00 4.50000000e+01 -2.58983433e+00
 4.53000000e+01 0.00000000e+00 4.53000000e+01 5.64263341e+00 4.53000000e+01 -2.38250232e+00
 4.56000000e+01 0.00000000e+00 4.56000000e+01 5.10348148e+00 4.56000000e+01 -2.76296338e+00
 4.59000000e+01 0.00000000e+00 4.59000000e+01 5.52396472e+00 4.59000000e+01 -2.55573675e+00
 4.62000000e+01 0.00000000e+00 4.62000000e+01 5.46396903e+00 4.62000000e+01 -2.12555136e+00
 4.65000000e+01 0.00000000e+00 4.65000000e+01 5.28281775e+00 4.65000000e+01 -3.17729891e+00
 4.68000000e+01 0.00000000e+00 4.68000000e+01 5.95703049e+00 4.68000000e+01 -2.83408338e+00
 4.71000000e+01 0.00000000e+00 4.71000000e+01 5.27785036e+00 4.71000000e+01 -2.51535985e+00
 4.74000000e+01 0.00000000e+00 4.74000000e+01 5.58842667e+00 4.74000000e+01 -2.54055118e+00
 4.77000000e+01 0.00000000e+00 4.77000000e+01 5.37040674e+00 4.77000000e+01 -2.67622372e+00
 4.80000000e+01 0.00000000e+00 4.80000000e+01 5.87623990e+00 4.80000000e+01 -2.40656394e+00
 4.83000000e+01 0.00000000e+00 4.83000000e+01 5.33875034e+00 4.83000000e+01 -3.12192912e+00
 4.86000000e+01 0.00000000e+00 4.86000000e+01 5.45152864e+00 4.86000000e+01 -2.20497570e+00
 4.89000000e+01 0.00000000e+00 4.89000000e+01 5.20214609e+00 4.89000000e+01 -2.65271937e+00
 4.92000000e+01 0.00000000e+00 4.92000000e+01 5.40236228e+00 4.92000000e+01 -2.33320889e+00
 4.95000000e+01 0.00000000e+00 4.95000000e+01 4.84882329e+00 4.95000000e+01 -2.87194638e+00
 4.98000000e+01 0.00000000e+00 4.98000000e+01 5.28052408e+00 4.98000000e+01 -2.88059571e+00
 5.01000000e+01 0.00000000e+00 5.01000000e+01 4.64429258e+00 5.01000000e+01 -4.72885005e+00
 5.04000000e+01 0.00000000e+00 5.04000000e+01 5.15717172e+00 5.04000000e+01 -5.01093488e+00
 5.07000000e+01 0.00000000e+00 5.07000000e+01 4.26921104e+00 5.07000000e+01 -4.42144919e+00
 5.10000000e+01 0.00000000e+00 5.10000000e+01 3.88496641e+00 5.10000000e+01 -4.44944012e+00
 5.13000000e+01 0.00000000e+00 5.13000000e+01 3.97007159e+00 5.13000000e+01 -5.17617423e+00
 5.16000000e+01 0.00000000e+00 5.16000000e+01 4.78395615e+00 5.16000000e+01 -4.14390601e+00
 5.19000000e+01 0.00000000e+00 5.19000000e+01 4.36333018e+00 5.19000000e+01 -4.82646135e+00
 5.22000000e+01 0.00000000e+00 5.22000000e+01 4.72080936e+00 5.22000000e+01 -4.63235688e+00
 5.25000000e+01 0.00000000e+00 5.25000000e+01 4.50008329e+00 5.25000000e+01 -4.65364598e+00
 5.28000000e+01 0.00000000e+00 5.28000000e+01 4.30059693e+00 5.28000000e+01 -3.64103293e+00
 5.31000000e+01 0.00000000e+00 5.31000000e+01 4.87520219e+00 5.31000000e+01 -4.46381605e+00
 5.34000000e+01 0.00000000e+00 5.34000000e+01 4.37517626e+00 5.34000000e+01 -4.32866222e+00
 5.37000000e+01 0.00000000e+00 5.37000000e+01 4.24123625e+00 5.37000000e+01 -4.29463868e+00
 5.40000000e+01 0.00000000e+00 5.40000000e+01 4.92839093e+00 5.40000000e+01 -5.31373107e+00
 5.43000000e+01 0.00000000e+00 5.43000000e+01 4.49307484e+00 5.43000000e+01 -4.44484070e+00
 5.46000000e+01 0.00000000e+00 5.46000000e+01 3.87132080e+00 5.46000000e+01 -4.80657262e+00
 5.49000000e+01 0.00000000e+00 5.49000000e+01 4.38876720e+00 5.49000000e+01 -4.53187451e+00
 5.52000000e+01 0.00000000e+00 5.52000000e+01 7.05161686e+00 5.52000000e+01 -5.04048521e+00
 5.55000000e+01 0.00000000e+00 5.55000000e+01 6.97388904e+00 5.55000000e+01 -4.78581383e+00
 5.58000000e+01 0.00000000e+00 5.58000000e+01 7.69182995e+00 5.58000000e+01 -4.45843945e+00
 5.61000000e+01 0.00000000e+00 5.61000000e+01 7.52290941e+00 5.61000000e+01 -4.05244305e+00
 5.64000000e+01 0.00000000e+00 5.64000000e+01 7.49268706e+00 5.64000000e+01 -4.57998937e+00
 5.67000000e+01 0.00000000e+00 5.67000000e+01 7.09443395e+00 5.67000000e+01 -3.77131791e+00
 5.70000000e+01 0.00000000e+00 5.70000000e+01 7.69652077e+00 5.70000000e+01 -4.09793681e+00
 5.73000000e+01 0.00000000e+00 5.73000000e+01 7.54129852e+00 5.73000000e+01 -4.43060179e+00
 5.76000000e+01 0.00000000e+00 5.76000000e+01 7.04466500e+00 5.76000000e+01 -4.76876669e+00
 5.79000000e+01 0.00000000e+00 5.79000000e+01 7.09273616e+00 5.79000000e+01 -3.99927860e+00
 5.82000000e+01 0.00000000e+00 5.82000000e+01 7.53938021e+00 5.82000000e+01 -4.59157364e+00
 5.85000000e+01 0.00000000e+00 5.85000000e+01 7.19266772e+00 5.85000000e+01 -4.78361374e+00
 5.88000000e+01 0.00000000e+00 5.88000000e+01 7.49092906e+00 5.88000000e+01 -4.51246871e+00
 5.91000000e+01 0.00000000e+00 5.91000000e+01 7.35736316e+00 5.91000000e+01 -4.55170623e+00
 5.94000000e+01 0.00000000e+00 5.94000000e+01 7.53561731e+00 5.94000000e+01 -4.41514568e+00
 5.97000000e+01 0.00000000e+00 5.97000000e+01 7.16255646e+00 5.97000000e+01 -4.66644795e+00
