 0.00000000e+00 0.00000000e+00 0.00000000e+00 7.05721813e+00 0.00000000e+00 -3.26197874e+00
 3.00000000e-01 0.00000000e+00 3.00000000e-01 7.19414662e+00 3.00000000e-01 -2.98277115e+00
 6.00000000e-01 0.00000000e+00 6.00000000e-01 7.24980427e+00 6.00000000e-01 -3.53585656e+00
 9.00000000e-01 0.00000000e+00 9.00000000e-01 6.75660197e+00 9.00000000e-01 -3.75071063e+00
 1.20000000e+00 0.00000000e+00 1.20000000e+00 6.99723776e+00 1.20000000e+00 -3.35293522e+00
 1.50000000e+00 0.00000000e+00 1.50000000e+00 6.97059128e+00 1.50000000e+00 -2.92380684e+00
 1.80000000e+00 0.00000000e+00 1.80000000e+00 6.11553586e+00 1.80000000e+00 -3.85507973e+00
 2.10000000e+00 0.00000000e+00 2.10000000e+00 6.56375040e+00 2.10000000e+00 -3.15836437e+00
 2.40000000e+00 0.00000000e+00 2.40000000e+00 7.43552059e+00 2.40000000e+00 -2.90965955e+00
 2.70000000e+00 0.00000000e+00 2.70000000e+00 6.53459603e+00 2.70000000e+00 -2.92369776e+00
 3.00000000e+00 0.00000000e+00 3.00000000e+00 6.56733328e+00 3.00000000e+00 -3.55498904e+00
 3.30000000e+00 0.00000000e+00 3.30000000e+00 7.15213917e+00 3.30000000e+00 -3.38653584e+00
 3.60000000e+00 0.00000000e+00 3.60000000e+00 7.75875670e+00 3.60000000e+00 -3.84386068e+00
 3.90000000e+00 0.00000000e+00 3.90000000e+00 7.22137799e+00 3.90000000e+00 -3.72203904e+00
 4.20000000e+00 0.00000000e+00 4.20000000e+00 6.44173699e+00 4.20000000e+00 -3.48055039e+00
 4.50000000e+00 0.00000000e+00 4.50000000e+00 7.65622606e+00 4.50000000e+00 -3.43240902e+00
 4.80000000e+00 0.00000000e+00 4.80000000e+00 6.76878956e+00 4.80000000e+00 -3.06782879e+00
 5.10000000e+00 0.00000000e+00 5.10000000e+00 7.33415389e+00 5.10000000e+00 -4.09984833e+00
 5.40000000e+00 0.00000000e+00 5.40000000e+00 6.44088394e+00 5.40000000e+00 -2.91833442e+00
 5.70000000e+00 0.00000000e+00 5.70000000e+00 7.17032367e+00 5.70000000e+00 -3.61448205e+00
 6.00000000e+00 0.00000000e+00 6.00000000e+00 7.10904727e+00 6.00000000e+00 -3.15110264e+00
 6.30000000e+00 0.00000000e+00 6.30000000e+00 6.89766724e+00 6.30000000e+00 -3.86125613e+00
 6.60000000e+00 0.00000000e+00 6.60000000e+00 7.64236341e+00 6.60000000e+00 -3.74065692e+00
 6.90000000e+00 0.00000000e+00 6.90000000e+00 6.82582763e+00 6.90000000e+00 -3.30792815e+00
 7.20000000e+00 0.00000000e+00 7.20000000e+00 7.54845462e+00 7.20000000e+00 -3.77434005e+00
 7.50000000e+00 0.00000000e+00 7.50000000e+00 6.98815320e+00 7.50000000e+00 -3.74738851e+00
 7.80000000e+00 0.00000000e+00 7.80000000e+00 6.55220230e+00 7.80000000e+00 -3.96017333e+00
 8.10000000e+00 0.00000000e+00 8.10000000e+00 7.22411955e+00 8.10000000e+00 -3.49653549e+00
 8.40000000e+00 0.00000000e+00 8.40000000e+00 7.04972452e+00 8.40000000e+00 -3.76221435e+00
 8.70000000e+00 0.00000000e+00 8.70000000e+00 6.78869145e+00 8.70000000e+00 -3.26353144e+00
 9.00000000e+00 0.00000000e+00 9.00000000e+00 6.97636882e+00 9.00000000e+00 -2.98519073e+00
 9.30000000e+00 0.00000000e+00 9.30000000e+00 6.72298716e+00 9.30000000e+00 -3.28162536e+00
 9.60000000e+00 0.00000000e+00 9.60000000e+00 6.92958669e+00 9.60000000e+00 -3.62616750e+00
 9.90000000e+00 0.00000000e+00 9.90000000e+00 7.11937594e+00 9.90000000e+00 -3.60263998e+00
 1.02000000e+01 0.00000000e+00 1.02000000e+01 7.49062807e+00 1.02000000e+01 -3.05058344e+00
 1.05000000e+01 0.00000000e+00 1.05000000e+01 7.08411161e+00 1.05000000e+01 -3.61728963e+00
 1.08000000e+01 0.00000000e+00 1.08000000e+01 7.10101578e+00 1.08000000e+01 -3.72899997e+00
 1.11000000e+01 0.00000000e+00 1.11000000e+01 6.72433100e+00 1.11000000e+01 -3.19336930e+00
 1.14000000e+01 0.00000000e+00 1.14000000e+01 7.03668703e+00 1.14000000e+01 -3.79480928e+00
 1.17000000e+01 0.00000000e+00 1.17000000e+01 6.84022934e+00 1.17000000e+01 -3.39214608e+00
 1.20000000e+01 0.00000000e+00 1.20000000e+01 7.54559566e+00 1.20000000e+01 -3.52017129e+00
 1.23000000e+01 0.00000000e+00 1.23000000e+01 6.82386354e+00 1.23000000e+01 -2.58220182e+00
 1.26000000e+01 0.00000000e+00 1.26000000e+01 7.04382530e+00 1.26000000e+01 -3.31200549e+00
 1.29000000e+01 0.00000000e+00 1.29000000e+01 6.79473659e+00 1.29000000e+01 -3.08968045e+00
 1.32000000e+01 0.00000000e+00 1.32000000e+01 6.62875749e+00 1.32000000e+01 -3.38991897e+00
 1.35000000e+01 0.00000000e+00 1.35000000e+01 7.28149169e+00 1.35000000e+01 -3.87227715e+00
 1.38000000e+01 0.00000000e+00 1.38000000e+01 7.13043470e+00 1.38000000e+01 -3.03506506e+00
 1.41000000e+01 0.00000000e+00 1.41000000e+01 6.82012835e+00 1.41000000e+01 -3.55112407e+00
 1.44000000e+01 0.00000000e+00 1.44000000e+01 6.96914555e+00 1.44000000e+01 -3.17479984e+00
 1.47000000e+01 0.00000000e+00 1.47000000e+01 7.57564354e+00 1.47000000e+01 -3.82526249e+00
 1.50000000e+01 0.00000000e+00 1.50000000e+01 7.67283408e+00 1.50000000e+01 -3.17499542e+00
 1.53000000e+01 0.00000000e+00 1.53000000e+01 2.01835118e+00 1.53000000e+01 -5.63103169e+00
 1.56000000e+01 0.00000000e+00 1.56000000e+01 1.82626423e+00 1.56000000e+01 -5.07617706e+00
 1.59000000e+01 0.00000000e+00 1.59000000e+01 2.79397845e+00 1.59000000e+01 -5.44028782e+00
 1.62000000e+01 0.00000000e+00 1.62000000e+01 2.62506812e+00 1.62000000e+01 -5.21698438e+00
 1.65000000e+01 0.00000000e+00 1.65000000e+01 2.19338912e+00 1.65000000e+01 -4.92764698e+00
 1.68000000e+01 0.00000000e+00 1.68000000e+01 1.56300419e+00 1.68000000e+01 -4.99092084e+00
 1.71000000e+01 0.00000000e+00 1.71000000e+01 2.53526806e+00 1.71000000e+01 -5.14945196e+00
 1.74000000e+01 0.00000000e+00 1.74000000e+01 2.84969474e+00 1.74000000e+01 -5.37674970e+00
 1.77000000e+01 0.00000000e+00 1.77000000e+01 2.32227894e+00 1.77000000e+01 -5.80051583e+00
 1.80000000e+01 0.00000000e+00 1.80000000e+01 2.15566707e+00 1.80000000e+01 -5.43057571e+00
 1.83000000e+01 0.00000000e+00 1.83000000e+01 2.15700623e+00 1.83000000e+01 -5.15971961e+00
 1.86000000e+01 0.00000000e+00 1.86000000e+01 2.03035075e+00 1.86000000e+01 -5.37591110e+00
 1.89000000e+01 0.00000000e+00 1.89000000e+01 1.91414996e+00 1.89000000e+01 -5.01512327e+00
 1.92000000e+01 0.00000000e+00 1.92000000e+01 2.40984092e+00 1.92000000e+01 -5.07490671e+00
 1.95000000e+01 0.00000000e+00 1.95000000e+01 2.54932477e+00 1.95000000e+01 -4.48456507e+00
 1.98000000e+01 0.00000000e+00 1.98000000e+01 2.85624275e+00 1.98000000e+01 -5.12642239e+00
 2.01000000e+01 0.00000000e+00 2.01000000e+01 2.20320839e+00 2.01000000e+01 -5.29297638e+00
 2.04000000e+01 0.00000000e+00 2.04000000e+01 2.16939983e+00 2.04000000e+01 -5.60688787e+00
 2.07000000e+01 0.00000000e+00 2.07000000e+01 2.06887320e+00 2.07000000e+01 -4.99935010e+00
 2.10000000e+01 0.00000000e+00 2.10000000e+01 2.07341635e+00 2.10000000e+01 -5.61599029e+00
 2.13000000e+01 0.00000000e+00 2.13000000e+01 2.56082630e+00 2.13000000e+01 -5.47637417e+00
 2.16000000e+01 0.00000000e+00 2.16000000e+01 2.21927878e+00 2.16000000e+01 -5.18918875e+00
 2.19000000e+01 0.00000000e+00 2.19000000e+01 2.81980465e+00 2.19000000e+01 -4.97851822e+00
 2.22000000e+01 0.00000000e+00 2.22000000e+01 2.07996422e+00 2.22000000e+01 -4.51083503e+00
 2.25000000e+01 0.00000000e+00 2.25000000e+01 2.35836066e+00 2.25000000e+01 -4.96033070e+00
 2.28000000e+01 0.00000000e+00 2.28000000e+01 1.42811619e+00 2.28000000e+01 -5.24845070e+00
 2.31000000e+01 0.00000000e+00 2.31000000e+01 2.48485107e+00 2.31000000e+01 -5.03265383e+00
 2.34000000e+01 0.00000000e+00 2.34000000e+01 2.89659810e+00 2.34000000e+01 -4.69736459e+00
 2.37000000e+01 0.00000000e+00 2.37000000e+01 1.66808912e+00 2.37000000e+01 -5.51614052e+00
 2.40000000e+01 0.00000000e+00 2.40000000e+01 1.77162042e+00 2.40000000e+01 -5.16810744e+00
 2.43000000e+01 0.00000000e+00 2.43000000e+01 1.94653642e+00 2.43000000e+01 -4.94177870e+00
 2.46000000e+01 0.00000000e+00 2.46000000e+01 1.89761830e+00 2.46000000e+01 -5.37191137e+00
 2.49000000e+01 0.00000000e+00 2.49000000e+01 2.45946307e+00 2.49000000e+01 -5.04061251e+00
 2.52000000e+01 0.00000000e+00 2.52000000e+01 1.81805563e+00 2.52000000e+01 -3.50370119e+00
 2.55000000e+01 0.00000000e+00 2.55000000e+01 2.21823525e+00 2.55000000e+01 -4.56724433e+00
 2.58000000e+01 0.00000000e+00 2.58000000e+01 1.61100894e+00 2.58000000e+01 -4.62865130e+00
 2.61000000e+01 0.00000000e+00 2.61000000e+01 2.56863080e+00 2.61000000e+01 -4.02090532e+00
 2.64000000e+01 0.00000000e+00 2.64000000e+01 2.05185852e+00 2.64000000e+01 -3.79606966e+00
 2.67000000e+01 0.00000000e+00 2.67000000e+01 1.72165152e+00 2.67000000e+01 -4.42381467e+00
 2.70000000e+01 0.00000000e+00 2.70000000e+01 1.30305370e+00 2.70000000e+01 -3.93091515e+00
 2.73000000e+01 0.00000000e+00 2.73000000e+01 1.72324733e+00 2.73000000e+01 -4.32356007e+00
 2.76000000e+01 0.00000000e+00 2.76000000e+01 1.83056267e+00 2.76000000e+01 -4.33689743e+00
 2.79000000e+01 0.00000000e+00 2.79000000e+01 1.75853005e+00 2.79000000e+01 -4.17784015e+00
 2.82000000e+01 0.00000000e+00 2.82000000e+01 2.16331409e+00 2.82000000e+01 -4.01841129e+00
 2.85000000e+01 0.00000000e+00 2.85000000e+01 1.91251898e+00 2.85000000e+01 -3.82748531e+00
 2.88000000e+01 0.00000000e+00 2.88000000e+01 1.69264510e+00 2.88000000e+01 -4.03715776e+00
 2.91000000e+01 0.00000000e+00 2.91000000e+01 1.73083104e+00 2.91000000e+01 -3.85578001e+00
 2.94000000e+01 0.00000000e+00 2.94000000e+01 2.40196101e+00 2.94000000e+01 -4.72075254e+00
 2.97000000e+01 0.00000000e+00 2.97000000e+01 2.20701065e+00 2.97000000e+01 -4.53850463e+00
 3.00000000e+01 0.00000000e+00 3.00000000e+01 1.90963153e+00 3.00000000e+01 -3.80969661e+00
 3.03000000e+01 0.00000000e+00 3.03000000e+01 1.95309412e+00 3.03000000e+01 -4.21262479e+00
 3.06000000e+01 0.00000000e+00 3.06000000e+01 1.78229196e+00 3.06000000e+01 -4.05449038e+00
 3.09000000e+01 0.00000000e+00 3.09000000e+01 2.02028522e+00 3.09000000e+01 -4.55925491e+00
 3.12000000e+01 0.00000000e+00 3.12000000e+01 2.34829829e+00 3.12000000e+01 -4.38131317e+00
 3.15000000e+01 0.00000000e+00 3.15000000e+01 1.62747264e+00 3.15000000e+01 -4.94108956e+00
 3.18000000e+01 0.00000000e+00 3.18000000e+01 2.08110406e+00 3.18000000e+01 -4.44861016e+00
 3.21000000e+01 0.00000000e+00 3.21000000e+01 1.67228626e+00 3.21000000e+01 -4.27102240e+00
 3.24000000e+01 0.00000000e+00 3.24000000e+01 2.11387023e+00 3.24000000e+01 -4.02615108e+00
 3.27000000e+01 0.00000000e+00 3.27000000e+01 1.51208655e+00 3.27000000e+01 -4.23467190e+00
 3.30000000e+01 0.00000000e+00 3.30000000e+01 1.76917481e+00 3.30000000e+01 -3.80595260e+00
 3.33000000e+01 0.00000000e+00 3.33000000e+01 1.81081626e+00 3.33000000e+01 -4.11405764e+00
 3.36000000e+01 0.00000000e+00 3.36000000e+01 2.14661227e+00 3.36000000e+01 -4.18382370e+00
 3.39000000e+01 0.00000000e+00 3.39000000e+01 2.24442492e+00 3.39000000e+01 -4.13563238e+00
 3.42000000e+01 0.00000000e+00 3.42000000e+01 1.88355391e+00 3.42000000e+01 -3.88193254e+00
 3.45000000e+01 0.00000000e+00 3.45000000e+01 1.57526156e+00 3.45000000e+01 -4.34799102e+00
 3.48000000e+01 0.00000000e+00 3.48000000e+01 1.64656412e+00 3.48000000e+01 -5.03124910e+00
 3.51000000e+01 0.00000000e+00 3.51000000e+01 4.68883949e+00 3.51000000e+01 -2.47612377e+00
 3.54000000e+01 0.00000000e+00 3.54000000e+01 4.63221943e+00 3.54000000e+01 -1.70565473e+00
 3.57000000e+01 0.00000000e+00 3.57000000e+01 5.23272842e+00 3.57000000e+01 -1.83794215e+00
 3.60000000e+01 0.00000000e+00 3.60000000e+01 5.08928431e+00 3.60000000e+01 -1.68481289e+00
 3.63000000e+01 0.00000000e+00 3.63000000e+01 4.44901524e+00 3.63000000e+01 -2.06102802e+00
 3.66000000e+01 0.00000000e+00 3.66000000e+01 4.53398059e+00 3.66000000e+01 -2.78300312e+00
 3.69000000e+01 0.00000000e+00 3.69000000e+01 4.90055842e+00 3.69000000e+01 -2.51074148e+00
 3.72000000e+01 0.00000000e+00 3.72000000e+01 4.99310546e+00 3.72000000e+01 -2.21786976e+00
 3.75000000e+01 0.00000000e+00 3.75000000e+01 4.36876298e+00 3.75000000e+01 -1.20402711e+00
 3.78000000e+01 0.00000000e+00 3.78000000e+01 4.82774112e+00 3.78000000e+01 -2.22456703e+00
 3.81000000e+01 0.00000000e+00 3.81000000e+01 5.60363383e+00 3.81000000e+01 -1.95422621e+00
 3.84000000e+01 0.00000000e+00 3.84000000e+01 5.24733090e+00 3.84000000e+01 -1.95188352e+00
 3.87000000e+01 0.00000000e+00 3.87000000e+01 4.70159118e+00 3.87000000e+01 -2.06031791e+00
 3.90000000e+01 0.00000000e+00 3.90000000e+01 4.25203798e+00 3.90000000e+01 -1.94986141e+00
 3.93000000e+01 0.00000000e+00 3.93000000e+01 5.18795440e+00 3.93000000e+01 -2.64133099e+00
 3.96000000e+01 0.00000000e+00 3.96000000e+01 4.78372108e+00 3.96000000e+01 -1.59984999e+00
 3.99000000e+01 0.00000000e+00 3.99000000e+01 5.40076312e+00 3.99000000e+01 -2.12995534e+00
 4.02000000e+01 0.00000000e+00 4.02000000e+01 3.29816134e+00 4.02000000e+01 -2.58487220e+00
 4.05000000e+01 0.00000000e+00 4.05000000e+01 3.63999816e+00 4.05000000e+01 -2.57338841e+00
 4.08000000e+01 0.00000000e+00 4.08000000e+01 3.82155931e+00 4.08000000e+01 -2.31403140e+00
 4.11000000e+01 0.00000000e+00 4.11000000e+01 3.49953108e+00 4.11000000e+01 -3.18372007e+00
 4.14000000e+01 0.00000000e+00 4.14000000e+01 3.31376755e+00 4.14000000e+01 -2.05268631e+00
 4.17000000e+01 0.00000000e+00 4.17000000e+01 4.17186175e+00 4.17000000e+01 -1.93296864e+00
 4.20000000e+01 0.00000000e+00 4.20000000e+01 3.99341044e+00 4.20000000e+01 -2.11175823e+00
 4.23000000e+01 0.00000000e+00 4.23000000e+01 3.11474343e+00 4.23000000e+01 -2.51001600e+00
 4.26000000e+01 0.00000000e+00 4.26000000e+01 4.00645393e+00 4.26000000e+01 -2.16185138e+00
 4.29000000e+01 0.00000000e+00 4.29000000e+01 3.71264917e+00 4.29000000e+01 -2.78392825e+00
 4.32000000e+01 0.00000000e+00 4.32000000e+01 3.30553995e+00 4.32000000e+01 -2.09877149e+00
 4.35000000e+01 0.00000000e+00 4.35000000e+01 3.72400259e+00 4.35000000e+01 -1.96299714e+00
 4.38000000e+01 0.00000000e+00 4.38000000e+01 3.66903606e+00 4.38000000e+01 -1.96714159e+00
 4.41000000e+01 0.00000000e+00 4.41000000e+01 3.96818508e+00 4.41000000e+01 -2.01446475e+00
 4.44000000e+01 0.00000000e+00 4.44000000e+01 3.73450233e+00 4.44000000e+01 -2.19679388e+00
 4.47000000e+01 0.00000000e+00 4.47000000e+01 3.37450071e+00 4.47000000e+01 -2.55069553e+00
 4.50000000e+01 0.00000000e+00 4.50000000e+01 4.06374874e+00 4.50000000e+01 -2.59219529e+00
 4.53000000e+01 0.00000000e+00 4.53000000e+01 3.66401041e+00 4.53000000e+01 -2.44496652e+00
 4.56000000e+01 0.00000000e+00 4.56000000e+01 3.64822239e+00 4.56000000e+01 -2.09312079e+00
 4.59000000e+01 0.00000000e+00 4.59000000e+01 3.30563778e+00 4.59000000e+01 -2.29117007e+00
 4.62000000e+01 0.00000000e+00 4.62000000e+01 3.93355362e+00 4.62000000e+01 -2.38821525e+00
 4.65000000e+01 0.00000000e+00 4.65000000e+01 3.57309022e+00 4.65000000e+01 -2.28237090e+00
 4.68000000e+01 0.00000000e+00 4.68000000e+01 4.05373765e+00 4.68000000e+01 -2.31932520e+00
 4.71000000e+01 0.00000000e+00 4.71000000e+01 4.36663348e+00 4.71000000e+01 -2.64170735e+00
 4.74000000e+01 0.00000000e+00 4.74000000e+01 3.68047880e+00 4.74000000e+01 -2.03383248e+00
 4.77000000e+01 0.00000000e+00 4.77000000e+01 3.88473467e+00 4.77000000e+01 -1.86720017e+00
 4.80000000e+01 0.00000000e+00 4.80000000e+01 3.44370022e+00 4.80000000e+01 -2.82121053e+00
 4.83000000e+01 0.00000000e+00 4.83000000e+01 3.29419985e+00 4.83000000e+01 -2.33414808e+00
 4.86000000e+01 0.00000000e+00 4.86000000e+01 4.38495665e+00 4.86000000e+01 -2.73887561e+00
 4.89000000e+01 0.00000000e+00 4.89000000e+01 3.10885014e+00 4.89000000e+01 -1.73975888e+00
 4.92000000e+01 0.00000000e+00 4.92000000e+01 3.59999243e+00 4.92000000e+01 -2.40234680e+00
 4.95000000e+01 0.00000000e+00 4.95000000e+01 4.01155950e+00 4.95000000e+01 -1.58965755e+00
 4.98000000e+01 0.00000000e+00 4.98000000e+01 3.47880694e+00 4.98000000e+01 -2.46140133e+00
 5.01000000e+01 0.00000000e+00 5.01000000e+01 2.77500314e+00 5.01000000e+01 -4.62694511e+00
 5.04000000e+01 0.00000000e+00 5.04000000e+01 3.57846037e+00 5.04000000e+01 -4.58307001e+00
 5.07000000e+01 0.00000000e+00 5.07000000e+01 3.08092576e+00 5.07000000e+01 -4.15309952e+00
 5.10000000e+01 0.00000000e+00 5.10000000e+01 2.93263236e+00 5.10000000e+01 -4.36657430e+00
 5.13000000e+01 0.00000000e+00 5.13000000e+01 2.62763203e+00 5.13000000e+01 -4.32759251e+00
 5.16000000e+01 0.00000000e+00 5.16000000e+01 3.44780019e+00 5.16000000e+01 -4.22084573e+00
 5.19000000e+01 0.00000000e+00 5.19000000e+01 3.34011045e+00 5.19000000e+01 -4.41298289e+00
 5.22000000e+01 0.00000000e+00 5.22000000e+01 3.15280762e+00 5.22000000e+01 -4.50028640e+00
 5.25000000e+01 0.00000000e+00 5.25000000e+01 2.94468063e+00 5.25000000e+01 -4.18201212e+00
 5.28000000e+01 0.00000000e+00 5.28000000e+01 3.56062722e+00 5.28000000e+01 -4.56331845e+00
 5.31000000e+01 0.00000000e+00 5.31000000e+01 3.10986439e+00 5.31000000e+01 -4.16426599e+00
 5.34000000e+01 0.00000000e+00 5.34000000e+01 3.59731736e+00 5.34000000e+01 -3.84750680e+00
 5.37000000e+01 0.00000000e+00 5.37000000e+01 3.26996740e+00 5.37000000e+01 -3.52585599e+00
 5.40000000e+01 0.00000000e+00 5.40000000e+01 2.68334966e+00 5.40000000e+01 -4.13138564e+00
 5.43000000e+01 0.00000000e+00 5.43000000e+01 3.05956723e+00 5.43000000e+01 -3.33385665e+00
 5.46000000e+01 0.00000000e+00 5.46000000e+01 2.36322885e+00 5.46000000e+01 -4.29422197e+00
 5.49000000e+01 0.00000000e+00 5.49000000e+01 3.41806211e+00 5.49000000e+01 -4.60813134e+00
 5.52000000e+01 0.00000000e+00 5.52000000e+01 7.28766429e+00 5.52000000e+01 -3.20815155e+00
 5.55000000e+01 0.00000000e+00 5.55000000e+01 6.76224829e+00 5.55000000e+01 -3.47843213e+00
 5.58000000e+01 0.00000000e+00 5.58000000e+01 6.53023917e+00 5.58000000e+01 -3.10843973e+00
 5.61000000e+01 0.00000000e+00 5.61000000e+01 7.41983455e+00 5.61000000e+01 -3.76375138e+00
 5.64000000e+01 0.00000000e+00 5.64000000e+01 7.17887284e+00 5.64000000e+01 -3.62086200e+00
 5.67000000e+01 0.00000000e+00 5.67000000e+01 6.95403717e+00 5.67000000e+01 -3.76537288e+00
 5.70000000e+01 0.00000000e+00 5.70000000e+01 6.62553094e+00 5.70000000e+01 -2.87069335e+00
 5.73000000e+01 0.00000000e+00 5.73000000e+01 6.97385741e+00 5.73000000e+01 -3.17008935e+00
 5.76000000e+01 0.00000000e+00 5.76000000e+01 6.64930229e+00 5.76000000e+01 -3.26878324e+00
 5.79000000e+01 0.00000000e+00 5.79000000e+01 6.78035588e+00 5.79000000e+01 -3.69221904e+00
 5.82000000e+01 0.00000000e+00 5.82000000e+01 7.05066479e+00 5.82000000e+01 -3.57818430e+00
 5.85000000e+01 0.00000000e+00 5.85000000e+01 7.33708335e+00 5.85000000e+01 -2.75444649e+00
 5.88000000e+01 0.00000000e+00 5.88000000e+01 7.45339411e+00 5.88000000e+01 -3.73212129e+00
 5.91000000e+01 0.00000000e+00 5.91000000e+01 6.51052129e+00 5.91000000e+01 -4.11349615e+00
 5.94000000e+01 0.00000000e+00 5.94000000e+01 7.34310886e+00 5.94000000e+01 -3.88932262e+00
 5.97000000e+01 0.00000000e+00 5.97000000e+01 6.23553629e+00 5.97000000e+01 -3.79071774e+00
