 0.00000000e+00 0.00000000e+00 0.00000000e+00 7.29057012e+00 0.00000000e+00 -4.51708044e+00
 3.00000000e-01 0.00000000e+00 3.00000000e-01 7.17355625e+00 3.00000000e-01 -4.28362064e+00
 6.00000000e-01 0.00000000e+00 6.00000000e-01 7.86972440e+00 6.00000000e-01 -4.82537081e+00
 9.00000000e-01 0.00000000e+00 9.00000000e-01 7.40985559e+00 9.00000000e-01 -4.37006961e+00
 1.20000000e+00 0.00000000e+00 1.20000000e+00 7.07922051e+00 1.20000000e+00 -4.40443615e+00
 1.50000000e+00 0.00000000e+00 1.50000000e+00 6.94557513e+00 1.50000000e+00 -5.17287720e+00
 1.80000000e+00 0.00000000e+00 1.80000000e+00 6.95951990e+00 1.80000000e+00 -4.36118186e+00
 2.10000000e+00 0.00000000e+00 2.10000000e+00 7.09525646e+00 2.10000000e+00 -5.05619839e+00
 2.40000000e+00 0.00000000e+00 2.40000000e+00 7.80714065e+00 2.40000000e+00 -4.74357105e+00
 2.70000000e+00 0.00000000e+00 2.70000000e+00 6.99270892e+00 2.70000000e+00 -4.97698653e+00
 3.00000000e+00 0.00000000e+00 3.00000000e+00 7.12728097e+00 3.00000000e+00 -4.36251438e+00
 3.30000000e+00 0.00000000e+00 3.30000000e+00 7.09489559e+00 3.30000000e+00 -5.12322370e+00
 3.60000000e+00 0.00000000e+00 3.60000000e+00 6.97655439e+00 3.60000000e+00 -4.19376287e+00
 3.90000000e+00 0.00000000e+00 3.90000000e+00 7.28757168e+00 3.90000000e+00 -3.93565876e+00
 4.20000000e+00 0.00000000e+00 4.20000000e+00 6.99838814e+00 4.20000000e+00 -4.97401980e+00
 4.50000000e+00 0.00000000e+00 4.50000000e+00 7.61561766e+00 4.50000000e+00 -4.37313197e+00
 4.80000000e+00 0.00000000e+00 4.80000000e+00 6.81300388e+00 4.80000000e+00 -4.69464270e+00
 5.10000000e+00 0.00000000e+00 5.10000000e+00 7.49421364e+00 5.10000000e+00 -4.81801733e+00
 5.40000000e+00 0.00000000e+00 5.40000000e+00 7.29914247e+00 5.40000000e+00 -4.74857376e+00
 5.70000000e+00 0.00000000e+00 5.70000000e+00 7.47509722e+00 5.70000000e+00 -4.65861608e+00
 6.00000000e+00 0.00000000e+00 6.00000000e+00 8.08349205e+00 6.00000000e+00 -4.76013529e+00
 6.30000000e+00 0.00000000e+00 6.30000000e+00 7.28570028e+00 6.30000000e+00 -4.79143723e+00
 6.60000000e+00 0.00000000e+00 6.60000000e+00 6.71457857e+00 6.60000000e+00 -4.50467602e+00
 6.90000000e+00 0.00000000e+00 6.90000000e+00 7.25824733e+00 6.90000000e+00 -4.62346403e+00
 7.20000000e+00 0.00000000e+00 7.20000000e+00 7.31335554e+00 7.20000000e+00 -4.39921342e+00
 7.50000000e+00 0.00000000e+00 7.50000000e+00 7.11425080e+00 7.50000000e+00 -4.24777379e+00
 7.80000000e+00 0.00000000e+00 7.80000000e+00 7.25212880e+00 7.80000000e+00 -3.92440079e+00
 8.10000000e+00 0.00000000e+00 8.10000000e+00 7.69315734e+00 8.10000000e+00 -4.78431870e+00
 8.40000000e+00 0.00000000e+00 8.40000000e+00 7.32898676e+00 8.40000000e+00 -4.37282746e+00
 8.70000000e+00 0.00000000e+00 8.70000000e+00 6.91167356e+00 8.70000000e+00 -4.51757829e+00
 9.00000000e+00 0.00000000e+00 9.00000000e+00 7.64674432e+00 9.00000000e+00 -4.23534617e+00
 9.30000000e+00 0.00000000e+00 9.30000000e+00 7.18273708e+00 9.30000000e+00 -4.41400037e+00
 9.60000000e+00 0.00000000e+00 9.60000000e+00 7.45707372e+00 9.60000000e+00 -4.27534824e+00
 9.90000000e+00 0.00000000e+00 9.90000000e+00 7.22194464e+00 9.90000000e+00 -4.34970555e+00
 1.02000000e+01 0.00000000e+00 1.02000000e+01 6.77297899e+00 1.02000000e+01 -3.94244019e+00
 1.05000000e+01 0.00000000e+00 1.05000000e+01 7.68432100e+00 1.05000000e+01 -4.73279546e+00
 1.08000000e+01 0.00000000e+00 1.08000000e+01 6.71621374e+00 1.08000000e+01 -4.69143930e+00
 1.11000000e+01 0.00000000e+00 1.11000000e+01 6.85865746e+00 1.11000000e+01 -4.76646986e+00
 1.14000000e+01 0.00000000e+00 1.14000000e+01 6.68872097e+00 1.14000000e+01 -4.17652599e+00
 1.17000000e+01 0.00000000e+00 1.17000000e+01 7.72096970e+00 1.17000000e+01 -4.22247488e+00
 1.20000000e+01 0.00000000e+00 1.20000000e+01 7.08533845e+00 1.20000000e+01 -4.36047033e+00
 1.23000000e+01 0.00000000e+00 1.23000000e+01 7.14531336e+00 1.23000000e+01 -4.60019635e+00
 1.26000000e+01 0.00000000e+00 1.26000000e+01 6.57696887e+00 1.26000000e+01 -4.22158410e+00
 1.29000000e+01 0.00000000e+00 1.29000000e+01 7.17420259e+00 1.29000000e+01 -4.67883427e+00
 1.32000000e+01 0.00000000e+00 1.32000000e+01 7.29614270e+00 1.32000000e+01 -4.43144895e+00
 1.35000000e+01 0.00000000e+00 1.35000000e+01 7.49892698e+00 1.35000000e+01 -4.95073387e+00
 1.38000000e+01 0.00000000e+00 1.38000000e+01 7.19190188e+00 1.38000000e+01 -4.37378087e+00
 1.41000000e+01 0.00000000e+00 1.41000000e+01 7.37088466e+00 1.41000000e+01 -4.10528219e+00
 1.44000000e+01 0.00000000e+00 1.44000000e+01 7.27953704e+00 1.44000000e+01 -4.82461490e+00
 1.47000000e+01 0.00000000e+00 1.47000000e+01 7.21881048e+00 1.47000000e+01 -4.39571406e+00
 1.50000000e+01 0.00000000e+00 1.50000000e+01 6.70089183e+00 1.50000000e+01 -4.77620912e+00
 1.53000000e+01 0.00000000e+00 1.53000000e+01 2.16727953e+00 1.53000000e+01 -4.92374663e+00
 1.56000000e+01 0.00000000e+00 1.56000000e+01 2.82992292e+00 1.56000000e+01 -4.35012757e+00
 1.59000000e+01 0.00000000e+00 1.59000000e+01 2.40905130e+00 1.59000000e+01 -5.29488746e+00
 1.62000000e+01 0.00000000e+00 1.62000000e+01 2.48882404e+00 1.62000000e+01 -4.89240760e+00
 1.65000000e+01 0.00000000e+00 1.65000000e+01 2.46298836e+00 1.65000000e+01 -4.94820012e+00
 1.68000000e+01 0.00000000e+00 1.68000000e+01 2.15392326e+00 1.68000000e+01 -5.33569389e+00
 1.71000000e+01 0.00000000e+00 1.71000000e+01 3.10633764e+00 1.71000000e+01 -5.21928446e+00
 1.74000000e+01 0.00000000e+00 1.74000000e+01 2.70410852e+00 1.74000000e+01 -5.04878477e+00
 1.77000000e+01 0.00000000e+00 1.77000000e+01 2.67554316e+00 1.77000000e+01 -4.67799378e+00
 1.80000000e+01 0.00000000e+00 1.80000000e+01 2.93849073e+00 1.80000000e+01 -4.17613851e+00
 1.83000000e+01 0.00000000e+00 1.83000000e+01 2.54648429e+00 1.83000000e+01 -5.08608327e+00
 1.86000000e+01 0.00000000e+00 1.86000000e+01 2.74085201e+00 1.86000000e+01 -4.82873823e+00
 1.89000000e+01 0.00000000e+00 1.89000000e+01 2.46211159e+00 1.89000000e+01 -4.55930670e+00
 1.92000000e+01 0.00000000e+00 1.92000000e+01 2.48466060e+00 1.92000000e+01 -4.77310704e+00
 1.95000000e+01 0.00000000e+00 1.95000000e+01 3.04189241e+00 1.95000000e+01 -5.51171043e+00
 1.98000000e+01 0.00000000e+00 1.98000000e+01 2.37352438e+00 1.98000000e+01 -5.28151887e+00
 2.01000000e+01 0.00000000e+00 2.01000000e+01 2.41695701e+00 2.01000000e+01 -5.28989319e+00
 2.04000000e+01 0.00000000e+00 2.04000000e+01 2.76978888e+00 2.04000000e+01 -4.96100456e+00
 2.07000000e+01 0.00000000e+00 2.07000000e+01 2.90147720e+00 2.07000000e+01 -4.73501992e+00
 2.10000000e+01 0.00000000e+00 2.10000000e+01 2.53497428e+00 2.10000000e+01 -5.01377007e+00
 2.13000000e+01 0.00000000e+00 2.13000000e+01 2.48939086e+00 2.13000000e+01 -5.25288956e+00
 2.16000000e+01 0.00000000e+00 2.16000000e+01 2.88424123e+00 2.16000000e+01 -5.07516966e+00
 2.19000000e+01 0.00000000e+00 2.19000000e+01 2.21268849e+00 2.19000000e+01 -4.99013605e+00
 2.22000000e+01 0.00000000e+00 2.22000000e+01 2.30911487e+00 2.22000000e+01 -4.56337958e+00
 2.25000000e+01 0.00000000e+00 2.25000000e+01 2.42145615e+00 2.25000000e+01 -4.18134834e+00
 2.28000000e+01 0.00000000e+00 2.28000000e+01 3.18130989e+00 2.28000000e+01 -4.93720203e+00
 2.31000000e+01 0.00000000e+00 2.31000000e+01 2.22400582e+00 2.31000000e+01 -4.97814162e+00
 2.34000000e+01 0.00000000e+00 2.34000000e+01 2.79988662e+00 2.34000000e+01 -4.75147013e+00
 2.37000000e+01 0.00000000e+00 2.37000000e+01 2.97103325e+00 2.37000000e+01 -5.43738033e+00
 2.40000000e+01 0.00000000e+00 2.40000000e+01 3.17427970e+00 2.40000000e+01 -4.40089416e+00
 2.43000000e+01 0.00000000e+00 2.43000000e+01 3.10619396e+00 2.43000000e+01 -5.28698355e+00
 2.46000000e+01 0.00000000e+00 2.46000000e+01 2.86568552e+00 2.46000000e+01 -5.26479785e+00
 2.49000000e+01 0.00000000e+00 2.49000000e+01 2.31717962e+00 2.49000000e+01 -4.81725038e+00
 2.52000000e+01 0.00000000e+00 2.52000000e+01 3.24512843e+00 2.52000000e+01 -6.15403922e+00
 2.55000000e+01 0.00000000e+00 2.55000000e+01 2.58935071e+00 2.55000000e+01 -6.03769415e+00
 2.58000000e+01 0.00000000e+00 2.58000000e+01 3.08193910e+00 2.58000000e+01 -5.45226282e+00
 2.61000000e+01 0.00000000e+00 2.61000000e+01 2.32641464e+00 2.61000000e+01 -5.32539531e+00
 2.64000000e+01 0.00000000e+00 2.64000000e+01 2.81233747e+00 2.64000000e+01 -6.01379418e+00
 2.67000000e+01 0.00000000e+00 2.67000000e+01 2.08390661e+00 2.67000000e+01 -5.65991704e+00
 2.70000000e+01 0.00000000e+00 2.70000000e+01 2.31148422e+00 2.70000000e+01 -6.06397489e+00
 2.73000000e+01 0.00000000e+00 2.73000000e+01 2.75319400e+00 2.73000000e+01 -5.72535534e+00
 2.76000000e+01 0.00000000e+00 2.76000000e+01 2.93151711e+00 2.76000000e+01 -5.14895785e+00
 2.79000000e+01 0.00000000e+00 2.79000000e+01 2.16056332e+00 2.79000000e+01 -5.61075581e+00
 2.82000000e+01 0.00000000e+00 2.82000000e+01 3.02842280e+00 2.82000000e+01 -5.59355513e+00
 2.85000000e+01 0.00000000e+00 2.85000000e+01 2.40483876e+00 2.85000000e+01 -5.87264783e+00
 2.88000000e+01 0.00000000e+00 2.88000000e+01 2.97440935e+00 2.88000000e+01 -5.78984894e+00
 2.91000000e+01 0.00000000e+00 2.91000000e+01 3.31609998e+00 2.91000000e+01 -5.55620670e+00
 2.94000000e+01 0.00000000e+00 2.94000000e+01 2.70629615e+00 2.94000000e+01 -5.51718081e+00
 2.97000000e+01 0.00000000e+00 2.97000000e+01 2.52342489e+00 2.97000000e+01 -5.44098096e+00
 3.00000000e+01 0.00000000e+00 3.00000000e+01 3.07547764e+00 3.00000000e+01 -5.62955529e+00
 3.03000000e+01 0.00000000e+00 3.03000000e+01 2.62088864e+00 3.03000000e+01 -5.62351335e+00
 3.06000000e+01 0.00000000e+00 3.06000000e+01 2.91111448e+00 3.06000000e+01 -5.03214919e+00
 3.09000000e+01 0.00000000e+00 3.09000000e+01 3.40611861e+00 3.09000000e+01 -5.91107279e+00
 3.12000000e+01 0.00000000e+00 3.12000000e+01 2.68863476e+00 3.12000000e+01 -5.50833448e+00
 3.15000000e+01 0.00000000e+00 3.15000000e+01 2.78481146e+00 3.15000000e+01 -5.83408071e+00
 3.18000000e+01 0.00000000e+00 3.18000000e+01 2.63100073e+00 3.18000000e+01 -6.08892734e+00
 3.21000000e+01 0.00000000e+00 3.21000000e+01 3.30749238e+00 3.21000000e+01 -5.24769139e+00
 3.24000000e+01 0.00000000e+00 3.24000000e+01 2.75281668e+00 3.24000000e+01 -5.85389860e+00
 3.27000000e+01 0.00000000e+00 3.27000000e+01 2.37207683e+00 3.27000000e+01 -5.18074948e+00
 3.30000000e+01 0.00000000e+00 3.30000000e+01 3.00700067e+00 3.30000000e+01 -5.50865344e+00
 3.33000000e+01 0.00000000e+00 3.33000000e+01 2.75494433e+00 3.33000000e+01 -5.15655683e+00
 3.36000000e+01 0.00000000e+00 3.36000000e+01 2.45260568e+00 3.36000000e+01 -6.05994581e+00
 3.39000000e+01 0.00000000e+00 3.39000000e+01 3.53408237e+00 3.39000000e+01 -5.46387897e+00
 3.42000000e+01 0.00000000e+00 3.42000000e+01 2.75693820e+00 3.42000000e+01 -5.22479596e+00
 3.45000000e+01 0.00000000e+00 3.45000000e+01 2.18187619e+00 3.45000000e+01 -5.56469968e+00
 3.48000000e+01 0.00000000e+00 3.48000000e+01 2.63108486e+00 3.48000000e+01 -6.03661202e+00
 3.51000000e+01 0.00000000e+00 3.51000000e+01 4.42761853e+00 3.51000000e+01 -2.16904316e+00
 3.54000000e+01 0.00000000e+00 3.54000000e+01 4.50696123e+00 3.54000000e+01 -2.11878130e+00
 3.57000000e+01 0.00000000e+00 3.57000000e+01 4.23567671e+00 3.57000000e+01 -1.80242147e+00
 3.60000000e+01 0.00000000e+00 3.60000000e+01 4.20486887e+00 3.60000000e+01 -1.55729496e+00
 3.63000000e+01 0.00000000e+00 3.63000000e+01 4.53372763e+00 3.63000000e+01 -2.26108429e+00
 3.66000000e+01 0.00000000e+00 3.66000000e+01 4.44649065e+00 3.66000000e+01 -1.91250084e+00
 3.69000000e+01 0.00000000e+00 3.69000000e+01 4.37234470e+00 3.69000000e+01 -1.80621529e+00
 3.72000000e+01 0.00000000e+00 3.72000000e+01 4.02627922e+00 3.72000000e+01 -1.96898095e+00
 3.75000000e+01 0.00000000e+00 3.75000000e+01 3.53015981e+00 3.75000000e+01 -2.25809973e+00
 3.78000000e+01 0.00000000e+00 3.78000000e+01 3.93731950e+00 3.78000000e+01 -2.34933580e+00
 3.81000000e+01 0.00000000e+00 3.81000000e+01 3.94878364e+00 3.81000000e+01 -1.87789944e+00
 3.84000000e+01 0.00000000e+00 3.84000000e+01 3.92920696e+00 3.84000000e+01 -1.61437989e+00
 3.87000000e+01 0.00000000e+00 3.87000000e+01 4.42366691e+00 3.87000000e+01 -1.87028381e+00
 3.90000000e+01 0.00000000e+00 3.90000000e+01 4.22553433e+00 3.90000000e+01 -1.27814750e+00
 3.93000000e+01 0.00000000e+00 3.93000000e+01 4.13458140e+00 3.93000000e+01 -1.96932632e+00
 3.96000000e+01 0.00000000e+00 3.96000000e+01 3.95539755e+00 3.96000000e+01 -2.12492880e+00
 3.99000000e+01 0.00000000e+00 3.99000000e+01 4.21267602e+00 3.99000000e+01 -1.91558465e+00
 4.02000000e+01 0.00000000e+00 4.02000000e+01 3.93400227e+00 4.02000000e+01 1.08224564e+00
 4.05000000e+01 0.00000000e+00 4.05000000e+01 3.36650673e+00 4.05000000e+01 1.22989904e+00
 4.08000000e+01 0.00000000e+00 4.08000000e+01 4.01861042e+00 4.08000000e+01 3.08327468e-01
 4.11000000e+01 0.00000000e+00 4.11000000e+01 3.64675559e+00 4.11000000e+01 1.02794034e-01
 4.14000000e+01 0.00000000e+00 4.14000000e+01 3.52466497e+00 4.14000000e+01 9.94894801e-02
 4.17000000e+01 0.00000000e+00 4.17000000e+01 3.97526339e+00 4.17000000e+01 8.05549916e-01
 4.20000000e+01 0.00000000e+00 4.20000000e+01 3.61236238e+00 4.20000000e+01 9.73908481e-01
 4.23000000e+01 0.00000000e+00 4.23000000e+01 3.81110616e+00 4.23000000e+01 3.39821954e-01
 4.26000000e+01 0.00000000e+00 4.26000000e+01 3.36035079e+00 4.26000000e+01 3.38460623e-01
 4.29000000e+01 0.00000000e+00 4.29000000e+01 3.66199089e+00 4.29000000e+01 6.13134411e-01
 4.32000000e+01 0.00000000e+00 4.32000000e+01 3.25512424e+00 4.32000000e+01 1.80778272e-01
 4.35000000e+01 0.00000000e+00 4.35000000e+01 3.86046552e+00 4.35000000e+01 3.20827083e-01
 4.38000000e+01 0.00000000e+00 4.38000000e+01 3.90362758e+00 4.38000000e+01 1.05395691e+00
 4.41000000e+01 0.00000000e+00 4.41000000e+01 3.40986116e+00 4.41000000e+01 2.68252261e-01
 4.44000000e+01 0.00000000e+00 4.44000000e+01 3.27057124e+00 4.44000000e+01 7.74515845e-01
 4.47000000e+01 0.00000000e+00 4.47000000e+01 2.96911854e+00 4.47000000e+01 9.69118540e-01
 4.50000000e+01 0.00000000e+00 4.50000000e+01 3.47795621e+00 4.50000000e+01 1.18997718e+00
 4.53000000e+01 0.00000000e+00 4.53000000e+01 3.80854704e+00 4.53000000e+01 4.97855136e-01
 4.56000000e+01 0.00000000e+00 4.56000000e+01 3.87222774e+00 4.56000000e+01 8.86076048e-01
 4.59000000e+01 0.00000000e+00 4.59000000e+01 3.59304727e+00 4.59000000e+01 9.15666000e-01
 4.62000000e+01 0.00000000e+00 4.62000000e+01 3.84920912e+00 4.62000000e+01 1.07125601e+00
 4.65000000e+01 0.00000000e+00 4.65000000e+01 3.31254846e+00 4.65000000e+01 7.91166315e-01
 4.68000000e+01 0.00000000e+00 4.68000000e+01 3.54399686e+00 4.68000000e+01 7.89246503e-01
 4.71000000e+01 0.00000000e+00 4.71000000e+01 2.78334152e+00 4.71000000e+01 6.65629512e-01
 4.74000000e+01 0.00000000e+00 4.74000000e+01 3.31256767e+00 4.74000000e+01 1.12412513e+00
 4.77000000e+01 0.00000000e+00 4.77000000e+01 4.09197814e+00 4.77000000e+01 1.10812716e+00
 4.80000000e+01 0.00000000e+00 4.80000000e+01 3.76641055e+00 4.80000000e+01 2.94733176e-01
 4.83000000e+01 0.00000000e+00 4.83000000e+01 3.41535654e+00 4.83000000e+01 1.42560051e-01
 4.86000000e+01 0.00000000e+00 4.86000000e+01 4.05540775e+00 4.86000000e+01 3.13946046e-01
 4.89000000e+01 0.00000000e+00 4.89000000e+01 3.63455265e+00 4.89000000e+01 3.55703087e-01
 4.92000000e+01 0.00000000e+00 4.92000000e+01 3.50514233e+00 4.92000000e+01 4.77868307e-01
 4.95000000e+01 0.00000000e+00 4.95000000e+01 3.74451049e+00 4.95000000e+01 5.55836404e-01
 4.98000000e+01 0.00000000e+00 4.98000000e+01 3.65596373e+00 4.98000000e+01 1.31494307e-02
 5.01000000e+01 0.00000000e+00 5.01000000e+01 3.37558062e+00 5.01000000e+01 -4.66403847e+00
 5.04000000e+01 0.00000000e+00 5.04000000e+01 3.73119031e+00 5.04000000e+01 -4.26064390e+00
 5.07000000e+01 0.00000000e+00 5.07000000e+01 3.40913599e+00 5.07000000e+01 -4.34757313e+00
 5.10000000e+01 0.00000000e+00 5.10000000e+01 3.83862380e+00 5.10000000e+01 -4.50611404e+00
 5.13000000e+01 0.00000000e+00 5.13000000e+01 4.06306993e+00 5.13000000e+01 -4.38800560e+00
 5.16000000e+01 0.00000000e+00 5.16000000e+01 4.13579431e+00 5.16000000e+01 -4.45320307e+00
 5.19000000e+01 0.00000000e+00 5.19000000e+01 3.18301504e+00 5.19000000e+01 -3.88403723e+00
 5.22000000e+01 0.00000000e+00 5.22000000e+01 4.48962417e+00 5.22000000e+01 -3.97661492e+00
 5.25000000e+01 0.00000000e+00 5.25000000e+01 4.07385145e+00 5.25000000e+01 -3.49853989e+00
 5.28000000e+01 0.00000000e+00 5.28000000e+01 3.33956508e+00 5.28000000e+01 -3.58975801e+00
 5.31000000e+01 0.00000000e+00 5.31000000e+01 3.64527599e+00 5.31000000e+01 -3.72721060e+00
 5.34000000e+01 0.00000000e+00 5.34000000e+01 4.26342792e+00 5.34000000e+01 -3.87057747e+00
 5.37000000e+01 0.00000000e+00 5.37000000e+01 3.85072504e+00 5.37000000e+01 -3.41185385e+00
 5.40000000e+01 0.00000000e+00 5.40000000e+01 3.95605713e+00 5.40000000e+01 -4.19308860e+00
 5.43000000e+01 0.00000000e+00 5.43000000e+01 3.34595520e+00 5.43000000e+01 -3.92301361e+00
 5.46000000e+01 0.00000000e+00 5.46000000e+01 4.12966896e+00 5.46000000e+01 -3.95048836e+00
 5.49000000e+01 0.00000000e+00 5.49000000e+01 3.67835868e+00 5.49000000e+01 -4.21205665e+00
 5.52000000e+01 0.00000000e+00 5.52000000e+01 7.06608209e+00 5.52000000e+01 -4.25186383e+00
 5.55000000e+01 0.00000000e+00 5.55000000e+01 7.23852167e+00 5.55000000e+01 -4.42363321e+00
 5.58000000e+01 0.00000000e+00 5.58000000e+01 6.54989706e+00 5.58000000e+01 -4.59478904e+00
 5.61000000e+01 0.00000000e+00 5.61000000e+01 7.36949966e+00 5.61000000e+01 -4.79154373e+00
 5.64000000e+01 0.00000000e+00 5.64000000e+01 7.49279069e+00 5.64000000e+01 -3.88543139e+00
 5.67000000e+01 0.00000000e+00 5.67000000e+01 7.55616318e+00 5.67000000e+01 -4.71438404e+00
 5.70000000e+01 0.00000000e+00 5.70000000e+01 7.45099916e+00 5.70000000e+01 -4.24921774e+00
 5.73000000e+01 0.00000000e+00 5.73000000e+01 7.76587252e+00 5.73000000e+01 -4.13019712e+00
 5.76000000e+01 0.00000000e+00 5.76000000e+01 7.44238836e+00 5.76000000e+01 -3.77593914e+00
 5.79000000e+01 0.00000000e+00 5.79000000e+01 7.65747632e+00 5.79000000e+01 -4.35638925e+00
 5.82000000e+01 0.00000000e+00 5.82000000e+01 7.29999529e+00 5.82000000e+01 -4.74728356e+00
 5.85000000e+01 0.00000000e+00 5.85000000e+01 7.25860756e+00 5.85000000e+01 -4.90501492e+00
 5.88000000e+01 0.00000000e+00 5.88000000e+01 7.05028635e+00 5.88000000e+01 -4.58911124e+00
 5.91000000e+01 0.00000000e+00 5.91000000e+01 7.30490940e+00 5.91000000e+01 -4.36189990e+00
 5.94000000e+01 0.00000000e+00 5.94000000e+01 7.53464971e+00 5.94000000e+01 -4.13778718e+00
 5.97000000e+01 0.00000000e+00 5.97000000e+01 7.44278864e+00 5.97000000e+01 -4.29233649e+00
