 0.00000000e+00 0.00000000e+00 0.00000000e+00 7.03219414e+00 0.00000000e+00 -4.24068126e+00
 3.00000000e-01 0.00000000e+00 3.00000000e-01 7.20979571e+00 3.00000000e-01 -4.45152816e+00
 6.00000000e-01 0.00000000e+00 6.00000000e-01 7.57962931e+00 6.00000000e-01 -3.81744930e+00
 9.00000000e-01 0.00000000e+00 9.00000000e-01 6.19257439e+00 9.00000000e-01 -4.40168565e+00
 1.20000000e+00 0.00000000e+00 1.20000000e+00 7.12981729e+00 1.20000000e+00 -3.40311540e+00
 1.50000000e+00 0.00000000e+00 1.50000000e+00 7.35113236e+00 1.50000000e+00 -4.50140840e+00
 1.80000000e+00 0.00000000e+00 1.80000000e+00 6.40070575e+00 1.80000000e+00 -4.18610261e+00
 2.10000000e+00 0.00000000e+00 2.10000000e+00 7.44473459e+00 2.10000000e+00 -4.14211247e+00
 2.40000000e+00 0.00000000e+00 2.40000000e+00 7.41123444e+00 2.40000000e+00 -4.33979807e+00
 2.70000000e+00 0.00000000e+00 2.70000000e+00 6.89110557e+00 2.70000000e+00 -3.71313885e+00
 3.00000000e+00 0.00000000e+00 3.00000000e+00 7.17270615e+00 3.00000000e+00 -4.11951042e+00
 3.30000000e+00 0.00000000e+00 3.30000000e+00 6.87776872e+00 3.30000000e+00 -4.66299603e+00
 3.60000000e+00 0.00000000e+00 3.60000000e+00 7.18993606e+00 3.60000000e+00 -4.94491122e+00
 3.90000000e+00 0.00000000e+00 3.90000000e+00 7.03906037e+00 3.90000000e+00 -3.87614120e+00
 4.20000000e+00 0.00000000e+00 4.20000000e+00 6.91034519e+00 4.20000000e+00 -3.81299570e+00
 4.50000000e+00 0.00000000e+00 4.50000000e+00 7.38890817e+00 4.50000000e+00 -4.16670047e+00
 4.80000000e+00 0.00000000e+00 4.80000000e+00 7.33256665e+00 4.80000000e+00 -4.33863062e+00
 5.10000000e+00 0.00000000e+00 5.10000000e+00 7.13154374e+00 5.10000000e+00 -4.35307454e+00
 5.40000000e+00 0.00000000e+00 5.40000000e+00 6.84479695e+00 5.40000000e+00 -3.27615741e+00
 5.70000000e+00 0.00000000e+00 5.70000000e+00 7.06274339e+00 5.70000000e+00 -4.42573299e+00
 6.00000000e+00 0.00000000e+00 6.00000000e+00 7.28506348e+00 6.00000000e+00 -4.23703814e+00
 6.30000000e+00 0.00000000e+00 6.30000000e+00 7.00425365e+00 6.30000000e+00 -4.53626264e+00
 6.60000000e+00 0.00000000e+00 6.60000000e+00 7.43417131e+00 6.60000000e+00 -3.91434684e+00
 6.90000000e+00 0.00000000e+00 6.90000000e+00 7.40752451e+00 6.90000000e+00 -4.35080145e+00
 7.20000000e+00 0.00000000e+00 7.20000000e+00 6.98700767e+00 7.20000000e+00 -4.06891335e+00
 7.50000000e+00 0.00000000e+00 7.50000000e+00 7.03819476e+00 7.50000000e+00 -3.96167608e+00
 7.80000000e+00 0.00000000e+00 7.80000000e+00 7.51015910e+00 7.80000000e+00 -4.10098988e+00
 8.10000000e+00 0.00000000e+00 8.10000000e+00 7.67598766e+00 8.10000000e+00 -3.88729390e+00
 8.40000000e+00 0.00000000e+00 8.40000000e+00 7.29927317e+00 8.40000000e+00 -4.29014005e+00
 8.70000000e+00 0.00000000e+00 8.70000000e+00 7.01568394e+00 8.70000000e+00 -4.56285122e+00
 9.00000000e+00 0.00000000e+00 9.00000000e+00 7.20563751e+00 9.00000000e+00 -4.13704310e+00
 9.30000000e+00 0.00000000e+00 9.30000000e+00 7.07545786e+00 9.30000000e+00 -4.06772009e+00
 9.60000000e+00 0.00000000e+00 9.60000000e+00 7.21598062e+00 9.60000000e+00 -4.20796813e+00
 9.90000000e+00 0.00000000e+00 9.90000000e+00 7.68228249e+00 9.90000000e+00 -3.48725008e+00
 1.02000000e+01 0.00000000e+00 1.02000000e+01 7.15923125e+00 1.02000000e+01 -4.28291649e+00
 1.05000000e+01 0.00000000e+00 1.05000000e+01 6.91618672e+00 1.05000000e+01 -4.00981851e+00
 1.08000000e+01 0.00000000e+00 1.08000000e+01 7.03348068e+00 1.08000000e+01 -4.21219576e+00
 1.11000000e+01 0.00000000e+00 1.11000000e+01 6.86244098e+00 1.11000000e+01 -3.95157479e+00
 1.14000000e+01 0.00000000e+00 1.14000000e+01 7.15965093e+00 1.14000000e+01 -3.82912304e+00
 1.17000000e+01 0.00000000e+00 1.17000000e+01 7.13564664e+00 1.17000000e+01 -4.12957027e+00
 1.20000000e+01 0.00000000e+00 1.20000000e+01 6.59435612e+00 1.20000000e+01 -4.54996196e+00
 1.23000000e+01 0.00000000e+00 1.23000000e+01 7.07213920e+00 1.23000000e+01 -4.70269571e+00
 1.26000000e+01 0.00000000e+00 1.26000000e+01 7.42370413e+00 1.26000000e+01 -4.44105438e+00
 1.29000000e+01 0.00000000e+00 1.29000000e+01 6.86379556e+00 1.29000000e+01 -4.70478402e+00
 1.32000000e+01 0.00000000e+00 1.32000000e+01 7.79997907e+00 1.32000000e+01 -4.20857146e+00
 1.35000000e+01 0.00000000e+00 1.35000000e+01 7.09624968e+00 1.35000000e+01 -4.32081481e+00
 1.38000000e+01 0.00000000e+00 1.38000000e+01 7.57423530e+00 1.38000000e+01 -4.30228485e+00
 1.41000000e+01 0.00000000e+00 1.41000000e+01 7.70031898e+00 1.41000000e+01 -4.50004125e+00
 1.44000000e+01 0.00000000e+00 1.44000000e+01 6.67630321e+00 1.44000000e+01 -4.26304709e+00
 1.47000000e+01 0.00000000e+00 1.47000000e+01 6.70940390e+00 1.47000000e+01 -4.18504715e+00
 1.50000000e+01 0.00000000e+00 1.50000000e+01 7.20867275e+00 1.50000000e+01 -4.24004490e+00
 1.53000000e+01 0.00000000e+00 1.53000000e+01 1.82140323e+00 1.53000000e+01 -6.24863308e+00
 1.56000000e+01 0.00000000e+00 1.56000000e+01 1.71200468e+00 1.56000000e+01 -5.88121499e+00
 1.59000000e+01 0.00000000e+00 1.59000000e+01 1.83444506e+00 1.59000000e+01 -5.81420500e+00
 1.62000000e+01 0.00000000e+00 1.62000000e+01 1.27605428e+00 1.62000000e+01 -5.39102070e+00
 1.65000000e+01 0.00000000e+00 1.65000000e+01 1.25689279e+00 1.65000000e+01 -6.24717140e+00
 1.68000000e+01 0.00000000e+00 1.68000000e+01 1.44467133e+00 1.68000000e+01 -5.88607483e+00
 1.71000000e+01 0.00000000e+00 1.71000000e+01 1.63860469e+00 1.71000000e+01 -5.73375077e+00
 1.74000000e+01 0.00000000e+00 1.74000000e+01 1.82437019e+00 1.74000000e+01 -6.00667700e+00
 1.77000000e+01 0.00000000e+00 1.77000000e+01 1.63940382e+00 1.77000000e+01 -5.97294753e+00
 1.80000000e+01 0.00000000e+00 1.80000000e+01 1.61573561e+00 1.80000000e+01 -5.40248597e+00
 1.83000000e+01 0.00000000e+00 1.83000000e+01 1.48759600e+00 1.83000000e+01 -5.68662205e+00
 1.86000000e+01 0.00000000e+00 1.86000000e+01 1.09412965e+00 1.86000000e+01 -6.87966221e+00
 1.89000000e+01 0.00000000e+00 1.89000000e+01 1.44735763e+00 1.89000000e+01 -5.64359945e+00
 1.92000000e+01 0.00000000e+00 1.92000000e+01 1.65872304e+00 1.92000000e+01 -5.73142635e+00
 1.95000000e+01 0.00000000e+00 1.95000000e+01 1.07650420e+00 1.95000000e+01 -5.88324152e+00
 1.98000000e+01 0.00000000e+00 1.98000000e+01 1.61691041e+00 1.98000000e+01 -6.79089429e+00
 2.01000000e+01 0.00000000e+00 2.01000000e+01 1.85384759e+00 2.01000000e+01 -5.93602212e+00
 2.04000000e+01 0.00000000e+00 2.04000000e+01 1.65209902e+00 2.04000000e+01 -6.06277992e+00
 2.07000000e+01 0.00000000e+00 2.07000000e+01 1.67352216e+00 2.07000000e+01 -5.92948179e+00
 2.10000000e+01 0.00000000e+00 2.10000000e+01 1.68985303e+00 2.10000000e+01 -5.45099525e+00
 2.13000000e+01 0.00000000e+00 2.13000000e+01 1.63562462e+00 2.13000000e+01 -5.42945800e+00
 2.16000000e+01 0.00000000e+00 2.16000000e+01 1.87417414e+00 2.16000000e+01 -6.09049275e+00
 2.19000000e+01 0.00000000e+00 2.19000000e+01 1.93251258e+00 2.19000000e+01 -6.11597312e+00
 2.22000000e+01 0.00000000e+00 2.22000000e+01 1.66543592e+00 2.22000000e+01 -6.12189476e+00
 2.25000000e+01 0.00000000e+00 2.25000000e+01 1.81575600e+00 2.25000000e+01 -5.76565120e+00
 2.28000000e+01 0.00000000e+00 2.28000000e+01 1.58186115e+00 2.28000000e+01 -6.02796412e+00
 2.31000000e+01 0.00000000e+00 2.31000000e+01 1.61892115e+00 2.31000000e+01 -5.63503309e+00
 2.34000000e+01 0.00000000e+00 2.34000000e+01 1.75832767e+00 2.34000000e+01 -6.37657125e+00
 2.37000000e+01 0.00000000e+00 2.37000000e+01 1.24237349e+00 2.37000000e+01 -6.21255200e+00
 2.40000000e+01 0.00000000e+00 2.40000000e+01 1.95905856e+00 2.40000000e+01 -5.88390310e+00
 2.43000000e+01 0.00000000e+00 2.43000000e+01 1.75686724e+00 2.43000000e+01 -5.61504927e+00
 2.46000000e+01 0.00000000e+00 2.46000000e+01 1.55685466e+00 2.46000000e+01 -5.57186107e+00
 2.49000000e+01 0.00000000e+00 2.49000000e+01 1.74129644e+00 2.49000000e+01 -6.11229144e+00
 2.52000000e+01 0.00000000e+00 2.52000000e+01 2.28957711e+00 2.52000000e+01 -4.97878472e+00
 2.55000000e+01 0.00000000e+00 2.55000000e+01 1.64998267e+00 2.55000000e+01 -3.88340961e+00
 2.58000000e+01 0.00000000e+00 2.58000000e+01 1.40997812e+00 2.58000000e+01 -4.15286827e+00
 2.61000000e+01 0.00000000e+00 2.61000000e+01 1.80760754e+00 2.61000000e+01 -4.50002602e+00
 2.64000000e+01 0.00000000e+00 2.64000000e+01 1.19970533e+00 2.64000000e+01 -4.81515378e+00
 2.67000000e+01 0.00000000e+00 2.67000000e+01 1.88365460e+00 2.67000000e+01 -4.76007756e+00
 2.70000000e+01 0.00000000e+00 2.70000000e+01 1.14577108e+00 2.70000000e+01 -3.96529059e+00
 2.73000000e+01 0.00000000e+00 2.73000000e+01 1.18781236e+00 2.73000000e+01 -5.30271577e+00
 2.76000000e+01 0.00000000e+00 2.76000000e+01 1.42745683e+00 2.76000000e+01 -4.91418105e+00
 2.79000000e+01 0.00000000e+00 2.79000000e+01 1.22630428e+00 2.79000000e+01 -4.94183845e+00
 2.82000000e+01 0.00000000e+00 2.82000000e+01 1.91199152e+00 2.82000000e+01 -3.88038072e+00
 2.85000000e+01 0.00000000e+00 2.85000000e+01 1.58011613e+00 2.85000000e+01 -4.57425989e+00
 2.88000000e+01 0.00000000e+00 2.88000000e+01 1.93896755e+00 2.88000000e+01 -4.44081104e+00
 2.91000000e+01 0.00000000e+00 2.91000000e+01 1.40475728e+00 2.91000000e+01 -4.40680173e+00
 2.94000000e+01 0.00000000e+00 2.94000000e+01 1.78146883e+00 2.94000000e+01 -4.52689389e+00
 2.97000000e+01 0.00000000e+00 2.97000000e+01 1.49490751e+00 2.97000000e+01 -4.62002239e+00
 3.00000000e+01 0.00000000e+00 3.00000000e+01 1.62127923e+00 3.00000000e+01 -4.81530496e+00
 3.03000000e+01 0.00000000e+00 3.03000000e+01 1.51959698e+00 3.03000000e+01 -4.61182408e+00
 3.06000000e+01 0.00000000e+00 3.06000000e+01 1.88078677e+00 3.06000000e+01 -4.60416209e+00
 3.09000000e+01 0.00000000e+00 3.09000000e+01 1.35518555e+00 3.09000000e+01 -4.74027808e+00
 3.12000000e+01 0.00000000e+00 3.12000000e+01 8.72891671e-01 3.12000000e+01 -4.37072690e+00
 3.15000000e+01 0.00000000e+00 3.15000000e+01 1.60195545e+00 3.15000000e+01 -5.22024324e+00
 3.18000000e+01 0.00000000e+00 3.18000000e+01 1.78526363e+00 3.18000000e+01 -4.41744077e+00
 3.21000000e+01 0.00000000e+00 3.21000000e+01 1.24845796e+00 3.21000000e+01 -4.09921470e+00
 3.24000000e+01 0.00000000e+00 3.24000000e+01 1.79850878e+00 3.24000000e+01 -4.23241096e+00
 3.27000000e+01 0.00000000e+00 3.27000000e+01 1.73928649e+00 3.27000000e+01 -4.17633751e+00
 3.30000000e+01 0.00000000e+00 3.30000000e+01 1.70419284e+00 3.30000000e+01 -4.47643251e+00
 3.33000000e+01 0.00000000e+00 3.33000000e+01 1.59586210e+00 3.33000000e+01 -4.45511214e+00
 3.36000000e+01 0.00000000e+00 3.36000000e+01 1.99335253e+00 3.36000000e+01 -4.12321675e+00
 3.39000000e+01 0.00000000e+00 3.39000000e+01 1.41658935e+00 3.39000000e+01 -4.02836021e+00
 3.42000000e+01 0.00000000e+00 3.42000000e+01 1.94454509e+00 3.42000000e+01 -5.01125018e+00
 3.45000000e+01 0.00000000e+00 3.45000000e+01 1.98593354e+00 3.45000000e+01 -4.86107412e+00
 3.48000000e+01 0.00000000e+00 3.48000000e+01 1.78841670e+00 3.48000000e+01 -5.27207895e+00
 3.51000000e+01 0.00000000e+00 3.51000000e+01 4.98456287e+00 3.51000000e+01 1.03845920e+00
 3.54000000e+01 0.00000000e+00 3.54000000e+01 5.03124410e+00 3.54000000e+01 7.75946761e-01
 3.57000000e+01 0.00000000e+00 3.57000000e+01 5.05024740e+00 3.57000000e+01 2.72559866e-01
 3.60000000e+01 0.00000000e+00 3.60000000e+01 5.09981178e+00 3.60000000e+01 2.12070174e-02
 3.63000000e+01 0.00000000e+00 3.63000000e+01 4.60566445e+00 3.63000000e+01 4.16652953e-01
 3.66000000e+01 0.00000000e+00 3.66000000e+01 4.59478458e+00 3.66000000e+01 8.94489545e-01
 3.69000000e+01 0.00000000e+00 3.69000000e+01 4.95634415e+00 3.69000000e+01 1.09101040e+00
 3.72000000e+01 0.00000000e+00 3.72000000e+01 5.14918397e+00 3.72000000e+01 5.52043314e-01
 3.75000000e+01 0.00000000e+00 3.75000000e+01 5.41469837e+00 3.75000000e+01 2.47341491e-01
 3.78000000e+01 0.00000000e+00 3.78000000e+01 5.03608185e+00 3.78000000e+01 6.57531575e-01
 3.81000000e+01 0.00000000e+00 3.81000000e+01 5.38101202e+00 3.81000000e+01 5.63478740e-01
 3.84000000e+01 0.00000000e+00 3.84000000e+01 5.38999281e+00 3.84000000e+01 9.58253530e-01
 3.87000000e+01 0.00000000e+00 3.87000000e+01 5.10300751e+00 3.87000000e+01 2.88144891e-01
 3.90000000e+01 0.00000000e+00 3.90000000e+01 4.95747732e+00 3.90000000e+01 1.35563816e-01
 3.93000000e+01 0.00000000e+00 3.93000000e+01 4.97918106e+00 3.93000000e+01 1.00346889e+00
 3.96000000e+01 0.00000000e+00 3.96000000e+01 4.83969594e+00 3.96000000e+01 4.91279827e-01
 3.99000000e+01 0.00000000e+00 3.99000000e+01 4.95731375e+00 3.99000000e+01 5.16079098e-01
 4.02000000e+01 0.00000000e+00 4.02000000e+01 4.30549447e+00 4.02000000e+01 -4.32763754e+00
 4.05000000e+01 0.00000000e+00 4.05000000e+01 4.69981075e+00 4.05000000e+01 -4.91438202e+00
 4.08000000e+01 0.00000000e+00 4.08000000e+01 4.42724069e+00 4.08000000e+01 -3.79192651e+00
 4.11000000e+01 0.00000000e+00 4.11000000e+01 3.90950709e+00 4.11000000e+01 -3.67138307e+00
 4.14000000e+01 0.00000000e+00 4.14000000e+01 4.56169878e+00 4.14000000e+01 -4.44896914e+00
 4.17000000e+01 0.00000000e+00 4.17000000e+01 5.18025772e+00 4.17000000e+01 -4.76999758e+00
 4.20000000e+01 0.00000000e+00 4.20000000e+01 4.30312209e+00 4.20000000e+01 -4.67503962e+00
 4.23000000e+01 0.00000000e+00 4.23000000e+01 4.12755604e+00 4.23000000e+01 -4.08252060e+00
 4.26000000e+01 0.00000000e+00 4.26000000e+01 4.92977668e+00 4.26000000e+01 -3.74798953e+00
 4.29000000e+01 0.00000000e+00 4.29000000e+01 4.43099677e+00 4.29000000e+01 -4.49354581e+00
 4.32000000e+01 0.00000000e+00 4.32000000e+01 4.57910585e+00 4.32000000e+01 -4.90119434e+00
 4.35000000e+01 0.00000000e+00 4.35000000e+01 5.06666531e+00 4.35000000e+01 -4.65962544e+00
 4.38000000e+01 0.00000000e+00 4.38000000e+01 3.87776408e+00 4.38000000e+01 -4.22826021e+00
 4.41000000e+01 0.00000000e+00 4.41000000e+01 4.33388686e+00 4.41000000e+01 -3.72170352e+00
 4.44000000e+01 0.00000000e+00 4.44000000e+01 4.17434304e+00 4.44000000e+01 -3.61530751e+00
 4.47000000e+01 0.00000000e+00 4.47000000e+01 3.86495705e+00 4.47000000e+01 -4.03200226e+00
 4.50000000e+01 0.00000000e+00 4.50000000e+01 4.76501070e+00 4.50000000e+01 -4.41042544e+00
 4.53000000e+01 0.00000000e+00 4.53000000e+01 4.23465650e+00 4.53000000e+01 -4.65190042e+00
 4.56000000e+01 0.00000000e+00 4.56000000e+01 4.31863911e+00 4.56000000e+01 -3.84294764e+00
 4.59000000e+01 0.00000000e+00 4.59000000e+01 4.89769849e+00 4.59000000e+01 -4.85774611e+00
 4.62000000e+01 0.00000000e+00 4.62000000e+01 4.37029849e+00 4.62000000e+01 -3.78405982e+00
 4.65000000e+01 0.00000000e+00 4.65000000e+01 4.42258259e+00 4.65000000e+01 -4.15211217e+00
 4.68000000e+01 0.00000000e+00 4.68000000e+01 4.35560267e+00 4.68000000e+01 -4.25949106e+00
 4.71000000e+01 0.00000000e+00 4.71000000e+01 4.11930093e+00 4.71000000e+01 -4.86078228e+00
 4.74000000e+01 0.00000000e+00 4.74000000e+01 4.25090269e+00 4.74000000e+01 -4.74208199e+00
 4.77000000e+01 0.00000000e+00 4.77000000e+01 4.50848690e+00 4.77000000e+01 -4.84501823e+00
 4.80000000e+01 0.00000000e+00 4.80000000e+01 3.71512856e+00 4.80000000e+01 -4.08263264e+00
 4.83000000e+01 0.00000000e+00 4.83000000e+01 4.15689413e+00 4.83000000e+01 -4.04748929e+00
 4.86000000e+01 0.00000000e+00 4.86000000e+01 3.97625959e+00 4.86000000e+01 -4.33015383e+00
 4.89000000e+01 0.00000000e+00 4.89000000e+01 4.45713727e+00 4.89000000e+01 -4.79521407e+00
 4.92000000e+01 0.00000000e+00 4.92000000e+01 4.37725382e+00 4.92000000e+01 -3.94421835e+00
 4.95000000e+01 0.00000000e+00 4.95000000e+01 3.63063231e+00 4.95000000e+01 -3.88334128e+00
 4.98000000e+01 0.00000000e+00 4.98000000e+01 4.81120155e+00 4.98000000e+01 -4.13911800e+00
 5.01000000e+01 0.00000000e+00 5.01000000e+01 1.67176834e+00 5.01000000e+01 -4.95835956e+00
 5.04000000e+01 0.00000000e+00 5.04000000e+01 2.61548580e+00 5.04000000e+01 -5.16201947e+00
 5.07000000e+01 0.00000000e+00 5.07000000e+01 2.91113714e+00 5.07000000e+01 -5.18874319e+00
 5.10000000e+01 0.00000000e+00 5.10000000e+01 2.65971067e+00 5.10000000e+01 -5.24440325e+00
 5.13000000e+01 0.00000000e+00 5.13000000e+01 2.04957909e+00 5.13000000e+01 -5.33576191e+00
 5.16000000e+01 0.00000000e+00 5.16000000e+01 2.28574329e+00 5.16000000e+01 -5.30099170e+00
 5.19000000e+01 0.00000000e+00 5.19000000e+01 2.48131876e+00 5.19000000e+01 -4.75670293e+00
 5.22000000e+01 0.00000000e+00 5.22000000e+01 2.34673052e+00 5.22000000e+01 -5.23717082e+00
 5.25000000e+01 0.00000000e+00 5.25000000e+01 2.62642840e+00 5.25000000e+01 -5.05711476e+00
 5.28000000e+01 0.00000000e+00 5.28000000e+01 2.23685619e+00 5.28000000e+01 -5.59556279e+00
 5.31000000e+01 0.00000000e+00 5.31000000e+01 2.25822668e+00 5.31000000e+01 -4.42430478e+00
 5.34000000e+01 0.00000000e+00 5.34000000e+01 3.25082474e+00 5.34000000e+01 -4.60006347e+00
 5.37000000e+01 0.00000000e+00 5.37000000e+01 2.01897715e+00 5.37000000e+01 -5.07189657e+00
 5.40000000e+01 0.00000000e+00 5.40000000e+01 2.04316154e+00 5.40000000e+01 -5.56004345e+00
 5.43000000e+01 0.00000000e+00 5.43000000e+01 2.39406584e+00 5.43000000e+01 -5.44166663e+00
 5.46000000e+01 0.00000000e+00 5.46000000e+01 2.67449153e+00 5.46000000e+01 -5.64258044e+00
 5.49000000e+01 0.00000000e+00 5.49000000e+01 2.75750407e+00 5.49000000e+01 -4.89320067e+00
 5.52000000e+01 0.00000000e+00 5.52000000e+01 6.85493265e+00 5.52000000e+01 -4.23617402e+00
 5.55000000e+01 0.00000000e+00 5.55000000e+01 7.08878321e+00 5.55000000e+01 -4.38159655e+00
 5.58000000e+01 0.00000000e+00 5.58000000e+01 6.96236053e+00 5.58000000e+01 -4.64801680e+00
 5.61000000e+01 0.00000000e+00 5.61000000e+01 7.19593263e+00 5.61000000e+01 -3.54495025e+00
 5.64000000e+01 0.00000000e+00 5.64000000e+01 7.02671756e+00 5.64000000e+01 -4.16727626e+00
 5.67000000e+01 0.00000000e+00 5.67000000e+01 7.13080624e+00 5.67000000e+01 -4.16360308e+00
 5.70000000e+01 0.00000000e+00 5.70000000e+01 7.69352348e+00 5.70000000e+01 -4.21365469e+00
 5.73000000e+01 0.00000000e+00 5.73000000e+01 7.44905945e+00 5.73000000e+01 -4.26576828e+00
 5.76000000e+01 0.00000000e+00 5.76000000e+01 7.22153216e+00 5.76000000e+01 -3.91072074e+00
 5.79000000e+01 0.00000000e+00 5.79000000e+01 7.34016575e+00 5.79000000e+01 -4.57748753e+00
 5.82000000e+01 0.00000000e+00 5.82000000e+01 6.84329223e+00 5.82000000e+01 -4.51871432e+00
 5.85000000e+01 0.00000000e+00 5.85000000e+01 6.85383393e+00 5.85000000e+01 -4.77321332e+00
 5.88000000e+01 0.00000000e+00 5.88000000e+01 7.66575245e+00 5.88000000e+01 -4.64742547e+00
 5.91000000e+01 0.00000000e+00 5.91000000e+01 7.56394678e+00 5.91000000e+01 -4.00839099e+00
 5.94000000e+01 0.00000000e+00 5.94000000e+01 8.02838353e+00 5.94000000e+01 -4.24788329e+00
 5.97000000e+01 0.00000000e+00 5.97000000e+01 7.74142787e+00 5.97000000e+01 -4.45571562e+00
