 0.00000000e+00 0.00000000e+00 0.00000000e+00 7.96330918e+00 0.00000000e+00 -5.18693992e+00
 3.00000000e-01 0.00000000e+00 3.00000000e-01 7.82516053e+00 3.00000000e-01 -4.30934038e+00
 6.00000000e-01 0.00000000e+00 6.00000000e-01 7.39038339e+00 6.00000000e-01 -4.54682348e+00
 9.00000000e-01 0.00000000e+00 9.00000000e-01 7.64939593e+00 9.00000000e-01 -4.71303965e+00
 1.20000000e+00 0.00000000e+00 1.20000000e+00 7.21119718e+00 1.20000000e+00 -4.13198156e+00
 1.50000000e+00 0.00000000e+00 1.50000000e+00 7.34420573e+00 1.50000000e+00 -4.46184999e+00
 1.80000000e+00 0.00000000e+00 1.80000000e+00 7.84760354e+00 1.80000000e+00 -4.67381422e+00
 2.10000000e+00 0.00000000e+00 2.10000000e+00 7.70722732e+00 2.10000000e+00 -4.83195266e+00
 2.40000000e+00 0.00000000e+00 2.40000000e+00 7.69665023e+00 2.40000000e+00 -4.59372280e+00
 2.70000000e+00 0.00000000e+00 2.70000000e+00 7.91028481e+00 2.70000000e+00 -4.69580477e+00
 3.00000000e+00 0.00000000e+00 3.00000000e+00 7.09404306e+00 3.00000000e+00 -4.98300058e+00
 3.30000000e+00 0.00000000e+00 3.30000000e+00 7.39474814e+00 3.30000000e+00 -4.73247842e+00
 3.60000000e+00 0.00000000e+00 3.60000000e+00 7.75696310e+00 3.60000000e+00 -4.77812740e+00
 3.90000000e+00 0.00000000e+00 3.90000000e+00 7.19511089e+00 3.90000000e+00 -4.60105344e+00
 4.20000000e+00 0.00000000e+00 4.20000000e+00 7.76524156e+00 4.20000000e+00 -4.48162094e+00
 4.50000000e+00 0.00000000e+00 4.50000000e+00 7.38729629e+00 4.50000000e+00 -5.05994504e+00
 4.80000000e+00 0.00000000e+00 4.80000000e+00 7.05645433e+00 4.80000000e+00 -5.17122803e+00
 5.10000000e+00 0.00000000e+00 5.10000000e+00 7.58320802e+00 5.10000000e+00 -5.42412587e+00
 5.40000000e+00 0.00000000e+00 5.40000000e+00 7.88840883e+00 5.40000000e+00 -4.76201368e+00
 5.70000000e+00 0.00000000e+00 5.70000000e+00 6.68568293e+00 5.70000000e+00 -5.08210628e+00
 6.00000000e+00 0.00000000e+00 6.00000000e+00 7.88926836e+00 6.00000000e+00 -5.08138628e+00
 6.30000000e+00 0.00000000e+00 6.30000000e+00 7.87198739e+00 6.30000000e+00 -4.88343072e+00
 6.60000000e+00 0.00000000e+00 6.60000000e+00 7.08665453e+00 6.60000000e+00 -4.59727454e+00
 6.90000000e+00 0.00000000e+00 6.90000000e+00 7.43449397e+00 6.90000000e+00 -3.87489260e+00
 7.20000000e+00 0.00000000e+00 7.20000000e+00 7.75286891e+00 7.20000000e+00 -4.48991577e+00
 7.50000000e+00 0.00000000e+00 7.50000000e+00 7.36889382e+00 7.50000000e+00 -5.45691658e+00
 7.80000000e+00 0.00000000e+00 7.80000000e+00 7.82249953e+00 7.80000000e+00 -3.95100552e+00
 8.10000000e+00 0.00000000e+00 8.10000000e+00 8.04210562e+00 8.10000000e+00 -5.16967813e+00
 8.40000000e+00 0.00000000e+00 8.40000000e+00 8.03252841e+00 8.40000000e+00 -4.63835214e+00
 8.70000000e+00 0.00000000e+00 8.70000000e+00 7.84308643e+00 8.70000000e+00 -5.32484018e+00
 9.00000000e+00 0.00000000e+00 9.00000000e+00 7.90515956e+00 9.00000000e+00 -4.40375644e+00
 9.30000000e+00 0.00000000e+00 9.30000000e+00 7.32484160e+00 9.30000000e+00 -5.12288871e+00
 9.60000000e+00 0.00000000e+00 9.60000000e+00 7.82670335e+00 9.60000000e+00 -4.99442921e+00
 9.90000000e+00 0.00000000e+00 9.90000000e+00 7.59812392e+00 9.90000000e+00 -4.57389810e+00
 1.02000000e+01 0.00000000e+00 1.02000000e+01 7.69974909e+00 1.02000000e+01 -4.70651426e+00
 1.05000000e+01 0.00000000e+00 1.05000000e+01 7.45212508e+00 1.05000000e+01 -5.42050366e+00
 1.08000000e+01 0.00000000e+00 1.08000000e+01 7.17680846e+00 1.08000000e+01 -5.33130847e+00
 1.11000000e+01 0.00000000e+00 1.11000000e+01 7.45727450e+00 1.11000000e+01 -5.04450664e+00
 1.14000000e+01 0.00000000e+00 1.14000000e+01 7.92001640e+00 1.14000000e+01 -4.88932801e+00
 1.17000000e+01 0.00000000e+00 1.17000000e+01 7.22824415e+00 1.17000000e+01 -5.09770289e+00
 1.20000000e+01 0.00000000e+00 1.20000000e+01 7.76475176e+00 1.20000000e+01 -4.40183870e+00
 1.23000000e+01 0.00000000e+00 1.23000000e+01 8.11716859e+00 1.23000000e+01 -4.81210047e+00
 1.26000000e+01 0.00000000e+00 1.26000000e+01 7.65834896e+00 1.26000000e+01 -4.54106291e+00
 1.29000000e+01 0.00000000e+00 1.29000000e+01 6.83138251e+00 1.29000000e+01 -4.37686438e+00
 1.32000000e+01 0.00000000e+00 1.32000000e+01 8.25087821e+00 1.32000000e+01 -5.10369729e+00
 1.35000000e+01 0.00000000e+00 1.35000000e+01 7.48007737e+00 1.35000000e+01 -4.69112589e+00
 1.38000000e+01 0.00000000e+00 1.38000000e+01 7.34835721e+00 1.38000000e+01 -4.52189148e+00
 1.41000000e+01 0.00000000e+00 1.41000000e+01 7.60553807e+00 1.41000000e+01 -4.45311341e+00
 1.44000000e+01 0.00000000e+00 1.44000000e+01 7.27079271e+00 1.44000000e+01 -5.09385609e+00
 1.47000000e+01 0.00000000e+00 1.47000000e+01 7.21787672e+00 1.47000000e+01 -4.44449888e+00
 1.50000000e+01 0.00000000e+00 1.50000000e+01 7.78223774e+00 1.50000000e+01 -4.89785548e+00
 1.53000000e+01 0.00000000e+00 1.53000000e+01 3.24089113e+00 1.53000000e+01 -4.66391761e+00
 1.56000000e+01 0.00000000e+00 1.56000000e+01 3.59777064e+00 1.56000000e+01 -4.66577180e+00
 1.59000000e+01 0.00000000e+00 1.59000000e+01 3.59638372e+00 1.59000000e+01 -5.24704129e+00
 1.62000000e+01 0.00000000e+00 1.62000000e+01 4.35368291e+00 1.62000000e+01 -5.06133561e+00
 1.65000000e+01 0.00000000e+00 1.65000000e+01 3.02395770e+00 1.65000000e+01 -4.61072578e+00
 1.68000000e+01 0.00000000e+00 1.68000000e+01 3.31021008e+00 1.68000000e+01 -4.37820563e+00
 1.71000000e+01 0.00000000e+00 1.71000000e+01 3.53885481e+00 1.71000000e+01 -4.66192115e+00
 1.74000000e+01 0.00000000e+00 1.74000000e+01 3.31052286e+00 1.74000000e+01 -4.57457419e+00
 1.77000000e+01 0.00000000e+00 1.77000000e+01 3.24806492e+00 1.77000000e+01 -4.84221003e+00
 1.80000000e+01 0.00000000e+00 1.80000000e+01 2.99967434e+00 1.80000000e+01 -4.46398659e+00
 1.83000000e+01 0.00000000e+00 1.83000000e+01 4.25783692e+00 1.83000000e+01 -5.46772338e+00
 1.86000000e+01 0.00000000e+00 1.86000000e+01 4.24374450e+00 1.86000000e+01 -4.74146932e+00
 1.89000000e+01 0.00000000e+00 1.89000000e+01 3.88757471e+00 1.89000000e+01 -4.24333030e+00
 1.92000000e+01 0.00000000e+00 1.92000000e+01 3.86543151e+00 1.92000000e+01 -5.05369244e+00
 1.95000000e+01 0.00000000e+00 1.95000000e+01 3.96038796e+00 1.95000000e+01 -5.22425798e+00
 1.98000000e+01 0.00000000e+00 1.98000000e+01 3.41995180e+00 1.98000000e+01 -4.33977382e+00
 2.01000000e+01 0.00000000e+00 2.01000000e+01 3.58087383e+00 2.01000000e+01 -5.31445454e+00
 2.04000000e+01 0.00000000e+00 2.04000000e+01 3.45431542e+00 2.04000000e+01 -4.68806076e+00
 2.07000000e+01 0.00000000e+00 2.07000000e+01 2.99953296e+00 2.07000000e+01 -5.34574537e+00
 2.10000000e+01 0.00000000e+00 2.10000000e+01 4.12221217e+00 2.10000000e+01 -4.97069080e+00
 2.13000000e+01 0.00000000e+00 2.13000000e+01 2.98585468e+00 2.13000000e+01 -4.80143248e+00
 2.16000000e+01 0.00000000e+00 2.16000000e+01 3.99543579e+00 2.16000000e+01 -5.34170513e+00
 2.19000000e+01 0.00000000e+00 2.19000000e+01 2.96653352e+00 2.19000000e+01 -4.13237170e+00
 2.22000000e+01 0.00000000e+00 2.22000000e+01 3.08222842e+00 2.22000000e+01 -4.80869816e+00
 2.25000000e+01 0.00000000e+00 2.25000000e+01 2.96996284e+00 2.25000000e+01 -5.22152250e+00
 2.28000000e+01 0.00000000e+00 2.28000000e+01 3.35126602e+00 2.28000000e+01 -4.36089176e+00
 2.31000000e+01 0.00000000e+00 2.31000000e+01 3.18752810e+00 2.31000000e+01 -4.81303622e+00
 2.34000000e+01 0.00000000e+00 2.34000000e+01 4.44109934e+00 2.34000000e+01 -4.41478803e+00
 2.37000000e+01 0.00000000e+00 2.37000000e+01 3.98123516e+00 2.37000000e+01 -4.72134991e+00
 2.40000000e+01 0.00000000e+00 2.40000000e+01 3.35347389e+00 2.40000000e+01 -5.12860669e+00
 2.43000000e+01 0.00000000e+00 2.43000000e+01 2.97341335e+00 2.43000000e+01 -5.06204110e+00
 2.46000000e+01 0.00000000e+00 2.46000000e+01 2.66724565e+00 2.46000000e+01 -5.05360896e+00
 2.49000000e+01 0.00000000e+00 2.49000000e+01 3.74497543e+00 2.49000000e+01 -5.08305407e+00
 2.52000000e+01 0.00000000e+00 2.52000000e+01 1.92431251e+00 2.52000000e+01 -4.31794011e+00
 2.55000000e+01 0.00000000e+00 2.55000000e+01 2.27417104e+00 2.55000000e+01 -4.58051147e+00
 2.58000000e+01 0.00000000e+00 2.58000000e+01 2.29879603e+00 2.58000000e+01 -4.42349785e+00
 2.61000000e+01 0.00000000e+00 2.61000000e+01 2.23727892e+00 2.61000000e+01 -4.92417299e+00
 2.64000000e+01 0.00000000e+00 2.64000000e+01 2.42540422e+00 2.64000000e+01 -4.17214033e+00
 2.67000000e+01 0.00000000e+00 2.67000000e+01 2.27080518e+00 2.67000000e+01 -5.25121889e+00
 2.70000000e+01 0.00000000e+00 2.70000000e+01 2.03073080e+00 2.70000000e+01 -3.91815627e+00
 2.73000000e+01 0.00000000e+00 2.73000000e+01 2.67657138e+00 2.73000000e+01 -4.60966015e+00
 2.76000000e+01 0.00000000e+00 2.76000000e+01 2.16978588e+00 2.76000000e+01 -4.47353103e+00
 2.79000000e+01 0.00000000e+00 2.79000000e+01 2.65307705e+00 2.79000000e+01 -4.82932152e+00
 2.82000000e+01 0.00000000e+00 2.82000000e+01 2.90859485e+00 2.82000000e+01 -4.25285979e+00
 2.85000000e+01 0.00000000e+00 2.85000000e+01 2.63504592e+00 2.85000000e+01 -4.82371120e+00
 2.88000000e+01 0.00000000e+00 2.88000000e+01 2.27571836e+00 2.88000000e+01 -4.61688640e+00
 2.91000000e+01 0.00000000e+00 2.91000000e+01 2.01680296e+00 2.91000000e+01 -4.68830635e+00
 2.94000000e+01 0.00000000e+00 2.94000000e+01 2.28496762e+00 2.94000000e+01 -4.52260188e+00
 2.97000000e+01 0.00000000e+00 2.97000000e+01 2.74969353e+00 2.97000000e+01 -4.12868412e+00
 3.00000000e+01 0.00000000e+00 3.00000000e+01 2.54362273e+00 3.00000000e+01 -4.84355415e+00
 3.03000000e+01 0.00000000e+00 3.03000000e+01 2.09386903e+00 3.03000000e+01 -4.23275796e+00
 3.06000000e+01 0.00000000e+00 3.06000000e+01 2.87339865e+00 3.06000000e+01 -4.66227984e+00
 3.09000000e+01 0.00000000e+00 3.09000000e+01 2.68554725e+00 3.09000000e+01 -4.20250513e+00
 3.12000000e+01 0.00000000e+00 3.12000000e+01 2.44107552e+00 3.12000000e+01 -4.49812167e+00
 3.15000000e+01 0.00000000e+00 3.15000000e+01 2.32701830e+00 3.15000000e+01 -4.70807009e+00
 3.18000000e+01 0.00000000e+00 3.18000000e+01 2.29689293e+00 3.18000000e+01 -3.99564891e+00
 3.21000000e+01 0.00000000e+00 3.21000000e+01 2.79407342e+00 3.21000000e+01 -4.10348236e+00
 3.24000000e+01 0.00000000e+00 3.24000000e+01 2.70125074e+00 3.24000000e+01 -4.88793514e+00
 3.27000000e+01 0.00000000e+00 3.27000000e+01 2.17926479e+00 3.27000000e+01 -5.05264901e+00
 3.30000000e+01 0.00000000e+00 3.30000000e+01 2.32284297e+00 3.30000000e+01 -4.30133865e+00
 3.33000000e+01 0.00000000e+00 3.33000000e+01 1.85085868e+00 3.33000000e+01 -4.46082266e+00
 3.36000000e+01 0.00000000e+00 3.36000000e+01 2.01942460e+00 3.36000000e+01 -4.24517819e+00
 3.39000000e+01 0.00000000e+00 3.39000000e+01 1.82755277e+00 3.39000000e+01 -4.86935402e+00
 3.42000000e+01 0.00000000e+00 3.42000000e+01 2.09099516e+00 3.42000000e+01 -4.73807506e+00
 3.45000000e+01 0.00000000e+00 3.45000000e+01 1.99750783e+00 3.45000000e+01 -4.36285857e+00
 3.48000000e+01 0.00000000e+00 3.48000000e+01 2.50382695e+00 3.48000000e+01 -4.62187367e+00
 3.51000000e+01 0.00000000e+00 3.51000000e+01 6.08374493e+00 3.51000000e+01 -3.14982004e+00
 3.54000000e+01 0.00000000e+00 3.54000000e+01 6.08177372e+00 3.54000000e+01 -3.53633142e+00
 3.57000000e+01 0.00000000e+00 3.57000000e+01 5.47055689e+00 3.57000000e+01 -3.44257791e+00
 3.60000000e+01 0.00000000e+00 3.60000000e+01 5.97408165e+00 3.60000000e+01 -3.84159397e+00
 3.63000000e+01 0.00000000e+00 3.63000000e+01 5.96061077e+00 3.63000000e+01 -3.00263689e+00
 3.66000000e+01 0.00000000e+00 3.66000000e+01 5.11380608e+00 3.66000000e+01 -3.24185399e+00
 3.69000000e+01 0.00000000e+00 3.69000000e+01 5.94333139e+00 3.69000000e+01 -3.25465432e+00
 3.72000000e+01 0.00000000e+00 3.72000000e+01 5.71822208e+00 3.72000000e+01 -3.23931419e+00
 3.75000000e+01 0.00000000e+00 3.75000000e+01 5.74716855e+00 3.75000000e+01 -3.19810932e+00
 3.78000000e+01 0.00000000e+00 3.78000000e+01 5.74645743e+00 3.78000000e+01 -3.35905390e+00
 3.81000000e+01 0.00000000e+00 3.81000000e+01 5.76161080e+00 3.81000000e+01 -4.24893426e+00
 3.84000000e+01 0.00000000e+00 3.84000000e+01 5.20992879e+00 3.84000000e+01 -3.92692469e+00
 3.87000000e+01 0.00000000e+00 3.87000000e+01 5.92265722e+00 3.87000000e+01 -3.12164369e+00
 3.90000000e+01 0.00000000e+00 3.90000000e+01 5.33532084e+00 3.90000000e+01 -3.11429591e+00
 3.93000000e+01 0.00000000e+00 3.93000000e+01 5.72358921e+00 3.93000000e+01 -3.35905566e+00
 3.96000000e+01 0.00000000e+00 3.96000000e+01 5.87602257e+00 3.96000000e+01 -3.47528642e+00
 3.99000000e+01 0.00000000e+00 3.99000000e+01 5.49068534e+00 3.99000000e+01 -3.25312060e+00
 4.02000000e+01 0.00000000e+00 4.02000000e+01 4.54758531e+00 4.02000000e+01 -1.97603345e+00
 4.05000000e+01 0.00000000e+00 4.05000000e+01 4.55910314e+00 4.05000000e+01 -1.47277786e+00
 4.08000000e+01 0.00000000e+00 4.08000000e+01 4.90799528e+00 4.08000000e+01 -2.13698988e+00
 4.11000000e+01 0.00000000e+00 4.11000000e+01 4.78190207e+00 4.11000000e+01 -1.22292922e+00
 4.14000000e+01 0.00000000e+00 4.14000000e+01 4.34613729e+00 4.14000000e+01 -1.18550881e+00
 4.17000000e+01 0.00000000e+00 4.17000000e+01 4.49461328e+00 4.17000000e+01 -1.64455596e+00
 4.20000000e+01 0.00000000e+00 4.20000000e+01 5.13771213e+00 4.20000000e+01 -1.62329764e+00
 4.23000000e+01 0.00000000e+00 4.23000000e+01 4.15988881e+00 4.23000000e+01 -1.76747071e+00
 4.26000000e+01 0.00000000e+00 4.26000000e+01 4.48343577e+00 4.26000000e+01 -1.76010795e+00
 4.29000000e+01 0.00000000e+00 4.29000000e+01 4.25098005e+00 4.29000000e+01 -2.28184529e+00
 4.32000000e+01 0.00000000e+00 4.32000000e+01 4.21071894e+00 4.32000000e+01 -1.58139062e+00
 4.35000000e+01 0.00000000e+00 4.35000000e+01 4.46841985e+00 4.35000000e+01 -1.79784566e+00
 4.38000000e+01 0.00000000e+00 4.38000000e+01 4.98084415e+00 4.38000000e+01 -1.92799329e+00
 4.41000000e+01 0.00000000e+00 4.41000000e+01 4.44738084e+00 4.41000000e+01 -2.72314295e+00
 4.44000000e+01 0.00000000e+00 4.44000000e+01 4.61719394e+00 4.44000000e+01 -2.28178405e+00
 4.47000000e+01 0.00000000e+00 4.47000000e+01 4.21841205e+00 4.47000000e+01 -1.80541746e+00
 4.50000000e+01 0.00000000e+00 4.50000000e+01 4.58832869e+00 4.50000000e+01 -2.02551930e+00
 4.53000000e+01 0.00000000e+00 4.53000000e+01 4.56361987e+00 4.53000000e+01 -1.41790894e+00
 4.56000000e+01 0.00000000e+00 4.56000000e+01 4.42477716e+00 4.56000000e+01 -2.19469068e+00
 4.59000000e+01 0.00000000e+00 4.59000000e+01 4.88389771e+00 4.59000000e+01 -1.22382492e+00
 4.62000000e+01 0.00000000e+00 4.62000000e+01 4.31907750e+00 4.62000000e+01 -1.83069826e+00
 4.65000000e+01 0.00000000e+00 4.65000000e+01 4.49725772e+00 4.65000000e+01 -1.69101293e+00
 4.68000000e+01 0.00000000e+00 4.68000000e+01 4.97852428e+00 4.68000000e+01 -1.76633415e+00
 4.71000000e+01 0.00000000e+00 4.71000000e+01 4.62084107e+00 4.71000000e+01 -1.69833381e+00
 4.74000000e+01 0.00000000e+00 4.74000000e+01 4.35487643e+00 4.74000000e+01 -1.44594129e+00
 4.77000000e+01 0.00000000e+00 4.77000000e+01 3.76217462e+00 4.77000000e+01 -1.99392963e+00
 4.80000000e+01 0.00000000e+00 4.80000000e+01 4.33376835e+00 4.80000000e+01 -2.10848465e+00
 4.83000000e+01 0.00000000e+00 4.83000000e+01 4.53197160e+00 4.83000000e+01 -1.95351244e+00
 4.86000000e+01 0.00000000e+00 4.86000000e+01 4.88278145e+00 4.86000000e+01 -1.91834172e+00
 4.89000000e+01 0.00000000e+00 4.89000000e+01 4.65780575e+00 4.89000000e+01 -1.67309006e+00
 4.92000000e+01 0.00000000e+00 4.92000000e+01 4.87795811e+00 4.92000000e+01 -1.88129908e+00
 4.95000000e+01 0.00000000e+00 4.95000000e+01 4.32305057e+00 4.95000000e+01 -1.11326430e+00
 4.98000000e+01 0.00000000e+00 4.98000000e+01 4.60219948e+00 4.98000000e+01 -2.04996612e+00
 5.01000000e+01 0.00000000e+00 5.01000000e+01 3.37243858e+00 5.01000000e+01 -3.64466341e+00
 5.04000000e+01 0.00000000e+00 5.04000000e+01 2.95623342e+00 5.04000000e+01 -4.14551359e+00
 5.07000000e+01 0.00000000e+00 5.07000000e+01 3.38087379e+00 5.07000000e+01 -4.12055214e+00
 5.10000000e+01 0.00000000e+00 5.10000000e+01 2.41534284e+00 5.10000000e+01 -3.56890629e+00
 5.13000000e+01 0.00000000e+00 5.13000000e+01 2.98245714e+00 5.13000000e+01 -4.23074822e+00
 5.16000000e+01 0.00000000e+00 5.16000000e+01 3.65956020e+00 5.16000000e+01 -3.73355715e+00
 5.19000000e+01 0.00000000e+00 5.19000000e+01 3.50498437e+00 5.19000000e+01 -4.25101574e+00
 5.22000000e+01 0.00000000e+00 5.22000000e+01 3.45413654e+00 5.22000000e+01 -3.88375236e+00
 5.25000000e+01 0.00000000e+00 5.25000000e+01 3.08045934e+00 5.25000000e+01 -3.91570507e+00
 5.28000000e+01 0.00000000e+00 5.28000000e+01 2.99031607e+00 5.28000000e+01 -3.83977019e+00
 5.31000000e+01 0.00000000e+00 5.31000000e+01 2.58161609e+00 5.31000000e+01 -4.12766518e+00
 5.34000000e+01 0.00000000e+00 5.34000000e+01 3.22719750e+00 5.34000000e+01 -3.68527865e+00
 5.37000000e+01 0.00000000e+00 5.37000000e+01 3.52744542e+00 5.37000000e+01 -3.76966372e+00
 5.40000000e+01 0.00000000e+00 5.40000000e+01 2.74290996e+00 5.40000000e+01 -4.07067398e+00
 5.43000000e+01 0.00000000e+00 5.43000000e+01 3.19869164e+00 5.43000000e+01 -3.54026222e+00
 5.46000000e+01 0.00000000e+00 5.46000000e+01 3.74858311e+00 5.46000000e+01 -3.58033866e+00
 5.49000000e+01 0.00000000e+00 5.49000000e+01 3.12356824e+00 5.49000000e+01 -4.19571668e+00
 5.52000000e+01 0.00000000e+00 5.52000000e+01 7.70785553e+00 5.52000000e+01 -5.61750272e+00
 5.55000000e+01 0.00000000e+00 5.55000000e+01 7.40486805e+00 5.55000000e+01 -5.44626530e+00
 5.58000000e+01 0.00000000e+00 5.58000000e+01 7.88883742e+00 5.58000000e+01 -5.04759803e+00
 5.61000000e+01 0.00000000e+00 5.61000000e+01 8.11960095e+00 5.61000000e+01 -4.93753442e+00
 5.64000000e+01 0.00000000e+00 5.64000000e+01 8.10256448e+00 5.64000000e+01 -4.74517562e+00
 5.67000000e+01 0.00000000e+00 5.67000000e+01 7.88422328e+00 5.67000000e+01 -4.47807175e+00
 5.70000000e+01 0.00000000e+00 5.70000000e+01 7.02817811e+00 5.70000000e+01 -5.55115495e+00
 5.73000000e+01 0.00000000e+00 5.73000000e+01 7.40293914e+00 5.73000000e+01 -4.45427782e+00
 5.76000000e+01 0.00000000e+00 5.76000000e+01 8.43436801e+00 5.76000000e+01 -4.74471524e+00
 5.79000000e+01 0.00000000e+00 5.79000000e+01 7.60676807e+00 5.79000000e+01 -5.23751358e+00
 5.82000000e+01 0.00000000e+00 5.82000000e+01 7.89743444e+00 5.82000000e+01 -4.89359032e+00
 5.85000000e+01 0.00000000e+00 5.85000000e+01 7.12886255e+00 5.85000000e+01 -4.44848782e+00
 5.88000000e+01 0.00000000e+00 5.88000000e+01 7.53171610e+00 5.88000000e+01 -4.53793957e+00
 5.91000000e+01 0.00000000e+00 5.91000000e+01 7.92214951e+00 5.91000000e+01 -4.37609819e+00
 5.94000000e+01 0.00000000e+00 5.94000000e+01 7.32083023e+00 5.94000000e+01 -4.62599751e+00
 5.97000000e+01 0.00000000e+00 5.97000000e+01 7.95496606e+00 5.97000000e+01 -5.31779287e+00
