 0.00000000e+00 0.00000000e+00 0.00000000e+00 7.73261119e+00 0.00000000e+00 -4.96599545e+00
 3.00000000e-01 0.00000000e+00 3.00000000e-01 7.80180535e+00 3.00000000e-01 -5.36543492e+00
 6.00000000e-01 0.00000000e+00 6.00000000e-01 7.64888722e+00 6.00000000e-01 -5.16000895e+00
 9.00000000e-01 0.00000000e+00 9.00000000e-01 8.17636569e+00 9.00000000e-01 -5.24286871e+00
 1.20000000e+00 0.00000000e+00 1.20000000e+00 8.14805460e+00 1.20000000e+00 -5.46273835e+00
 1.50000000e+00 0.00000000e+00 1.50000000e+00 8.06560680e+00 1.50000000e+00 -5.34614229e+00
 1.80000000e+00 0.00000000e+00 1.80000000e+00 7.40830582e+00 1.80000000e+00 -4.58737200e+00
 2.10000000e+00 0.00000000e+00 2.10000000e+00 7.78475521e+00 2.10000000e+00 -4.76534149e+00
 2.40000000e+00 0.00000000e+00 2.40000000e+00 7.39325381e+00 2.40000000e+00 -5.36611516e+00
 2.70000000e+00 0.00000000e+00 2.70000000e+00 8.03179593e+00 2.70000000e+00 -3.87056685e+00
 3.00000000e+00 0.00000000e+00 3.00000000e+00 7.54858326e+00 3.00000000e+00 -5.01675236e+00
 3.30000000e+00 0.00000000e+00 3.30000000e+00 7.57225291e+00 3.30000000e+00 -5.47210427e+00
 3.60000000e+00 0.00000000e+00 3.60000000e+00 7.28805896e+00 3.60000000e+00 -4.98730428e+00
 3.90000000e+00 0.00000000e+00 3.90000000e+00 7.42229583e+00 3.90000000e+00 -5.31066228e+00
 4.20000000e+00 0.00000000e+00 4.20000000e+00 7.14730665e+00 4.20000000e+00 -5.75003695e+00
 4.50000000e+00 0.00000000e+00 4.50000000e+00 7.30479517e+00 4.50000000e+00 -5.04253090e+00
 4.80000000e+00 0.00000000e+00 4.80000000e+00 7.27579092e+00 4.80000000e+00 -4.36878333e+00
 5.10000000e+00 0.00000000e+00 5.10000000e+00 7.58843743e+00 5.10000000e+00 -4.98699800e+00
 5.40000000e+00 0.00000000e+00 5.40000000e+00 7.92051338e+00 5.40000000e+00 -5.19580892e+00
 5.70000000e+00 0.00000000e+00 5.70000000e+00 7.13742886e+00 5.70000000e+00 -4.33890535e+00
 6.00000000e+00 0.00000000e+00 6.00000000e+00 8.17859413e+00 6.00000000e+00 -5.17400236e+00
 6.30000000e+00 0.00000000e+00 6.30000000e+00 7.29942924e+00 6.30000000e+00 -5.60937461e+00
 6.60000000e+00 0.00000000e+00 6.60000000e+00 7.52846086e+00 6.60000000e+00 -5.37961993e+00
 6.90000000e+00 0.00000000e+00 6.90000000e+00 7.51099751e+00 6.90000000e+00 -5.07920127e+00
 7.20000000e+00 0.00000000e+00 7.20000000e+00 7.17986985e+00 7.20000000e+00 -4.91901682e+00
 7.50000000e+00 0.00000000e+00 7.50000000e+00 6.92518329e+00 7.50000000e+00 -5.33601739e+00
 7.80000000e+00 0.00000000e+00 7.80000000e+00 7.11180308e+00 7.80000000e+00 -4.79117781e+00
 8.10000000e+00 0.00000000e+00 8.10000000e+00 7.62200873e+00 8.10000000e+00 -4.86776965e+00
 8.40000000e+00 0.00000000e+00 8.40000000e+00 7.48746597e+00 8.40000000e+00 -4.99166180e+00
 8.70000000e+00 0.00000000e+00 8.70000000e+00 7.85021093e+00 8.70000000e+00 -4.97920019e+00
 9.00000000e+00 0.00000000e+00 9.00000000e+00 7.55659230e+00 9.00000000e+00 -4.56300462e+00
 9.30000000e+00 0.00000000e+00 9.30000000e+00 7.50421499e+00 9.30000000e+00 -5.49122616e+00
 9.60000000e+00 0.00000000e+00 9.60000000e+00 7.57738642e+00 9.60000000e+00 -4.80269737e+00
 9.90000000e+00 0.00000000e+00 9.90000000e+00 7.37200662e+00 9.90000000e+00 -4.81551710e+00
 1.02000000e+01 0.00000000e+00 1.02000000e+01 8.17581888e+00 1.02000000e+01 -5.17452138e+00
 1.05000000e+01 0.00000000e+00 1.05000000e+01 7.93286602e+00 1.05000000e+01 -4.96045781e+00
 1.08000000e+01 0.00000000e+00 1.08000000e+01 7.51303177e+00 1.08000000e+01 -5.09692987e+00
 1.11000000e+01 0.00000000e+00 1.11000000e+01 7.35999738e+00 1.11000000e+01 -4.92891316e+00
 1.14000000e+01 0.00000000e+00 1.14000000e+01 7.87581382e+00 1.14000000e+01 -5.14596738e+00
 1.17000000e+01 0.00000000e+00 1.17000000e+01 7.15630465e+00 1.17000000e+01 -4.64207276e+00
 1.20000000e+01 0.00000000e+00 1.20000000e+01 7.66398856e+00 1.20000000e+01 -5.44539177e+00
 1.23000000e+01 0.00000000e+00 1.23000000e+01 7.72014786e+00 1.23000000e+01 -5.04174410e+00
 1.26000000e+01 0.00000000e+00 1.26000000e+01 7.41075288e+00 1.26000000e+01 -5.01647820e+00
 1.29000000e+01 0.00000000e+00 1.29000000e+01 7.55309734e+00 1.29000000e+01 -4.97735099e+00
 1.32000000e+01 0.00000000e+00 1.32000000e+01 7.49460587e+00 1.32000000e+01 -4.74351492e+00
 1.35000000e+01 0.00000000e+00 1.35000000e+01 7.97338403e+00 1.35000000e+01 -4.49405055e+00
 1.38000000e+01 0.00000000e+00 1.38000000e+01 7.63183074e+00 1.38000000e+01 -4.28367793e+00
 1.41000000e+01 0.00000000e+00 1.41000000e+01 7.84923573e+00 1.41000000e+01 -4.95788034e+00
 1.44000000e+01 0.00000000e+00 1.44000000e+01 7.85864346e+00 1.44000000e+01 -5.26468390e+00
 1.47000000e+01 0.00000000e+00 1.47000000e+01 7.43295669e+00 1.47000000e+01 -4.82692537e+00
 1.50000000e+01 0.00000000e+00 1.50000000e+01 7.50523725e+00 1.50000000e+01 -4.94070009e+00
 1.53000000e+01 0.00000000e+00 1.53000000e+01 1.20757610e+00 1.53000000e+01 -7.25117765e+00
 1.56000000e+01 0.00000000e+00 1.56000000e+01 1.52139753e+00 1.56000000e+01 -7.14844627e+00
 1.59000000e+01 0.00000000e+00 1.59000000e+01 1.17625311e+00 1.59000000e+01 -7.28408678e+00
 1.62000000e+01 0.00000000e+00 1.62000000e+01 1.67540497e+00 1.62000000e+01 -7.60155114e+00
 1.65000000e+01 0.00000000e+00 1.65000000e+01 1.56851882e+00 1.65000000e+01 -7.47899687e+00
 1.68000000e+01 0.00000000e+00 1.68000000e+01 1.44776883e+00 1.68000000e+01 -7.29117771e+00
 1.71000000e+01 0.00000000e+00 1.71000000e+01 1.06655775e+00 1.71000000e+01 -7.02938579e+00
 1.74000000e+01 0.00000000e+00 1.74000000e+01 1.63450325e+00 1.74000000e+01 -6.98683995e+00
 1.77000000e+01 0.00000000e+00 1.77000000e+01 1.86557273e+00 1.77000000e+01 -6.70608123e+00
 1.80000000e+01 0.00000000e+00 1.80000000e+01 8.91249499e-01 1.80000000e+01 -7.33582474e+00
 1.83000000e+01 0.00000000e+00 1.83000000e+01 9.09607314e-01 1.83000000e+01 -7.69177714e+00
 1.86000000e+01 0.00000000e+00 1.86000000e+01 1.45048164e+00 1.86000000e+01 -6.69556288e+00
 1.89000000e+01 0.00000000e+00 1.89000000e+01 1.89383924e+00 1.89000000e+01 -7.38460703e+00
 1.92000000e+01 0.00000000e+00 1.92000000e+01 1.72996589e+00 1.92000000e+01 -7.59067370e+00
 1.95000000e+01 0.00000000e+00 1.95000000e+01 1.10026218e+00 1.95000000e+01 -6.93064548e+00
 1.98000000e+01 0.00000000e+00 1.98000000e+01 9.86656129e-01 1.98000000e+01 -7.24310387e+00
 2.01000000e+01 0.00000000e+00 2.01000000e+01 1.63180907e+00 2.01000000e+01 -7.20562296e+00
 2.04000000e+01 0.00000000e+00 2.04000000e+01 1.44021472e+00 2.04000000e+01 -7.58307751e+00
 2.07000000e+01 0.00000000e+00 2.07000000e+01 1.27721876e+00 2.07000000e+01 -7.66612894e+00
 2.10000000e+01 0.00000000e+00 2.10000000e+01 1.82748149e+00 2.10000000e+01 -7.21691843e+00
 2.13000000e+01 0.00000000e+00 2.13000000e+01 1.35272036e+00 2.13000000e+01 -7.73153297e+00
 2.16000000e+01 0.00000000e+00 2.16000000e+01 1.61794533e+00 2.16000000e+01 -6.99585526e+00
 2.19000000e+01 0.00000000e+00 2.19000000e+01 1.00266571e+00 2.19000000e+01 -7.31640505e+00
 2.22000000e+01 0.00000000e+00 2.22000000e+01 2.57402867e+00 2.22000000e+01 -7.30896996e+00
 2.25000000e+01 0.00000000e+00 2.25000000e+01 1.67685786e+00 2.25000000e+01 -6.89191012e+00
 2.28000000e+01 0.00000000e+00 2.28000000e+01 2.26626163e+00 2.28000000e+01 -7.36870570e+00
 2.31000000e+01 0.00000000e+00 2.31000000e+01 1.69874230e+00 2.31000000e+01 -7.36737352e+00
 2.34000000e+01 0.00000000e+00 2.34000000e+01 1.63126173e+00 2.34000000e+01 -7.50959962e+00
 2.37000000e+01 0.00000000e+00 2.37000000e+01 1.85859404e+00 2.37000000e+01 -7.48141579e+00
 2.40000000e+01 0.00000000e+00 2.40000000e+01 1.33535875e+00 2.40000000e+01 -7.42661273e+00
 2.43000000e+01 0.00000000e+00 2.43000000e+01 1.63499813e+00 2.43000000e+01 -6.94459463e+00
 2.46000000e+01 0.00000000e+00 2.46000000e+01 1.50414051e+00 2.46000000e+01 -7.68950724e+00
 2.49000000e+01 0.00000000e+00 2.49000000e+01 1.19492793e+00 2.49000000e+01 -7.28419368e+00
 2.52000000e+01 0.00000000e+00 2.52000000e+01 2.42394211e+00 2.52000000e+01 -3.99070384e+00
 2.55000000e+01 0.00000000e+00 2.55000000e+01 1.14716566e+00 2.55000000e+01 -3.59086250e+00
 2.58000000e+01 0.00000000e+00 2.58000000e+01 2.29721732e+00 2.58000000e+01 -4.11184964e+00
 2.61000000e+01 0.00000000e+00 2.61000000e+01 2.46553432e+00 2.61000000e+01 -4.00870692e+00
 2.64000000e+01 0.00000000e+00 2.64000000e+01 1.48035610e+00 2.64000000e+01 -4.10864570e+00
 2.67000000e+01 0.00000000e+00 2.67000000e+01 1.62971355e+00 2.67000000e+01 -3.28280661e+00
 2.70000000e+01 0.00000000e+00 2.70000000e+01 1.74223584e+00 2.70000000e+01 -3.41572720e+00
 2.73000000e+01 0.00000000e+00 2.73000000e+01 1.62878122e+00 2.73000000e+01 -4.21165594e+00
 2.76000000e+01 0.00000000e+00 2.76000000e+01 2.19674601e+00 2.76000000e+01 -4.10946304e+00
 2.79000000e+01 0.00000000e+00 2.79000000e+01 2.10269422e+00 2.79000000e+01 -3.82190943e+00
 2.82000000e+01 0.00000000e+00 2.82000000e+01 1.72985482e+00 2.82000000e+01 -3.92613719e+00
 2.85000000e+01 0.00000000e+00 2.85000000e+01 2.03851571e+00 2.85000000e+01 -3.62960192e+00
 2.88000000e+01 0.00000000e+00 2.88000000e+01 1.82938970e+00 2.88000000e+01 -4.51127723e+00
 2.91000000e+01 0.00000000e+00 2.91000000e+01 1.52166311e+00 2.91000000e+01 -3.67264931e+00
 2.94000000e+01 0.00000000e+00 2.94000000e+01 2.05320259e+00 2.94000000e+01 -4.21074405e+00
 2.97000000e+01 0.00000000e+00 2.97000000e+01 2.07474331e+00 2.97000000e+01 -3.40723942e+00
 3.00000000e+01 0.00000000e+00 3.00000000e+01 1.91625786e+00 3.00000000e+01 -3.96812159e+00
 3.03000000e+01 0.00000000e+00 3.03000000e+01 1.99663396e+00 3.03000000e+01 -3.54017149e+00
 3.06000000e+01 0.00000000e+00 3.06000000e+01 2.10957768e+00 3.06000000e+01 -3.78936501e+00
 3.09000000e+01 0.00000000e+00 3.09000000e+01 2.30151495e+00 3.09000000e+01 -3.91258424e+00
 3.12000000e+01 0.00000000e+00 3.12000000e+01 1.78852512e+00 3.12000000e+01 -3.93908237e+00
 3.15000000e+01 0.00000000e+00 3.15000000e+01 1.78936738e+00 3.15000000e+01 -3.65778244e+00
 3.18000000e+01 0.00000000e+00 3.18000000e+01 1.98338602e+00 3.18000000e+01 -3.91120617e+00
 3.21000000e+01 0.00000000e+00 3.21000000e+01 2.04684366e+00 3.21000000e+01 -3.55805682e+00
 3.24000000e+01 0.00000000e+00 3.24000000e+01 1.94117544e+00 3.24000000e+01 -3.60561962e+00
 3.27000000e+01 0.00000000e+00 3.27000000e+01 1.84439644e+00 3.27000000e+01 -3.42932016e+00
 3.30000000e+01 0.00000000e+00 3.30000000e+01 2.19336336e+00 3.30000000e+01 -3.32686125e+00
 3.33000000e+01 0.00000000e+00 3.33000000e+01 2.38856642e+00 3.33000000e+01 -3.46560703e+00
 3.36000000e+01 0.00000000e+00 3.36000000e+01 1.96795837e+00 3.36000000e+01 -4.11618394e+00
 3.39000000e+01 0.00000000e+00 3.39000000e+01 2.55824840e+00 3.39000000e+01 -3.94732912e+00
 3.42000000e+01 0.00000000e+00 3.42000000e+01 2.75982449e+00 3.42000000e+01 -3.70309199e+00
 3.45000000e+01 0.00000000e+00 3.45000000e+01 2.04038051e+00 3.45000000e+01 -3.37421934e+00
 3.48000000e+01 0.00000000e+00 3.48000000e+01 2.02207719e+00 3.48000000e+01 -3.45422477e+00
 3.51000000e+01 0.00000000e+00 3.51000000e+01 5.23755108e+00 3.51000000e+01 -1.96191158e+00
 3.54000000e+01 0.00000000e+00 3.54000000e+01 4.97857205e+00 3.54000000e+01 -1.94458074e+00
 3.57000000e+01 0.00000000e+00 3.57000000e+01 4.97424116e+00 3.57000000e+01 -2.47993827e+00
 3.60000000e+01 0.00000000e+00 3.60000000e+01 4.51577186e+00 3.60000000e+01 -1.94647894e+00
 3.63000000e+01 0.00000000e+00 3.63000000e+01 4.43359795e+00 3.63000000e+01 -2.48447985e+00
 3.66000000e+01 0.00000000e+00 3.66000000e+01 5.09331497e+00 3.66000000e+01 -1.56380757e+00
 3.69000000e+01 0.00000000e+00 3.69000000e+01 4.68926173e+00 3.69000000e+01 -1.91274675e+00
 3.72000000e+01 0.00000000e+00 3.72000000e+01 4.65523295e+00 3.72000000e+01 -2.49277550e+00
 3.75000000e+01 0.00000000e+00 3.75000000e+01 4.67590698e+00 3.75000000e+01 -1.86453510e+00
 3.78000000e+01 0.00000000e+00 3.78000000e+01 5.10820251e+00 3.78000000e+01 -1.36709327e+00
 3.81000000e+01 0.00000000e+00 3.81000000e+01 4.34220073e+00 3.81000000e+01 -1.82194093e+00
 3.84000000e+01 0.00000000e+00 3.84000000e+01 4.92524164e+00 3.84000000e+01 -2.24399129e+00
 3.87000000e+01 0.00000000e+00 3.87000000e+01 4.45910893e+00 3.87000000e+01 -1.93236566e+00
 3.90000000e+01 0.00000000e+00 3.90000000e+01 4.87476090e+00 3.90000000e+01 -1.96147763e+00
 3.93000000e+01 0.00000000e+00 3.93000000e+01 4.85137250e+00 3.93000000e+01 -1.60773476e+00
 3.96000000e+01 0.00000000e+00 3.96000000e+01 5.16529820e+00 3.96000000e+01 -2.15314714e+00
 3.99000000e+01 0.00000000e+00 3.99000000e+01 5.18026724e+00 3.99000000e+01 -2.23716379e+00
 4.02000000e+01 0.00000000e+00 4.02000000e+01 4.21232385e+00 4.02000000e+01 -6.57361643e-01
 4.05000000e+01 0.00000000e+00 4.05000000e+01 4.07061839e+00 4.05000000e+01 -1.25541820e+00
 4.08000000e+01 0.00000000e+00 4.08000000e+01 4.42664973e+00 4.08000000e+01 -1.55067409e+00
 4.11000000e+01 0.00000000e+00 4.11000000e+01 3.73268834e+00 4.11000000e+01 -1.40793920e+00
 4.14000000e+01 0.00000000e+00 4.14000000e+01 3.79928815e+00 4.14000000e+01 -1.94043580e+00
 4.17000000e+01 0.00000000e+00 4.17000000e+01 3.98521212e+00 4.17000000e+01 -1.00570390e+00
 4.20000000e+01 0.00000000e+00 4.20000000e+01 4.01098754e+00 4.20000000e+01 -2.11003250e+00
 4.23000000e+01 0.00000000e+00 4.23000000e+01 4.29651465e+00 4.23000000e+01 -1.39865276e+00
 4.26000000e+01 0.00000000e+00 4.26000000e+01 4.14890943e+00 4.26000000e+01 -1.09627793e+00
 4.29000000e+01 0.00000000e+00 4.29000000e+01 4.22698043e+00 4.29000000e+01 -1.43709951e+00
 4.32000000e+01 0.00000000e+00 4.32000000e+01 3.84439755e+00 4.32000000e+01 -1.66379908e+00
 4.35000000e+01 0.00000000e+00 4.35000000e+01 3.87386155e+00 4.35000000e+01 -1.95159207e+00
 4.38000000e+01 0.00000000e+00 4.38000000e+01 4.51085761e+00 4.38000000e+01 -1.69235847e+00
 4.41000000e+01 0.00000000e+00 4.41000000e+01 3.67184702e+00 4.41000000e+01 -1.49252100e+00
 4.44000000e+01 0.00000000e+00 4.44000000e+01 4.76729081e+00 4.44000000e+01 -1.35583829e+00
 4.47000000e+01 0.00000000e+00 4.47000000e+01 4.30462532e+00 4.47000000e+01 -9.64170404e-01
 4.50000000e+01 0.00000000e+00 4.50000000e+01 3.49573109e+00 4.50000000e+01 -1.22834128e+00
 4.53000000e+01 0.00000000e+00 4.53000000e+01 4.33280732e+00 4.53000000e+01 -1.54704094e+00
 4.56000000e+01 0.00000000e+00 4.56000000e+01 4.20116998e+00 4.56000000e+01 -1.48368301e+00
 4.59000000e+01 0.00000000e+00 4.59000000e+01 4.24270252e+00 4.59000000e+01 -1.66846423e+00
 4.62000000e+01 0.00000000e+00 4.62000000e+01 3.46195663e+00 4.62000000e+01 -2.01021912e+00
 4.65000000e+01 0.00000000e+00 4.65000000e+01 4.04528617e+00 4.65000000e+01 -1.52273362e+00
 4.68000000e+01 0.00000000e+00 4.68000000e+01 3.83521810e+00 4.68000000e+01 -1.59637272e+00
 4.71000000e+01 0.00000000e+00 4.71000000e+01 3.54130303e+00 4.71000000e+01 -1.10282377e+00
 4.74000000e+01 0.00000000e+00 4.74000000e+01 3.62707073e+00 4.74000000e+01 -1.20787527e+00
 4.77000000e+01 0.00000000e+00 4.77000000e+01 3.83407874e+00 4.77000000e+01 -7.16474830e-01
 4.80000000e+01 0.00000000e+00 4.80000000e+01 3.99304974e+00 4.80000000e+01 -1.61356901e+00
 4.83000000e+01 0.00000000e+00 4.83000000e+01 4.40479393e+00 4.83000000e+01 -9.75340168e-01
 4.86000000e+01 0.00000000e+00 4.86000000e+01 3.49899532e+00 4.86000000e+01 -2.06077326e+00
 4.89000000e+01 0.00000000e+00 4.89000000e+01 3.20447574e+00 4.89000000e+01 -9.34325716e-01
 4.92000000e+01 0.00000000e+00 4.92000000e+01 3.73409115e+00 4.92000000e+01 -1.17141708e+00
 4.95000000e+01 0.00000000e+00 4.95000000e+01 3.99744517e+00 4.95000000e+01 -1.43391720e+00
 4.98000000e+01 0.00000000e+00 4.98000000e+01 4.05480460e+00 4.98000000e+01 -1.65153217e+00
 5.01000000e+01 0.00000000e+00 5.01000000e+01 4.26199544e+00 5.01000000e+01 -2.98704201e+00
 5.04000000e+01 0.00000000e+00 5.04000000e+01 3.98810921e+00 5.04000000e+01 -3.50286471e+00
 5.07000000e+01 0.00000000e+00 5.07000000e+01 3.06740010e+00 5.07000000e+01 -3.66636780e+00
 5.10000000e+01 0.00000000e+00 5.10000000e+01 4.25113535e+00 5.10000000e+01 -3.92134188e+00
 5.13000000e+01 0.00000000e+00 5.13000000e+01 3.48719075e+00 5.13000000e+01 -3.31786243e+00
 5.16000000e+01 0.00000000e+00 5.16000000e+01 3.42859214e+00 5.16000000e+01 -3.75767084e+00
 5.19000000e+01 0.00000000e+00 5.19000000e+01 3.05694153e+00 5.19000000e+01 -3.64893834e+00
 5.22000000e+01 0.00000000e+00 5.22000000e+01 3.81811504e+00 5.22000000e+01 -4.43723435e+00
 5.25000000e+01 0.00000000e+00 5.25000000e+01 3.89151844e+00 5.25000000e+01 -3.02924185e+00
 5.28000000e+01 0.00000000e+00 5.28000000e+01 3.49442284e+00 5.28000000e+01 -3.48118823e+00
 5.31000000e+01 0.00000000e+00 5.31000000e+01 3.82063509e+00 5.31000000e+01 -4.22309362e+00
 5.34000000e+01 0.00000000e+00 5.34000000e+01 3.37672387e+00 5.34000000e+01 -4.29336415e+00
 5.37000000e+01 0.00000000e+00 5.37000000e+01 4.21946200e+00 5.37000000e+01 -3.57899438e+00
 5.40000000e+01 0.00000000e+00 5.40000000e+01 3.56662176e+00 5.40000000e+01 -3.62948386e+00
 5.43000000e+01 0.00000000e+00 5.43000000e+01 3.90122850e+00 5.43000000e+01 -3.32157386e+00
 5.46000000e+01 0.00000000e+00 5.46000000e+01 3.88666495e+00 5.46000000e+01 -4.40794840e+00
 5.49000000e+01 0.00000000e+00 5.49000000e+01 4.07722736e+00 5.49000000e+01 -3.94078367e+00
 5.52000000e+01 0.00000000e+00 5.52000000e+01 7.40077398e+00 5.52000000e+01 -4.97682656e+00
 5.55000000e+01 0.00000000e+00 5.55000000e+01 8.01762910e+00 5.55000000e+01 -5.53475806e+00
 5.58000000e+01 0.00000000e+00 5.58000000e+01 7.34238867e+00 5.58000000e+01 -5.24994028e+00
 5.61000000e+01 0.00000000e+00 5.61000000e+01 7.69800163e+00 5.61000000e+01 -5.31886118e+00
 5.64000000e+01 0.00000000e+00 5.64000000e+01 7.25910405e+00 5.64000000e+01 -5.29493926e+00
 5.67000000e+01 0.00000000e+00 5.67000000e+01 7.40601407e+00 5.67000000e+01 -5.18331765e+00
 5.70000000e+01 0.00000000e+00 5.70000000e+01 7.93472201e+00 5.70000000e+01 -5.05759498e+00
 5.73000000e+01 0.00000000e+00 5.73000000e+01 6.58812337e+00 5.73000000e+01 -5.27202922e+00
 5.76000000e+01 0.00000000e+00 5.76000000e+01 7.30258479e+00 5.76000000e+01 -5.44171211e+00
 5.79000000e+01 0.00000000e+00 5.79000000e+01 7.09512894e+00 5.79000000e+01 -5.01148869e+00
 5.82000000e+01 0.00000000e+00 5.82000000e+01 8.16104294e+00 5.82000000e+01 -4.76614530e+00
 5.85000000e+01 0.00000000e+00 5.85000000e+01 8.08594498e+00 5.85000000e+01 -5.09115563e+00
 5.88000000e+01 0.00000000e+00 5.88000000e+01 7.55831547e+00 5.88000000e+01 -5.11503443e+00
 5.91000000e+01 0.00000000e+00 5.91000000e+01 7.54908210e+00 5.91000000e+01 -4.92340551e+00
 5.94000000e+01 0.00000000e+00 5.94000000e+01 7.04903078e+00 5.94000000e+01 -4.16589448e+00
 5.97000000e+01 0.00000000e+00 5.97000000e+01 7.53669016e+00 5.97000000e+01 -4.61059465e+00
