 0.00000000e+00 0.00000000e+00 0.00000000e+00 7.37723777e+00 0.00000000e+00 -5.89426994e+00
 3.00000000e-01 0.00000000e+00 3.00000000e-01 7.54927043e+00 3.00000000e-01 -5.88831664e+00
 6.00000000e-01 0.00000000e+00 6.00000000e-01 7.50837886e+00 6.00000000e-01 -5.83716973e+00
 9.00000000e-01 0.00000000e+00 9.00000000e-01 7.44648824e+00 9.00000000e-01 -5.79318894e+00
 1.20000000e+00 0.00000000e+00 1.20000000e+00 7.50396262e+00 1.20000000e+00 -5.82166964e+00
 1.50000000e+00 0.00000000e+00 1.50000000e+00 8.04109505e+00 1.50000000e+00 -5.33360420e+00
 1.80000000e+00 0.00000000e+00 1.80000000e+00 8.07066140e+00 1.80000000e+00 -6.48675405e+00
 2.10000000e+00 0.00000000e+00 2.10000000e+00 8.59301670e+00 2.10000000e+00 -5.19335198e+00
 2.40000000e+00 0.00000000e+00 2.40000000e+00 8.08712357e+00 2.40000000e+00 -5.14162155e+00
 2.70000000e+00 0.00000000e+00 2.70000000e+00 8.04215546e+00 2.70000000e+00 -5.88162229e+00
 3.00000000e+00 0.00000000e+00 3.00000000e+00 7.69751735e+00 3.00000000e+00 -5.68669589e+00
 3.30000000e+00 0.00000000e+00 3.30000000e+00 8.61876015e+00 3.30000000e+00 -5.13980395e+00
 3.60000000e+00 0.00000000e+00 3.60000000e+00 7.76010243e+00 3.60000000e+00 -6.18408962e+00
 3.90000000e+00 0.00000000e+00 3.90000000e+00 7.88748636e+00 3.90000000e+00 -5.41586515e+00
 4.20000000e+00 0.00000000e+00 4.20000000e+00 8.59498458e+00 4.20000000e+00 -6.16845882e+00
 4.50000000e+00 0.00000000e+00 4.50000000e+00 8.17100164e+00 4.50000000e+00 -5.82424518e+00
 4.80000000e+00 0.00000000e+00 4.80000000e+00 7.75718245e+00 4.80000000e+00 -5.44282996e+00
 5.10000000e+00 0.00000000e+00 5.10000000e+00 7.80076608e+00 5.10000000e+00 -6.24348832e+00
 5.40000000e+00 0.00000000e+00 5.40000000e+00 8.63283582e+00 5.40000000e+00 -5.53668340e+00
 5.70000000e+00 0.00000000e+00 5.70000000e+00 8.34824107e+00 5.70000000e+00 -4.98210742e+00
 6.00000000e+00 0.00000000e+00 6.00000000e+00 7.47469977e+00 6.00000000e+00 -5.51316487e+00
 6.30000000e+00 0.00000000e+00 6.30000000e+00 7.83846095e+00 6.30000000e+00 -5.77587479e+00
 6.60000000e+00 0.00000000e+00 6.60000000e+00 8.08022615e+00 6.60000000e+00 -5.31055733e+00
 6.90000000e+00 0.00000000e+00 6.90000000e+00 7.94300158e+00 6.90000000e+00 -5.39855075e+00
 7.20000000e+00 0.00000000e+00 7.20000000e+00 8.19877287e+00 7.20000000e+00 -6.15307262e+00
 7.50000000e+00 0.00000000e+00 7.50000000e+00 8.25093029e+00 7.50000000e+00 -5.21732923e+00
 7.80000000e+00 0.00000000e+00 7.80000000e+00 7.99457843e+00 7.80000000e+00 -5.89128656e+00
 8.10000000e+00 0.00000000e+00 8.10000000e+00 8.31059119e+00 8.10000000e+00 -5.98598671e+00
 8.40000000e+00 0.00000000e+00 8.40000000e+00 8.01225653e+00 8.40000000e+00 -5.35347750e+00
 8.70000000e+00 0.00000000e+00 8.70000000e+00 8.29891510e+00 8.70000000e+00 -5.50325063e+00
 9.00000000e+00 0.00000000e+00 9.00000000e+00 8.36882084e+00 9.00000000e+00 -5.91415910e+00
 9.30000000e+00 0.00000000e+00 9.30000000e+00 7.88865786e+00 9.30000000e+00 -5.59831015e+00
 9.60000000e+00 0.00000000e+00 9.60000000e+00 8.00988269e+00 9.60000000e+00 -5.95542078e+00
 9.90000000e+00 0.00000000e+00 9.90000000e+00 7.28871168e+00 9.90000000e+00 -5.82720697e+00
 1.02000000e+01 0.00000000e+00 1.02000000e+01 8.05398054e+00 1.02000000e+01 -5.21277078e+00
 1.05000000e+01 0.00000000e+00 1.05000000e+01 7.27455284e+00 1.05000000e+01 -5.18990117e+00
 1.08000000e+01 0.00000000e+00 1.08000000e+01 7.63750283e+00 1.08000000e+01 -5.80561548e+00
 1.11000000e+01 0.00000000e+00 1.11000000e+01 7.89005345e+00 1.11000000e+01 -5.51970859e+00
 1.14000000e+01 0.00000000e+00 1.14000000e+01 7.78008380e+00 1.14000000e+01 -6.21116030e+00
 1.17000000e+01 0.00000000e+00 1.17000000e+01 8.16331735e+00 1.17000000e+01 -5.71089825e+00
 1.20000000e+01 0.00000000e+00 1.20000000e+01 7.42346873e+00 1.20000000e+01 -6.22319275e+00
 1.23000000e+01 0.00000000e+00 1.23000000e+01 7.54797910e+00 1.23000000e+01 -5.52313287e+00
 1.26000000e+01 0.00000000e+00 1.26000000e+01 7.91748008e+00 1.26000000e+01 -5.81857451e+00
 1.29000000e+01 0.00000000e+00 1.29000000e+01 8.04720127e+00 1.29000000e+01 -5.22649529e+00
 1.32000000e+01 0.00000000e+00 1.32000000e+01 7.51790519e+00 1.32000000e+01 -5.94461097e+00
 1.35000000e+01 0.00000000e+00 1.35000000e+01 7.99893868e+00 1.35000000e+01 -5.25314024e+00
 1.38000000e+01 0.00000000e+00 1.38000000e+01 7.96091485e+00 1.38000000e+01 -5.68296065e+00
 1.41000000e+01 0.00000000e+00 1.41000000e+01 8.17495037e+00 1.41000000e+01 -5.88561805e+00
 1.44000000e+01 0.00000000e+00 1.44000000e+01 8.07622569e+00 1.44000000e+01 -5.87672095e+00
 1.47000000e+01 0.00000000e+00 1.47000000e+01 8.71144417e+00 1.47000000e+01 -5.55669198e+00
 1.50000000e+01 0.00000000e+00 1.50000000e+01 8.07553909e+00 1.50000000e+01 -5.59691174e+00
 1.53000000e+01 0.00000000e+00 1.53000000e+01 2.73696002e+00 1.53000000e+01 -5.13121829e+00
 1.56000000e+01 0.00000000e+00 1.56000000e+01 3.05972450e+00 1.56000000e+01 -5.20557542e+00
 1.59000000e+01 0.00000000e+00 1.59000000e+01 2.76973506e+00 1.59000000e+01 -5.78785895e+00
 1.62000000e+01 0.00000000e+00 1.62000000e+01 2.55928872e+00 1.62000000e+01 -5.03884516e+00
 1.65000000e+01 0.00000000e+00 1.65000000e+01 2.58031752e+00 1.65000000e+01 -4.89586016e+00
 1.68000000e+01 0.00000000e+00 1.68000000e+01 2.16481174e+00 1.68000000e+01 -5.19516134e+00
 1.71000000e+01 0.00000000e+00 1.71000000e+01 2.30866113e+00 1.71000000e+01 -5.29267094e+00
 1.74000000e+01 0.00000000e+00 1.74000000e+01 2.28834939e+00 1.74000000e+01 -5.46866946e+00
 1.77000000e+01 0.00000000e+00 1.77000000e+01 2.58824628e+00 1.77000000e+01 -5.49555138e+00
 1.80000000e+01 0.00000000e+00 1.80000000e+01 2.44220848e+00 1.80000000e+01 -4.60903636e+00
 1.83000000e+01 0.00000000e+00 1.83000000e+01 2.33350873e+00 1.83000000e+01 -5.35273691e+00
 1.86000000e+01 0.00000000e+00 1.86000000e+01 2.11924560e+00 1.86000000e+01 -5.33437899e+00
 1.89000000e+01 0.00000000e+00 1.89000000e+01 2.38113062e+00 1.89000000e+01 -5.38442133e+00
 1.92000000e+01 0.00000000e+00 1.92000000e+01 2.98941665e+00 1.92000000e+01 -5.23787222e+00
 1.95000000e+01 0.00000000e+00 1.95000000e+01 2.80846747e+00 1.95000000e+01 -5.41285496e+00
 1.98000000e+01 0.00000000e+00 1.98000000e+01 2.85303983e+00 1.98000000e+01 -5.95312008e+00
 2.01000000e+01 0.00000000e+00 2.01000000e+01 2.88758991e+00 2.01000000e+01 -5.39704270e+00
 2.04000000e+01 0.00000000e+00 2.04000000e+01 2.65604977e+00 2.04000000e+01 -5.40426394e+00
 2.07000000e+01 0.00000000e+00 2.07000000e+01 2.24276625e+00 2.07000000e+01 -4.75394389e+00
 2.10000000e+01 0.00000000e+00 2.10000000e+01 2.27737336e+00 2.10000000e+01 -5.05092219e+00
 2.13000000e+01 0.00000000e+00 2.13000000e+01 2.47585909e+00 2.13000000e+01 -5.28235807e+00
 2.16000000e+01 0.00000000e+00 2.16000000e+01 2.27961913e+00 2.16000000e+01 -5.31737493e+00
 2.19000000e+01 0.00000000e+00 2.19000000e+01 2.88519074e+00 2.19000000e+01 -4.90409588e+00
 2.22000000e+01 0.00000000e+00 2.22000000e+01 2.59490170e+00 2.22000000e+01 -5.06655971e+00
 2.25000000e+01 0.00000000e+00 2.25000000e+01 2.26647364e+00 2.25000000e+01 -4.89155667e+00
 2.28000000e+01 0.00000000e+00 2.28000000e+01 2.41878540e+00 2.28000000e+01 -5.75505075e+00
 2.31000000e+01 0.00000000e+00 2.31000000e+01 2.34176391e+00 2.31000000e+01 -4.85900312e+00
 2.34000000e+01 0.00000000e+00 2.34000000e+01 2.52747458e+00 2.34000000e+01 -4.76824410e+00
 2.37000000e+01 0.00000000e+00 2.37000000e+01 3.12019853e+00 2.37000000e+01 -5.22535273e+00
 2.40000000e+01 0.00000000e+00 2.40000000e+01 2.36181390e+00 2.40000000e+01 -5.35989621e+00
 2.43000000e+01 0.00000000e+00 2.43000000e+01 2.34955407e+00 2.43000000e+01 -4.77737496e+00
 2.46000000e+01 0.00000000e+00 2.46000000e+01 2.90902830e+00 2.46000000e+01 -5.59798894e+00
 2.49000000e+01 0.00000000e+00 2.49000000e+01 2.23139089e+00 2.49000000e+01 -5.32099484e+00
 2.52000000e+01 0.00000000e+00 2.52000000e+01 2.34274551e+00 2.52000000e+01 -5.05435335e+00
 2.55000000e+01 0.00000000e+00 2.55000000e+01 1.31527229e+00 2.55000000e+01 -5.82565289e+00
 2.58000000e+01 0.00000000e+00 2.58000000e+01 2.10132184e+00 2.58000000e+01 -4.65073309e+00
 2.61000000e+01 0.00000000e+00 2.61000000e+01 1.97243180e+00 2.61000000e+01 -4.44659088e+00
 2.64000000e+01 0.00000000e+00 2.64000000e+01 2.01697489e+00 2.64000000e+01 -4.98343089e+00
 2.67000000e+01 0.00000000e+00 2.67000000e+01 1.64118007e+00 2.67000000e+01 -5.44486166e+00
 2.70000000e+01 0.00000000e+00 2.70000000e+01 2.01347476e+00 2.70000000e+01 -5.30512293e+00
 2.73000000e+01 0.00000000e+00 2.73000000e+01 2.20430721e+00 2.73000000e+01 -4.93630320e+00
 2.76000000e+01 0.00000000e+00 2.76000000e+01 1.85862107e+00 2.76000000e+01 -4.25032108e+00
 2.79000000e+01 0.00000000e+00 2.79000000e+01 2.26967882e+00 2.79000000e+01 -4.62932236e+00
 2.82000000e+01 0.00000000e+00 2.82000000e+01 2.22223752e+00 2.82000000e+01 -4.94353199e+00
 2.85000000e+01 0.00000000e+00 2.85000000e+01 1.49777527e+00 2.85000000e+01 -4.93621892e+00
 2.88000000e+01 0.00000000e+00 2.88000000e+01 1.85759392e+00 2.88000000e+01 -4.65592587e+00
 2.91000000e+01 0.00000000e+00 2.91000000e+01 1.29309113e+00 2.91000000e+01 -5.23114684e+00
 2.94000000e+01 0.00000000e+00 2.94000000e+01 1.80473919e+00 2.94000000e+01 -5.60543905e+00
 2.97000000e+01 0.00000000e+00 2.97000000e+01 1.70518679e+00 2.97000000e+01 -5.08951357e+00
 3.00000000e+01 0.00000000e+00 3.00000000e+01 1.98692146e+00 3.00000000e+01 -4.77765060e+00
 3.03000000e+01 0.00000000e+00 3.03000000e+01 1.91853868e+00 3.03000000e+01 -4.36947779e+00
 3.06000000e+01 0.00000000e+00 3.06000000e+01 2.19642906e+00 3.06000000e+01 -4.52809541e+00
 3.09000000e+01 0.00000000e+00 3.09000000e+01 2.25777195e+00 3.09000000e+01 -4.91238249e+00
 3.12000000e+01 0.00000000e+00 3.12000000e+01 2.03760282e+00 3.12000000e+01 -4.54920286e+00
 3.15000000e+01 0.00000000e+00 3.15000000e+01 2.12625123e+00 3.15000000e+01 -5.18749062e+00
 3.18000000e+01 0.00000000e+00 3.18000000e+01 1.93737579e+00 3.18000000e+01 -4.93779462e+00
 3.21000000e+01 0.00000000e+00 3.21000000e+01 2.25674291e+00 3.21000000e+01 -4.43588510e+00
 3.24000000e+01 0.00000000e+00 3.24000000e+01 1.84415912e+00 3.24000000e+01 -5.54717298e+00
 3.27000000e+01 0.00000000e+00 3.27000000e+01 1.47564740e+00 3.27000000e+01 -4.93048929e+00
 3.30000000e+01 0.00000000e+00 3.30000000e+01 1.19045488e+00 3.30000000e+01 -4.45442952e+00
 3.33000000e+01 0.00000000e+00 3.33000000e+01 1.68629534e+00 3.33000000e+01 -5.07297388e+00
 3.36000000e+01 0.00000000e+00 3.36000000e+01 1.76790607e+00 3.36000000e+01 -4.87309802e+00
 3.39000000e+01 0.00000000e+00 3.39000000e+01 1.85738442e+00 3.39000000e+01 -5.15952519e+00
 3.42000000e+01 0.00000000e+00 3.42000000e+01 1.89454525e+00 3.42000000e+01 -4.89937444e+00
 3.45000000e+01 0.00000000e+00 3.45000000e+01 2.12543747e+00 3.45000000e+01 -5.35423844e+00
 3.48000000e+01 0.00000000e+00 3.48000000e+01 1.92839740e+00 3.48000000e+01 -4.86498279e+00
 3.51000000e+01 0.00000000e+00 3.51000000e+01 3.35256936e+00 3.51000000e+01 -3.66997072e+00
 3.54000000e+01 0.00000000e+00 3.54000000e+01 3.25118054e+00 3.54000000e+01 -4.60024904e+00
 3.57000000e+01 0.00000000e+00 3.57000000e+01 3.17419240e+00 3.57000000e+01 -4.12922805e+00
 3.60000000e+01 0.00000000e+00 3.60000000e+01 3.06772797e+00 3.60000000e+01 -3.50066870e+00
 3.63000000e+01 0.00000000e+00 3.63000000e+01 3.47182903e+00 3.63000000e+01 -4.23102111e+00
 3.66000000e+01 0.00000000e+00 3.66000000e+01 2.91501625e+00 3.66000000e+01 -3.81132447e+00
 3.69000000e+01 0.00000000e+00 3.69000000e+01 3.40614395e+00 3.69000000e+01 -3.58435997e+00
 3.72000000e+01 0.00000000e+00 3.72000000e+01 4.04094424e+00 3.72000000e+01 -3.40528428e+00
 3.75000000e+01 0.00000000e+00 3.75000000e+01 3.37511268e+00 3.75000000e+01 -3.50531484e+00
 3.78000000e+01 0.00000000e+00 3.78000000e+01 3.79023646e+00 3.78000000e+01 -3.70870148e+00
 3.81000000e+01 0.00000000e+00 3.81000000e+01 3.31190879e+00 3.81000000e+01 -3.07264075e+00
 3.84000000e+01 0.00000000e+00 3.84000000e+01 2.97931810e+00 3.84000000e+01 -4.13640078e+00
 3.87000000e+01 0.00000000e+00 3.87000000e+01 3.42197266e+00 3.87000000e+01 -4.34359404e+00
 3.90000000e+01 0.00000000e+00 3.90000000e+01 3.55468833e+00 3.90000000e+01 -3.86470187e+00
 3.93000000e+01 0.00000000e+00 3.93000000e+01 3.55670994e+00 3.93000000e+01 -4.05328440e+00
 3.96000000e+01 0.00000000e+00 3.96000000e+01 3.22828535e+00 3.96000000e+01 -3.95557340e+00
 3.99000000e+01 0.00000000e+00 3.99000000e+01 3.95816108e+00 3.99000000e+01 -3.33058689e+00
 4.02000000e+01 0.00000000e+00 4.02000000e+01 3.83478865e+00 4.02000000e+01 -3.08382078e+00
 4.05000000e+01 0.00000000e+00 4.05000000e+01 3.42710905e+00 4.05000000e+01 -2.57512325e+00
 4.08000000e+01 0.00000000e+00 4.08000000e+01 4.53333880e+00 4.08000000e+01 -3.70454342e+00
 4.11000000e+01 0.00000000e+00 4.11000000e+01 3.92168504e+00 4.11000000e+01 -2.91804071e+00
 4.14000000e+01 0.00000000e+00 4.14000000e+01 3.64100403e+00 4.14000000e+01 -3.86323938e+00
 4.17000000e+01 0.00000000e+00 4.17000000e+01 4.24327273e+00 4.17000000e+01 -3.44348064e+00
 4.20000000e+01 0.00000000e+00 4.20000000e+01 4.14828775e+00 4.20000000e+01 -3.29112563e+00
 4.23000000e+01 0.00000000e+00 4.23000000e+01 3.75787342e+00 4.23000000e+01 -3.20492229e+00
 4.26000000e+01 0.00000000e+00 4.26000000e+01 3.61467384e+00 4.26000000e+01 -3.07842378e+00
 4.29000000e+01 0.00000000e+00 4.29000000e+01 3.50551753e+00 4.29000000e+01 -3.22873935e+00
 4.32000000e+01 0.00000000e+00 4.32000000e+01 3.86201505e+00 4.32000000e+01 -2.93284571e+00
 4.35000000e+01 0.00000000e+00 4.35000000e+01 3.76357202e+00 4.35000000e+01 -3.06062146e+00
 4.38000000e+01 0.00000000e+00 4.38000000e+01 3.67825071e+00 4.38000000e+01 -2.63465350e+00
 4.41000000e+01 0.00000000e+00 4.41000000e+01 3.94503225e+00 4.41000000e+01 -2.74906592e+00
 4.44000000e+01 0.00000000e+00 4.44000000e+01 3.10710162e+00 4.44000000e+01 -2.64058097e+00
 4.47000000e+01 0.00000000e+00 4.47000000e+01 3.84518754e+00 4.47000000e+01 -3.76023740e+00
 4.50000000e+01 0.00000000e+00 4.50000000e+01 3.55656078e+00 4.50000000e+01 -2.92187021e+00
 4.53000000e+01 0.00000000e+00 4.53000000e+01 3.95119918e+00 4.53000000e+01 -3.11933562e+00
 4.56000000e+01 0.00000000e+00 4.56000000e+01 3.15808301e+00 4.56000000e+01 -3.47140690e+00
 4.59000000e+01 0.00000000e+00 4.59000000e+01 3.85162860e+00 4.59000000e+01 -3.26977481e+00
 4.62000000e+01 0.00000000e+00 4.62000000e+01 3.53688371e+00 4.62000000e+01 -3.19434910e+00
 4.65000000e+01 0.00000000e+00 4.65000000e+01 3.79597056e+00 4.65000000e+01 -2.62421013e+00
 4.68000000e+01 0.00000000e+00 4.68000000e+01 3.68260787e+00 4.68000000e+01 -2.79823504e+00
 4.71000000e+01 0.00000000e+00 4.71000000e+01 3.41307538e+00 4.71000000e+01 -2.90434297e+00
 4.74000000e+01 0.00000000e+00 4.74000000e+01 3.02723876e+00 4.74000000e+01 -2.64451246e+00
 4.77000000e+01 0.00000000e+00 4.77000000e+01 3.40042320e+00 4.77000000e+01 -3.21356744e+00
 4.80000000e+01 0.00000000e+00 4.80000000e+01 2.93205003e+00 4.80000000e+01 -3.50039810e+00
 4.83000000e+01 0.00000000e+00 4.83000000e+01 3.64661434e+00 4.83000000e+01 -3.64705737e+00
 4.86000000e+01 0.00000000e+00 4.86000000e+01 3.84340222e+00 4.86000000e+01 -3.13764380e+00
 4.89000000e+01 0.00000000e+00 4.89000000e+01 3.44033208e+00 4.89000000e+01 -3.19474693e+00
 4.92000000e+01 0.00000000e+00 4.92000000e+01 3.45742155e+00 4.92000000e+01 -3.23108118e+00
 4.95000000e+01 0.00000000e+00 4.95000000e+01 3.76397075e+00 4.95000000e+01 -3.13533411e+00
 4.98000000e+01 0.00000000e+00 4.98000000e+01 2.81283017e+00 4.98000000e+01 -3.34245917e+00
 5.01000000e+01 0.00000000e+00 5.01000000e+01 3.35278191e+00 5.01000000e+01 -3.67732463e+00
 5.04000000e+01 0.00000000e+00 5.04000000e+01 3.37047888e+00 5.04000000e+01 -3.54196615e+00
 5.07000000e+01 0.00000000e+00 5.07000000e+01 3.57726245e+00 5.07000000e+01 -3.17777674e+00
 5.10000000e+01 0.00000000e+00 5.10000000e+01 3.53867176e+00 5.10000000e+01 -3.59880702e+00
 5.13000000e+01 0.00000000e+00 5.13000000e+01 3.32938954e+00 5.13000000e+01 -3.62730455e+00
 5.16000000e+01 0.00000000e+00 5.16000000e+01 3.52337232e+00 5.16000000e+01 -4.15961254e+00
 5.19000000e+01 0.00000000e+00 5.19000000e+01 4.27574534e+00 5.19000000e+01 -3.21140544e+00
 5.22000000e+01 0.00000000e+00 5.22000000e+01 3.54545007e+00 5.22000000e+01 -3.59715798e+00
 5.25000000e+01 0.00000000e+00 5.25000000e+01 3.46938252e+00 5.25000000e+01 -3.42912019e+00
 5.28000000e+01 0.00000000e+00 5.28000000e+01 3.73844523e+00 5.28000000e+01 -3.14319203e+00
 5.31000000e+01 0.00000000e+00 5.31000000e+01 3.87091293e+00 5.31000000e+01 -3.67229550e+00
 5.34000000e+01 0.00000000e+00 5.34000000e+01 3.66473932e+00 5.34000000e+01 -3.65599355e+00
 5.37000000e+01 0.00000000e+00 5.37000000e+01 3.38596087e+00 5.37000000e+01 -3.65546239e+00
 5.40000000e+01 0.00000000e+00 5.40000000e+01 3.25806091e+00 5.40000000e+01 -3.01272195e+00
 5.43000000e+01 0.00000000e+00 5.43000000e+01 3.22064794e+00 5.43000000e+01 -3.46636558e+00
 5.46000000e+01 0.00000000e+00 5.46000000e+01 3.40346783e+00 5.46000000e+01 -3.53913101e+00
 5.49000000e+01 0.00000000e+00 5.49000000e+01 3.00343492e+00 5.49000000e+01 -3.12274898e+00
 5.52000000e+01 0.00000000e+00 5.52000000e+01 7.66244759e+00 5.52000000e+01 -5.42296718e+00
 5.55000000e+01 0.00000000e+00 5.55000000e+01 7.22204920e+00 5.55000000e+01 -5.02848704e+00
 5.58000000e+01 0.00000000e+00 5.58000000e+01 8.28192951e+00 5.58000000e+01 -5.66959254e+00
 5.61000000e+01 0.00000000e+00 5.61000000e+01 8.28838646e+00 5.61000000e+01 -5.66045667e+00
 5.64000000e+01 0.00000000e+00 5.64000000e+01 7.79396176e+00 5.64000000e+01 -5.58265295e+00
 5.67000000e+01 0.00000000e+00 5.67000000e+01 7.89896815e+00 5.67000000e+01 -5.03772828e+00
 5.70000000e+01 0.00000000e+00 5.70000000e+01 7.74815002e+00 5.70000000e+01 -5.41284425e+00
 5.73000000e+01 0.00000000e+00 5.73000000e+01 8.12983688e+00 5.73000000e+01 -5.51288203e+00
 5.76000000e+01 0.00000000e+00 5.76000000e+01 7.39390674e+00 5.76000000e+01 -6.16325377e+00
 5.79000000e+01 0.00000000e+00 5.79000000e+01 7.96968132e+00 5.79000000e+01 -5.51164604e+00
 5.82000000e+01 0.00000000e+00 5.82000000e+01 7.60627260e+00 5.82000000e+01 -5.35366294e+00
 5.85000000e+01 0.00000000e+00 5.85000000e+01 7.83482223e+00 5.85000000e+01 -4.97851272e+00
 5.88000000e+01 0.00000000e+00 5.88000000e+01 7.61874855e+00 5.88000000e+01 -5.68142602e+00
 5.91000000e+01 0.00000000e+00 5.91000000e+01 8.15386851e+00 5.91000000e+01 -5.75820254e+00
 5.94000000e+01 0.00000000e+00 5.94000000e+01 8.27465836e+00 5.94000000e+01 -5.83437347e+00
 5.97000000e+01 0.00000000e+00 5.97000000e+01 8.07879165e+00 5.97000000e+01 -5.40054108e+00
