 0.00000000e+00 0.00000000e+00 0.00000000e+00 6.63226898e+00 0.00000000e+00 -3.32301302e+00
 3.00000000e-01 0.00000000e+00 3.00000000e-01 7.66548101e+00 3.00000000e-01 -3.41581584e+00
 6.00000000e-01 0.00000000e+00 6.00000000e-01 7.07237887e+00 6.00000000e-01 -3.28237901e+00
 9.00000000e-01 0.00000000e+00 9.00000000e-01 7.30367894e+00 9.00000000e-01 -2.69338252e+00
 1.20000000e+00 0.00000000e+00 1.20000000e+00 7.56121071e+00 1.20000000e+00 -2.89248276e+00
 1.50000000e+00 0.00000000e+00 1.50000000e+00 7.50474464e+00 1.50000000e+00 -2.66155907e+00
 1.80000000e+00 0.00000000e+00 1.80000000e+00 6.78195085e+00 1.80000000e+00 -2.69763634e+00
 2.10000000e+00 0.00000000e+00 2.10000000e+00 6.39557969e+00 2.10000000e+00 -2.90423818e+00
 2.40000000e+00 0.00000000e+00 2.40000000e+00 6.95508196e+00 2.40000000e+00 -3.63193783e+00
 2.70000000e+00 0.00000000e+00 2.70000000e+00 6.75017943e+00 2.70000000e+00 -3.03025241e+00
 3.00000000e+00 0.00000000e+00 3.00000000e+00 7.16958612e+00 3.00000000e+00 -2.88243851e+00
 3.30000000e+00 0.00000000e+00 3.30000000e+00 7.32850838e+00 3.30000000e+00 -3.32097683e+00
 3.60000000e+00 0.00000000e+00 3.60000000e+00 7.47025627e+00 3.60000000e+00 -3.01830203e+00
 3.90000000e+00 0.00000000e+00 3.90000000e+00 6.86815883e+00 3.90000000e+00 -3.07221865e+00
 4.20000000e+00 0.00000000e+00 4.20000000e+00 6.57305351e+00 4.20000000e+00 -2.60378831e+00
 4.50000000e+00 0.00000000e+00 4.50000000e+00 7.15064460e+00 4.50000000e+00 -4.22349245e+00
 4.80000000e+00 0.00000000e+00 4.80000000e+00 6.83790151e+00 4.80000000e+00 -3.21401846e+00
 5.10000000e+00 0.00000000e+00 5.10000000e+00 7.25323099e+00 5.10000000e+00 -2.85377476e+00
 5.40000000e+00 0.00000000e+00 5.40000000e+00 6.70274658e+00 5.40000000e+00 -3.25184280e+00
 5.70000000e+00 0.00000000e+00 5.70000000e+00 6.83175864e+00 5.70000000e+00 -3.23454123e+00
 6.00000000e+00 0.00000000e+00 6.00000000e+00 6.56359498e+00 6.00000000e+00 -2.73336476e+00
 6.30000000e+00 0.00000000e+00 6.30000000e+00 6.66686685e+00 6.30000000e+00 -3.30146160e+00
 6.60000000e+00 0.00000000e+00 6.60000000e+00 6.78219229e+00 6.60000000e+00 -3.02346992e+00
 6.90000000e+00 0.00000000e+00 6.90000000e+00 6.67683003e+00 6.90000000e+00 -3.22966066e+00
 7.20000000e+00 0.00000000e+00 7.20000000e+00 7.16608324e+00 7.20000000e+00 -2.90321472e+00
 7.50000000e+00 0.00000000e+00 7.50000000e+00 6.95901498e+00 7.50000000e+00 -2.63482375e+00
 7.80000000e+00 0.00000000e+00 7.80000000e+00 6.90095328e+00 7.80000000e+00 -3.29861798e+00
 8.10000000e+00 0.00000000e+00 8.10000000e+00 7.18086833e+00 8.10000000e+00 -2.26456905e+00
 8.40000000e+00 0.00000000e+00 8.40000000e+00 6.48651462e+00 8.40000000e+00 -3.40773707e+00
 8.70000000e+00 0.00000000e+00 8.70000000e+00 6.85955666e+00 8.70000000e+00 -4.17078328e+00
 9.00000000e+00 0.00000000e+00 9.00000000e+00 6.66869724e+00 9.00000000e+00 -2.68873161e+00
 9.30000000e+00 0.00000000e+00 9.30000000e+00 6.55051389e+00 9.30000000e+00 -3.56788362e+00
 9.60000000e+00 0.00000000e+00 9.60000000e+00 7.06958161e+00 9.60000000e+00 -2.94278370e+00
 9.90000000e+00 0.00000000e+00 9.90000000e+00 6.65353495e+00 9.90000000e+00 -3.13353901e+00
 1.02000000e+01 0.00000000e+00 1.02000000e+01 6.66003881e+00 1.02000000e+01 -3.79622275e+00
 1.05000000e+01 0.00000000e+00 1.05000000e+01 6.28729267e+00 1.05000000e+01 -3.17171150e+00
 1.08000000e+01 0.00000000e+00 1.08000000e+01 7.22045233e+00 1.08000000e+01 -3.28693210e+00
 1.11000000e+01 0.00000000e+00 1.11000000e+01 7.04193879e+00 1.11000000e+01 -2.77274689e+00
 1.14000000e+01 0.00000000e+00 1.14000000e+01 7.34866979e+00 1.14000000e+01 -2.91031516e+00
 1.17000000e+01 0.00000000e+00 1.17000000e+01 6.99293950e+00 1.17000000e+01 -3.00441791e+00
 1.20000000e+01 0.00000000e+00 1.20000000e+01 7.38399092e+00 1.20000000e+01 -2.92770947e+00
 1.23000000e+01 0.00000000e+00 1.23000000e+01 7.16263797e+00 1.23000000e+01 -2.73445164e+00
 1.26000000e+01 0.00000000e+00 1.26000000e+01 6.91263421e+00 1.26000000e+01 -2.55879958e+00
 1.29000000e+01 0.00000000e+00 1.29000000e+01 7.01674562e+00 1.29000000e+01 -2.91453191e+00
 1.32000000e+01 0.00000000e+00 1.32000000e+01 6.81879534e+00 1.32000000e+01 -3.27895245e+00
 1.35000000e+01 0.00000000e+00 1.35000000e+01 6.48107897e+00 1.35000000e+01 -3.20339670e+00
 1.38000000e+01 0.00000000e+00 1.38000000e+01 6.58637674e+00 1.38000000e+01 -2.81495449e+00
 1.41000000e+01 0.00000000e+00 1.41000000e+01 6.78549956e+00 1.41000000e+01 -2.89664601e+00
 1.44000000e+01 0.00000000e+00 1.44000000e+01 6.41992523e+00 1.44000000e+01 -3.43298507e+00
 1.47000000e+01 0.00000000e+00 1.47000000e+01 6.80076980e+00 1.47000000e+01 -3.64981784e+00
 1.50000000e+01 0.00000000e+00 1.50000000e+01 6.03758449e+00 1.50000000e+01 -3.07162326e+00
 1.53000000e+01 0.00000000e+00 1.53000000e+01 2.40644547e+00 1.53000000e+01 -3.74622842e+00
 1.56000000e+01 0.00000000e+00 1.56000000e+01 2.73729752e+00 1.56000000e+01 -3.53912484e+00
 1.59000000e+01 0.00000000e+00 1.59000000e+01 2.54893963e+00 1.59000000e+01 -3.83595536e+00
 1.62000000e+01 0.00000000e+00 1.62000000e+01 2.49687561e+00 1.62000000e+01 -3.71813208e+00
 1.65000000e+01 0.00000000e+00 1.65000000e+01 2.15822489e+00 1.65000000e+01 -3.22079655e+00
 1.68000000e+01 0.00000000e+00 1.68000000e+01 2.41413040e+00 1.68000000e+01 -3.73860100e+00
 1.71000000e+01 0.00000000e+00 1.71000000e+01 2.20411073e+00 1.71000000e+01 -3.07487804e+00
 1.74000000e+01 0.00000000e+00 1.74000000e+01 2.44041202e+00 1.74000000e+01 -3.82777904e+00
 1.77000000e+01 0.00000000e+00 1.77000000e+01 2.29368547e+00 1.77000000e+01 -4.20449554e+00
 1.80000000e+01 0.00000000e+00 1.80000000e+01 2.59186297e+00 1.80000000e+01 -4.25143533e+00
 1.83000000e+01 0.00000000e+00 1.83000000e+01 2.42131539e+00 1.83000000e+01 -4.12714223e+00
 1.86000000e+01 0.00000000e+00 1.86000000e+01 1.94239182e+00 1.86000000e+01 -3.43267915e+00
 1.89000000e+01 0.00000000e+00 1.89000000e+01 1.70163964e+00 1.89000000e+01 -3.19770632e+00
 1.92000000e+01 0.00000000e+00 1.92000000e+01 2.02426248e+00 1.92000000e+01 -3.62885848e+00
 1.95000000e+01 0.00000000e+00 1.95000000e+01 2.25422580e+00 1.95000000e+01 -4.02557517e+00
 1.98000000e+01 0.00000000e+00 1.98000000e+01 2.03621855e+00 1.98000000e+01 -3.49737440e+00
 2.01000000e+01 0.00000000e+00 2.01000000e+01 2.05964927e+00 2.01000000e+01 -3.55434417e+00
 2.04000000e+01 0.00000000e+00 2.04000000e+01 2.52053413e+00 2.04000000e+01 -3.62725352e+00
 2.07000000e+01 0.00000000e+00 2.07000000e+01 1.98594889e+00 2.07000000e+01 -3.97055537e+00
 2.10000000e+01 0.00000000e+00 2.10000000e+01 2.27424046e+00 2.10000000e+01 -3.64319423e+00
 2.13000000e+01 0.00000000e+00 2.13000000e+01 2.54774266e+00 2.13000000e+01 -4.11403611e+00
 2.16000000e+01 0.00000000e+00 2.16000000e+01 2.41112222e+00 2.16000000e+01 -3.48727540e+00
 2.19000000e+01 0.00000000e+00 2.19000000e+01 2.17598167e+00 2.19000000e+01 -3.22198584e+00
 2.22000000e+01 0.00000000e+00 2.22000000e+01 2.64033424e+00 2.22000000e+01 -3.31390117e+00
 2.25000000e+01 0.00000000e+00 2.25000000e+01 2.41349049e+00 2.25000000e+01 -3.91140509e+00
 2.28000000e+01 0.00000000e+00 2.28000000e+01 2.26894409e+00 2.28000000e+01 -3.33888609e+00
 2.31000000e+01 0.00000000e+00 2.31000000e+01 2.76431769e+00 2.31000000e+01 -3.29425306e+00
 2.34000000e+01 0.00000000e+00 2.34000000e+01 1.84668524e+00 2.34000000e+01 -4.05987752e+00
 2.37000000e+01 0.00000000e+00 2.37000000e+01 2.96515118e+00 2.37000000e+01 -3.65948265e+00
 2.40000000e+01 0.00000000e+00 2.40000000e+01 1.71934757e+00 2.40000000e+01 -3.99500874e+00
 2.43000000e+01 0.00000000e+00 2.43000000e+01 1.94655463e+00 2.43000000e+01 -3.78317443e+00
 2.46000000e+01 0.00000000e+00 2.46000000e+01 2.08880421e+00 2.46000000e+01 -3.77514620e+00
 2.49000000e+01 0.00000000e+00 2.49000000e+01 2.25243583e+00 2.49000000e+01 -2.99940345e+00
 2.52000000e+01 0.00000000e+00 2.52000000e+01 1.90016551e+00 2.52000000e+01 -3.99897814e+00
 2.55000000e+01 0.00000000e+00 2.55000000e+01 2.22306496e+00 2.55000000e+01 -3.84900552e+00
 2.58000000e+01 0.00000000e+00 2.58000000e+01 1.75219003e+00 2.58000000e+01 -4.10986484e+00
 2.61000000e+01 0.00000000e+00 2.61000000e+01 2.74457035e+00 2.61000000e+01 -3.83098338e+00
 2.64000000e+01 0.00000000e+00 2.64000000e+01 2.35464137e+00 2.64000000e+01 -4.24794249e+00
 2.67000000e+01 0.00000000e+00 2.67000000e+01 2.27266952e+00 2.67000000e+01 -3.88544748e+00
 2.70000000e+01 0.00000000e+00 2.70000000e+01 2.07666228e+00 2.70000000e+01 -4.13964250e+00
 2.73000000e+01 0.00000000e+00 2.73000000e+01 2.51376868e+00 2.73000000e+01 -4.05739732e+00
 2.76000000e+01 0.00000000e+00 2.76000000e+01 1.94431106e+00 2.76000000e+01 -4.64690331e+00
 2.79000000e+01 0.00000000e+00 2.79000000e+01 2.68431115e+00 2.79000000e+01 -4.09021195e+00
 2.82000000e+01 0.00000000e+00 2.82000000e+01 1.86462530e+00 2.82000000e+01 -3.84714643e+00
 2.85000000e+01 0.00000000e+00 2.85000000e+01 3.28771576e+00 2.85000000e+01 -3.92190638e+00
 2.88000000e+01 0.00000000e+00 2.88000000e+01 2.41890311e+00 2.88000000e+01 -4.52087560e+00
 2.91000000e+01 0.00000000e+00 2.91000000e+01 2.83344945e+00 2.91000000e+01 -3.89668272e+00
 2.94000000e+01 0.00000000e+00 2.94000000e+01 2.16669234e+00 2.94000000e+01 -4.34895874e+00
 2.97000000e+01 0.00000000e+00 2.97000000e+01 1.87632126e+00 2.97000000e+01 -3.95541183e+00
 3.00000000e+01 0.00000000e+00 3.00000000e+01 2.13681534e+00 3.00000000e+01 -4.52714742e+00
 3.03000000e+01 0.00000000e+00 3.03000000e+01 2.26485441e+00 3.03000000e+01 -3.45972260e+00
 3.06000000e+01 0.00000000e+00 3.06000000e+01 2.18406900e+00 3.06000000e+01 -3.50832710e+00
 3.09000000e+01 0.00000000e+00 3.09000000e+01 1.87866842e+00 3.09000000e+01 -3.91176520e+00
 3.12000000e+01 0.00000000e+00 3.12000000e+01 1.64497431e+00 3.12000000e+01 -4.18812522e+00
 3.15000000e+01 0.00000000e+00 3.15000000e+01 2.24394585e+00 3.15000000e+01 -4.45438900e+00
 3.18000000e+01 0.00000000e+00 3.18000000e+01 1.87382526e+00 3.18000000e+01 -4.00791874e+00
 3.21000000e+01 0.00000000e+00 3.21000000e+01 1.94866871e+00 3.21000000e+01 -4.36925390e+00
 3.24000000e+01 0.00000000e+00 3.24000000e+01 2.14053082e+00 3.24000000e+01 -4.43372689e+00
 3.27000000e+01 0.00000000e+00 3.27000000e+01 2.10506731e+00 3.27000000e+01 -4.03268776e+00
 3.30000000e+01 0.00000000e+00 3.30000000e+01 1.86232713e+00 3.30000000e+01 -4.59083848e+00
 3.33000000e+01 0.00000000e+00 3.33000000e+01 2.69337051e+00 3.33000000e+01 -3.97251451e+00
 3.36000000e+01 0.00000000e+00 3.36000000e+01 2.24435961e+00 3.36000000e+01 -4.26618833e+00
 3.39000000e+01 0.00000000e+00 3.39000000e+01 2.26992075e+00 3.39000000e+01 -4.36809913e+00
 3.42000000e+01 0.00000000e+00 3.42000000e+01 1.86674278e+00 3.42000000e+01 -4.38247175e+00
 3.45000000e+01 0.00000000e+00 3.45000000e+01 2.73654209e+00 3.45000000e+01 -3.78228371e+00
 3.48000000e+01 0.00000000e+00 3.48000000e+01 2.06285628e+00 3.48000000e+01 -4.08003225e+00
 3.51000000e+01 0.00000000e+00 3.51000000e+01 4.20720233e+00 3.51000000e+01 -2.75607520e+00
 3.54000000e+01 0.00000000e+00 3.54000000e+01 3.99147167e+00 3.54000000e+01 -2.37638588e+00
 3.57000000e+01 0.00000000e+00 3.57000000e+01 3.65057235e+00 3.57000000e+01 -2.30387438e+00
 3.60000000e+01 0.00000000e+00 3.60000000e+01 4.06736763e+00 3.60000000e+01 -2.38594670e+00
 3.63000000e+01 0.00000000e+00 3.63000000e+01 4.16918197e+00 3.63000000e+01 -1.95882751e+00
 3.66000000e+01 0.00000000e+00 3.66000000e+01 4.50066711e+00 3.66000000e+01 -1.71934898e+00
 3.69000000e+01 0.00000000e+00 3.69000000e+01 4.14789444e+00 3.69000000e+01 -2.30207268e+00
 3.72000000e+01 0.00000000e+00 3.72000000e+01 4.05591127e+00 3.72000000e+01 -1.75468452e+00
 3.75000000e+01 0.00000000e+00 3.75000000e+01 4.36525652e+00 3.75000000e+01 -1.53130271e+00
 3.78000000e+01 0.00000000e+00 3.78000000e+01 4.17908792e+00 3.78000000e+01 -2.10723750e+00
 3.81000000e+01 0.00000000e+00 3.81000000e+01 4.15344608e+00 3.81000000e+01 -1.62388298e+00
 3.84000000e+01 0.00000000e+00 3.84000000e+01 4.61359173e+00 3.84000000e+01 -1.94624098e+00
 3.87000000e+01 0.00000000e+00 3.87000000e+01 4.05719301e+00 3.87000000e+01 -1.92512236e+00
 3.90000000e+01 0.00000000e+00 3.90000000e+01 4.45688851e+00 3.90000000e+01 -2.17626832e+00
 3.93000000e+01 0.00000000e+00 3.93000000e+01 4.15205769e+00 3.93000000e+01 -1.57945490e+00
 3.96000000e+01 0.00000000e+00 3.96000000e+01 3.89473254e+00 3.96000000e+01 -2.43206828e+00
 3.99000000e+01 0.00000000e+00 3.99000000e+01 3.93065104e+00 3.99000000e+01 -1.24540568e+00
 4.02000000e+01 0.00000000e+00 4.02000000e+01 5.31096904e+00 4.02000000e+01 -2.39512259e+00
 4.05000000e+01 0.00000000e+00 4.05000000e+01 4.49269152e+00 4.05000000e+01 -1.00297445e+00
 4.08000000e+01 0.00000000e+00 4.08000000e+01 5.46882273e+00 4.08000000e+01 -1.80571005e+00
 4.11000000e+01 0.00000000e+00 4.11000000e+01 5.49703051e+00 4.11000000e+01 -1.97968057e+00
 4.14000000e+01 0.00000000e+00 4.14000000e+01 5.35416366e+00 4.14000000e+01 -2.20264577e+00
 4.17000000e+01 0.00000000e+00 4.17000000e+01 4.90295506e+00 4.17000000e+01 -1.76005664e+00
 4.20000000e+01 0.00000000e+00 4.20000000e+01 5.07938026e+00 4.20000000e+01 -1.79544998e+00
 4.23000000e+01 0.00000000e+00 4.23000000e+01 5.15490627e+00 4.23000000e+01 -1.61969863e+00
 4.26000000e+01 0.00000000e+00 4.26000000e+01 5.01889938e+00 4.26000000e+01 -2.53577023e+00
 4.29000000e+01 0.00000000e+00 4.29000000e+01 4.85596877e+00 4.29000000e+01 -1.98830808e+00
 4.32000000e+01 0.00000000e+00 4.32000000e+01 4.80170836e+00 4.32000000e+01 -1.46480156e+00
 4.35000000e+01 0.00000000e+00 4.35000000e+01 4.93146635e+00 4.35000000e+01 -1.68741888e+00
 4.38000000e+01 0.00000000e+00 4.38000000e+01 5.60710116e+00 4.38000000e+01 -1.56415160e+00
 4.41000000e+01 0.00000000e+00 4.41000000e+01 4.89268687e+00 4.41000000e+01 -1.96442674e+00
 4.44000000e+01 0.00000000e+00 4.44000000e+01 5.22792350e+00 4.44000000e+01 -1.96429657e+00
 4.47000000e+01 0.00000000e+00 4.47000000e+01 5.62056422e+00 4.47000000e+01 -1.94002923e+00
 4.50000000e+01 0.00000000e+00 4.50000000e+01 5.13520479e+00 4.50000000e+01 -1.95959275e+00
 4.53000000e+01 0.00000000e+00 4.53000000e+01 5.19535667e+00 4.53000000e+01 -1.81189009e+00
 4.56000000e+01 0.00000000e+00 4.56000000e+01 4.75576501e+00 4.56000000e+01 -1.20945431e+00
 4.59000000e+01 0.00000000e+00 4.59000000e+01 4.86554992e+00 4.59000000e+01 -1.77739001e+00
 4.62000000e+01 0.00000000e+00 4.62000000e+01 5.04143856e+00 4.62000000e+01 -1.90455365e+00
 4.65000000e+01 0.00000000e+00 4.65000000e+01 5.51560038e+00 4.65000000e+01 -2.11035872e+00
 4.68000000e+01 0.00000000e+00 4.68000000e+01 5.05641941e+00 4.68000000e+01 -1.62769299e+00
 4.71000000e+01 0.00000000e+00 4.71000000e+01 5.46106928e+00 4.71000000e+01 -1.82653206e+00
 4.74000000e+01 0.00000000e+00 4.74000000e+01 4.91699895e+00 4.74000000e+01 -1.88721913e+00
 4.77000000e+01 0.00000000e+00 4.77000000e+01 5.51236123e+00 4.77000000e+01 -1.96218762e+00
 4.80000000e+01 0.00000000e+00 4.80000000e+01 4.92252019e+00 4.80000000e+01 -1.87459274e+00
 4.83000000e+01 0.00000000e+00 4.83000000e+01 5.12173950e+00 4.83000000e+01 -2.07110632e+00
 4.86000000e+01 0.00000000e+00 4.86000000e+01 5.79322554e+00 4.86000000e+01 -2.22626385e+00
 4.89000000e+01 0.00000000e+00 4.89000000e+01 5.20151906e+00 4.89000000e+01 -1.63057476e+00
 4.92000000e+01 0.00000000e+00 4.92000000e+01 5.23821858e+00 4.92000000e+01 -1.21006342e+00
 4.95000000e+01 0.00000000e+00 4.95000000e+01 5.81008211e+00 4.95000000e+01 -2.06813880e+00
 4.98000000e+01 0.00000000e+00 4.98000000e+01 4.79578094e+00 4.98000000e+01 -2.13297190e+00
 5.01000000e+01 0.00000000e+00 5.01000000e+01 2.71903233e+00 5.01000000e+01 -5.72722536e+00
 5.04000000e+01 0.00000000e+00 5.04000000e+01 3.54361522e+00 5.04000000e+01 -5.29757577e+00
 5.07000000e+01 0.00000000e+00 5.07000000e+01 2.89519387e+00 5.07000000e+01 -5.24163626e+00
 5.10000000e+01 0.00000000e+00 5.10000000e+01 3.00192934e+00 5.10000000e+01 -4.68008246e+00
 5.13000000e+01 0.00000000e+00 5.13000000e+01 3.37561651e+00 5.13000000e+01 -4.62762069e+00
 5.16000000e+01 0.00000000e+00 5.16000000e+01 3.12215248e+00 5.16000000e+01 -4.83237909e+00
 5.19000000e+01 0.00000000e+00 5.19000000e+01 3.37813840e+00 5.19000000e+01 -4.90784752e+00
 5.22000000e+01 0.00000000e+00 5.22000000e+01 3.01589221e+00 5.22000000e+01 -5.14213895e+00
 5.25000000e+01 0.00000000e+00 5.25000000e+01 3.67568503e+00 5.25000000e+01 -5.07236822e+00
 5.28000000e+01 0.00000000e+00 5.28000000e+01 3.39766683e+00 5.28000000e+01 -5.48854208e+00
 5.31000000e+01 0.00000000e+00 5.31000000e+01 4.00258760e+00 5.31000000e+01 -5.00997160e+00
 5.34000000e+01 0.00000000e+00 5.34000000e+01 3.09702825e+00 5.34000000e+01 -4.74727055e+00
 5.37000000e+01 0.00000000e+00 5.37000000e+01 3.53336927e+00 5.37000000e+01 -4.80789196e+00
 5.40000000e+01 0.00000000e+00 5.40000000e+01 3.03889212e+00 5.40000000e+01 -5.54805838e+00
 5.43000000e+01 0.00000000e+00 5.43000000e+01 3.06171559e+00 5.43000000e+01 -5.26134378e+00
 5.46000000e+01 0.00000000e+00 5.46000000e+01 3.47377419e+00 5.46000000e+01 -5.07502442e+00
 5.49000000e+01 0.00000000e+00 5.49000000e+01 3.96620420e+00 5.49000000e+01 -4.77050843e+00
 5.52000000e+01 0.00000000e+00 5.52000000e+01 7.05423148e+00 5.52000000e+01 -2.94299976e+00
 5.55000000e+01 0.00000000e+00 5.55000000e+01 6.53623001e+00 5.55000000e+01 -3.23841898e+00
 5.58000000e+01 0.00000000e+00 5.58000000e+01 6.90492126e+00 5.58000000e+01 -3.27230545e+00
 5.61000000e+01 0.00000000e+00 5.61000000e+01 7.12038561e+00 5.61000000e+01 -3.61196358e+00
 5.64000000e+01 0.00000000e+00 5.64000000e+01 6.84005177e+00 5.64000000e+01 -3.10419158e+00
 5.67000000e+01 0.00000000e+00 5.67000000e+01 6.86668348e+00 5.67000000e+01 -3.02091314e+00
 5.70000000e+01 0.00000000e+00 5.70000000e+01 6.44776731e+00 5.70000000e+01 -3.37556512e+00
 5.73000000e+01 0.00000000e+00 5.73000000e+01 7.13181289e+00 5.73000000e+01 -2.99301551e+00
 5.76000000e+01 0.00000000e+00 5.76000000e+01 6.77272180e+00 5.76000000e+01 -2.65803465e+00
 5.79000000e+01 0.00000000e+00 5.79000000e+01 6.40968664e+00 5.79000000e+01 -2.97905901e+00
 5.82000000e+01 0.00000000e+00 5.82000000e+01 6.40855201e+00 5.82000000e+01 -2.17976161e+00
 5.85000000e+01 0.00000000e+00 5.85000000e+01 6.64289307e+00 5.85000000e+01 -2.85284139e+00
 5.88000000e+01 0.00000000e+00 5.88000000e+01 7.40623690e+00 5.88000000e+01 -2.83457413e+00
 5.91000000e+01 0.00000000e+00 5.91000000e+01 7.12357503e+00 5.91000000e+01 -2.93450856e+00
 5.94000000e+01 0.00000000e+00 5.94000000e+01 7.05021113e+00 5.94000000e+01 -3.63357536e+00
 5.97000000e+01 0.00000000e+00 5.97000000e+01 6.52716370e+00 5.97000000e+01 -3.44554878e+00
