 0.00000000e+00 0.00000000e+00 0.00000000e+00 6.31610543e+00 0.00000000e+00 -6.10979747e+00
 3.00000000e-01 0.00000000e+00 3.00000000e-01 6.60211459e+00 3.00000000e-01 -5.72720810e+00
 6.00000000e-01 0.00000000e+00 6.00000000e-01 5.99212389e+00 6.00000000e-01 -6.15128841e+00
 9.00000000e-01 0.00000000e+00 9.00000000e-01 6.14154214e+00 9.00000000e-01 -5.78073534e+00
 1.20000000e+00 0.00000000e+00 1.20000000e+00 5.88208784e+00 1.20000000e+00 -5.52029132e+00
 1.50000000e+00 0.00000000e+00 1.50000000e+00 6.31542681e+00 1.50000000e+00 -6.12162854e+00
 1.80000000e+00 0.00000000e+00 1.80000000e+00 6.68897016e+00 1.80000000e+00 -5.81661589e+00
 2.10000000e+00 0.00000000e+00 2.10000000e+00 6.00120070e+00 2.10000000e+00 -5.90962692e+00
 2.40000000e+00 0.00000000e+00 2.40000000e+00 6.66303993e+00 2.40000000e+00 -5.93917469e+00
 2.70000000e+00 0.00000000e+00 2.70000000e+00 6.13019493e+00 2.70000000e+00 -6.18474877e+00
 3.00000000e+00 0.00000000e+00 3.00000000e+00 6.79421663e+00 3.00000000e+00 -6.33609715e+00
 3.30000000e+00 0.00000000e+00 3.30000000e+00 5.99317032e+00 3.30000000e+00 -5.72195272e+00
 3.60000000e+00 0.00000000e+00 3.60000000e+00 6.11340526e+00 3.60000000e+00 -6.20390639e+00
 3.90000000e+00 0.00000000e+00 3.90000000e+00 6.37426230e+00 3.90000000e+00 -5.84541607e+00
 4.20000000e+00 0.00000000e+00 4.20000000e+00 5.91976005e+00 4.20000000e+00 -6.43790513e+00
 4.50000000e+00 0.00000000e+00 4.50000000e+00 6.49217894e+00 4.50000000e+00 -5.77551785e+00
 4.80000000e+00 0.00000000e+00 4.80000000e+00 6.22912127e+00 4.80000000e+00 -6.59036698e+00
 5.10000000e+00 0.00000000e+00 5.10000000e+00 5.89137305e+00 5.10000000e+00 -6.64779044e+00
 5.40000000e+00 0.00000000e+00 5.40000000e+00 6.50823511e+00 5.40000000e+00 -5.98903747e+00
 5.70000000e+00 0.00000000e+00 5.70000000e+00 5.82704649e+00 5.70000000e+00 -5.79363800e+00
 6.00000000e+00 0.00000000e+00 6.00000000e+00 6.60372428e+00 6.00000000e+00 -6.20972610e+00
 6.30000000e+00 0.00000000e+00 6.30000000e+00 6.17375164e+00 6.30000000e+00 -5.69711723e+00
 6.60000000e+00 0.00000000e+00 6.60000000e+00 5.77046655e+00 6.60000000e+00 -5.59295129e+00
 6.90000000e+00 0.00000000e+00 6.90000000e+00 6.21208987e+00 6.90000000e+00 -5.41992147e+00
 7.20000000e+00 0.00000000e+00 7.20000000e+00 6.53354084e+00 7.20000000e+00 -5.19710077e+00
 7.50000000e+00 0.00000000e+00 7.50000000e+00 6.51397176e+00 7.50000000e+00 -5.96097188e+00
 7.80000000e+00 0.00000000e+00 7.80000000e+00 5.67906179e+00 7.80000000e+00 -6.08923322e+00
 8.10000000e+00 0.00000000e+00 8.10000000e+00 6.11600936e+00 8.10000000e+00 -5.25794291e+00
 8.40000000e+00 0.00000000e+00 8.40000000e+00 6.07228056e+00 8.40000000e+00 -5.38893274e+00
 8.70000000e+00 0.00000000e+00 8.70000000e+00 6.27550005e+00 8.70000000e+00 -5.86519567e+00
 9.00000000e+00 0.00000000e+00 9.00000000e+00 6.15105253e+00 9.00000000e+00 -5.84902761e+00
 9.30000000e+00 0.00000000e+00 9.30000000e+00 6.12955660e+00 9.30000000e+00 -5.69679788e+00
 9.60000000e+00 0.00000000e+00 9.60000000e+00 6.27677743e+00 9.60000000e+00 -5.19504279e+00
 9.90000000e+00 0.00000000e+00 9.90000000e+00 5.57595935e+00 9.90000000e+00 -5.71441655e+00
 1.02000000e+01 0.00000000e+00 1.02000000e+01 6.65268729e+00 1.02000000e+01 -5.71181548e+00
 1.05000000e+01 0.00000000e+00 1.05000000e+01 5.93513304e+00 1.05000000e+01 -6.13592747e+00
 1.08000000e+01 0.00000000e+00 1.08000000e+01 6.58244960e+00 1.08000000e+01 -5.88104071e+00
 1.11000000e+01 0.00000000e+00 1.11000000e+01 6.49140681e+00 1.11000000e+01 -5.56186188e+00
 1.14000000e+01 0.00000000e+00 1.14000000e+01 6.49882482e+00 1.14000000e+01 -5.36722106e+00
 1.17000000e+01 0.00000000e+00 1.17000000e+01 6.13853180e+00 1.17000000e+01 -6.18986430e+00
 1.20000000e+01 0.00000000e+00 1.20000000e+01 6.06900178e+00 1.20000000e+01 -5.42749413e+00
 1.23000000e+01 0.00000000e+00 1.23000000e+01 6.86190426e+00 1.23000000e+01 -6.01255125e+00
 1.26000000e+01 0.00000000e+00 1.26000000e+01 5.88236352e+00 1.26000000e+01 -5.88031678e+00
 1.29000000e+01 0.00000000e+00 1.29000000e+01 6.25925979e+00 1.29000000e+01 -6.20399783e+00
 1.32000000e+01 0.00000000e+00 1.32000000e+01 6.38291138e+00 1.32000000e+01 -6.09501062e+00
 1.35000000e+01 0.00000000e+00 1.35000000e+01 6.20738511e+00 1.35000000e+01 -6.23564424e+00
 1.38000000e+01 0.00000000e+00 1.38000000e+01 6.35813371e+00 1.38000000e+01 -6.27221424e+00
 1.41000000e+01 0.00000000e+00 1.41000000e+01 6.10282748e+00 1.41000000e+01 -5.61586363e+00
 1.44000000e+01 0.00000000e+00 1.44000000e+01 5.82299682e+00 1.44000000e+01 -5.88369639e+00
 1.47000000e+01 0.00000000e+00 1.47000000e+01 6.03697314e+00 1.47000000e+01 -5.62009245e+00
 1.50000000e+01 0.00000000e+00 1.50000000e+01 6.05400751e+00 1.50000000e+01 -5.71787488e+00
 1.53000000e+01 0.00000000e+00 1.53000000e+01 2.46355051e+00 1.53000000e+01 -4.35021906e+00
 1.56000000e+01 0.00000000e+00 1.56000000e+01 1.95222003e+00 1.56000000e+01 -4.43742216e+00
 1.59000000e+01 0.00000000e+00 1.59000000e+01 2.57377341e+00 1.59000000e+01 -4.57378928e+00
 1.62000000e+01 0.00000000e+00 1.62000000e+01 3.04866575e+00 1.62000000e+01 -4.32394691e+00
 1.65000000e+01 0.00000000e+00 1.65000000e+01 2.52854270e+00 1.65000000e+01 -4.98952473e+00
 1.68000000e+01 0.00000000e+00 1.68000000e+01 2.34757651e+00 1.68000000e+01 -5.04854362e+00
 1.71000000e+01 0.00000000e+00 1.71000000e+01 1.93512676e+00 1.71000000e+01 -4.10169131e+00
 1.74000000e+01 0.00000000e+00 1.74000000e+01 2.88702514e+00 1.74000000e+01 -4.86275371e+00
 1.77000000e+01 0.00000000e+00 1.77000000e+01 2.43314069e+00 1.77000000e+01 -4.48443298e+00
 1.80000000e+01 0.00000000e+00 1.80000000e+01 2.57495466e+00 1.80000000e+01 -4.57376480e+00
 1.83000000e+01 0.00000000e+00 1.83000000e+01 2.14625087e+00 1.83000000e+01 -4.35844175e+00
 1.86000000e+01 0.00000000e+00 1.86000000e+01 2.04881050e+00 1.86000000e+01 -4.39593653e+00
 1.89000000e+01 0.00000000e+00 1.89000000e+01 2.06159255e+00 1.89000000e+01 -4.58364037e+00
 1.92000000e+01 0.00000000e+00 1.92000000e+01 2.97639243e+00 1.92000000e+01 -5.21537814e+00
 1.95000000e+01 0.00000000e+00 1.95000000e+01 2.54822125e+00 1.95000000e+01 -4.30010447e+00
 1.98000000e+01 0.00000000e+00 1.98000000e+01 2.86857182e+00 1.98000000e+01 -4.74468822e+00
 2.01000000e+01 0.00000000e+00 2.01000000e+01 2.53705362e+00 2.01000000e+01 -4.52119544e+00
 2.04000000e+01 0.00000000e+00 2.04000000e+01 1.89883272e+00 2.04000000e+01 -4.69623574e+00
 2.07000000e+01 0.00000000e+00 2.07000000e+01 1.96512452e+00 2.07000000e+01 -4.72907991e+00
 2.10000000e+01 0.00000000e+00 2.10000000e+01 2.88681309e+00 2.10000000e+01 -5.01232118e+00
 2.13000000e+01 0.00000000e+00 2.13000000e+01 2.22435911e+00 2.13000000e+01 -4.65632453e+00
 2.16000000e+01 0.00000000e+00 2.16000000e+01 2.30657561e+00 2.16000000e+01 -4.37888440e+00
 2.19000000e+01 0.00000000e+00 2.19000000e+01 2.68530740e+00 2.19000000e+01 -4.83796478e+00
 2.22000000e+01 0.00000000e+00 2.22000000e+01 2.10906548e+00 2.22000000e+01 -4.59098568e+00
 2.25000000e+01 0.00000000e+00 2.25000000e+01 2.53583002e+00 2.25000000e+01 -4.47854416e+00
 2.28000000e+01 0.00000000e+00 2.28000000e+01 2.56915830e+00 2.28000000e+01 -4.54019389e+00
 2.31000000e+01 0.00000000e+00 2.31000000e+01 2.99587676e+00 2.31000000e+01 -4.38695816e+00
 2.34000000e+01 0.00000000e+00 2.34000000e+01 2.71466959e+00 2.34000000e+01 -4.17863020e+00
 2.37000000e+01 0.00000000e+00 2.37000000e+01 2.50115349e+00 2.37000000e+01 -4.66699647e+00
 2.40000000e+01 0.00000000e+00 2.40000000e+01 2.98019418e+00 2.40000000e+01 -4.38766683e+00
 2.43000000e+01 0.00000000e+00 2.43000000e+01 1.53662370e+00 2.43000000e+01 -4.35140473e+00
 2.46000000e+01 0.00000000e+00 2.46000000e+01 2.35744435e+00 2.46000000e+01 -5.06698813e+00
 2.49000000e+01 0.00000000e+00 2.49000000e+01 2.22425395e+00 2.49000000e+01 -4.90805842e+00
 2.52000000e+01 0.00000000e+00 2.52000000e+01 1.99175044e+00 2.52000000e+01 -4.31107438e+00
 2.55000000e+01 0.00000000e+00 2.55000000e+01 2.35415048e+00 2.55000000e+01 -4.04389992e+00
 2.58000000e+01 0.00000000e+00 2.58000000e+01 2.20722970e+00 2.58000000e+01 -4.14629149e+00
 2.61000000e+01 0.00000000e+00 2.61000000e+01 2.30588422e+00 2.61000000e+01 -4.09119539e+00
 2.64000000e+01 0.00000000e+00 2.64000000e+01 2.73977897e+00 2.64000000e+01 -3.60696689e+00
 2.67000000e+01 0.00000000e+00 2.67000000e+01 2.45727254e+00 2.67000000e+01 -3.71997937e+00
 2.70000000e+01 0.00000000e+00 2.70000000e+01 2.16751044e+00 2.70000000e+01 -4.16555245e+00
 2.73000000e+01 0.00000000e+00 2.73000000e+01 2.37909993e+00 2.73000000e+01 -3.91859492e+00
 2.76000000e+01 0.00000000e+00 2.76000000e+01 2.59666439e+00 2.76000000e+01 -4.65269664e+00
 2.79000000e+01 0.00000000e+00 2.79000000e+01 2.04802382e+00 2.79000000e+01 -4.15011354e+00
 2.82000000e+01 0.00000000e+00 2.82000000e+01 2.68374358e+00 2.82000000e+01 -4.53129634e+00
 2.85000000e+01 0.00000000e+00 2.85000000e+01 3.19429594e+00 2.85000000e+01 -4.29677451e+00
 2.88000000e+01 0.00000000e+00 2.88000000e+01 2.62062298e+00 2.88000000e+01 -3.55753037e+00
 2.91000000e+01 0.00000000e+00 2.91000000e+01 1.59283778e+00 2.91000000e+01 -4.17543960e+00
 2.94000000e+01 0.00000000e+00 2.94000000e+01 2.19977612e+00 2.94000000e+01 -4.23268660e+00
 2.97000000e+01 0.00000000e+00 2.97000000e+01 2.34345266e+00 2.97000000e+01 -4.46795018e+00
 3.00000000e+01 0.00000000e+00 3.00000000e+01 2.00562954e+00 3.00000000e+01 -4.33705020e+00
 3.03000000e+01 0.00000000e+00 3.03000000e+01 2.23624012e+00 3.03000000e+01 -3.90564451e+00
 3.06000000e+01 0.00000000e+00 3.06000000e+01 2.81422749e+00 3.06000000e+01 -3.47049690e+00
 3.09000000e+01 0.00000000e+00 3.09000000e+01 2.20779036e+00 3.09000000e+01 -4.55348930e+00
 3.12000000e+01 0.00000000e+00 3.12000000e+01 3.00206070e+00 3.12000000e+01 -4.26189031e+00
 3.15000000e+01 0.00000000e+00 3.15000000e+01 2.41262165e+00 3.15000000e+01 -3.60132645e+00
 3.18000000e+01 0.00000000e+00 3.18000000e+01 2.51102285e+00 3.18000000e+01 -4.02676000e+00
 3.21000000e+01 0.00000000e+00 3.21000000e+01 2.44308207e+00 3.21000000e+01 -4.15953103e+00
 3.24000000e+01 0.00000000e+00 3.24000000e+01 2.42337733e+00 3.24000000e+01 -3.83019442e+00
 3.27000000e+01 0.00000000e+00 3.27000000e+01 2.13183769e+00 3.27000000e+01 -4.06046353e+00
 3.30000000e+01 0.00000000e+00 3.30000000e+01 2.14052375e+00 3.30000000e+01 -4.93486212e+00
 3.33000000e+01 0.00000000e+00 3.33000000e+01 2.63947521e+00 3.33000000e+01 -3.97258986e+00
 3.36000000e+01 0.00000000e+00 3.36000000e+01 2.50201292e+00 3.36000000e+01 -4.40327007e+00
 3.39000000e+01 0.00000000e+00 3.39000000e+01 2.75712074e+00 3.39000000e+01 -4.38410604e+00
 3.42000000e+01 0.00000000e+00 3.42000000e+01 2.55272831e+00 3.42000000e+01 -3.92757836e+00
 3.45000000e+01 0.00000000e+00 3.45000000e+01 2.36609155e+00 3.45000000e+01 -4.22794378e+00
 3.48000000e+01 0.00000000e+00 3.48000000e+01 2.19649064e+00 3.48000000e+01 -3.84931644e+00
 3.51000000e+01 0.00000000e+00 3.51000000e+01 5.14450544e+00 3.51000000e+01 -1.41512079e+00
 3.54000000e+01 0.00000000e+00 3.54000000e+01 5.66072774e+00 3.54000000e+01 -7.98974982e-01
 3.57000000e+01 0.00000000e+00 3.57000000e+01 5.29711940e+00 3.57000000e+01 -1.96058203e+00
 3.60000000e+01 0.00000000e+00 3.60000000e+01 5.71757065e+00 3.60000000e+01 -1.20719648e+00
 3.63000000e+01 0.00000000e+00 3.63000000e+01 5.94345759e+00 3.63000000e+01 -1.36880330e+00
 3.66000000e+01 0.00000000e+00 3.66000000e+01 5.91039193e+00 3.66000000e+01 -1.09856344e+00
 3.69000000e+01 0.00000000e+00 3.69000000e+01 5.86429462e+00 3.69000000e+01 -1.03768910e+00
 3.72000000e+01 0.00000000e+00 3.72000000e+01 5.25998868e+00 3.72000000e+01 -1.16508714e+00
 3.75000000e+01 0.00000000e+00 3.75000000e+01 5.54669640e+00 3.75000000e+01 -1.01363002e+00
 3.78000000e+01 0.00000000e+00 3.78000000e+01 5.73853027e+00 3.78000000e+01 -1.52069203e+00
 3.81000000e+01 0.00000000e+00 3.81000000e+01 5.38951266e+00 3.81000000e+01 -1.36669156e+00
 3.84000000e+01 0.00000000e+00 3.84000000e+01 5.60289756e+00 3.84000000e+01 -9.43446207e-01
 3.87000000e+01 0.00000000e+00 3.87000000e+01 5.26277719e+00 3.87000000e+01 -1.37778446e+00
 3.90000000e+01 0.00000000e+00 3.90000000e+01 5.57370627e+00 3.90000000e+01 -1.52815945e+00
 3.93000000e+01 0.00000000e+00 3.93000000e+01 5.85047392e+00 3.93000000e+01 -1.19161427e+00
 3.96000000e+01 0.00000000e+00 3.96000000e+01 5.48919898e+00 3.96000000e+01 -1.25974498e+00
 3.99000000e+01 0.00000000e+00 3.99000000e+01 5.09794342e+00 3.99000000e+01 -1.14476717e+00
 4.02000000e+01 0.00000000e+00 4.02000000e+01 3.95479622e+00 4.02000000e+01 7.09006193e-01
 4.05000000e+01 0.00000000e+00 4.05000000e+01 4.15079239e+00 4.05000000e+01 3.06999643e-01
 4.08000000e+01 0.00000000e+00 4.08000000e+01 4.49065694e+00 4.08000000e+01 5.31792118e-01
 4.11000000e+01 0.00000000e+00 4.11000000e+01 3.96170350e+00 4.11000000e+01 1.48643672e-02
 4.14000000e+01 0.00000000e+00 4.14000000e+01 4.09354297e+00 4.14000000e+01 4.75481950e-01
 4.17000000e+01 0.00000000e+00 4.17000000e+01 3.87916334e+00 4.17000000e+01 4.70042659e-01
 4.20000000e+01 0.00000000e+00 4.20000000e+01 3.81082095e+00 4.20000000e+01 2.14745752e-01
 4.23000000e+01 0.00000000e+00 4.23000000e+01 4.02919984e+00 4.23000000e+01 2.95537317e-01
 4.26000000e+01 0.00000000e+00 4.26000000e+01 4.26406190e+00 4.26000000e+01 2.50252204e-01
 4.29000000e+01 0.00000000e+00 4.29000000e+01 3.56299977e+00 4.29000000e+01 -7.96457911e-01
 4.32000000e+01 0.00000000e+00 4.32000000e+01 4.07231458e+00 4.32000000e+01 4.57323959e-02
 4.35000000e+01 0.00000000e+00 4.35000000e+01 4.79294102e+00 4.35000000e+01 6.02128511e-02
 4.38000000e+01 0.00000000e+00 4.38000000e+01 3.40043534e+00 4.38000000e+01 2.31042252e-01
 4.41000000e+01 0.00000000e+00 4.41000000e+01 4.21014886e+00 4.41000000e+01 -2.26636530e-01
 4.44000000e+01 0.00000000e+00 4.44000000e+01 4.14845155e+00 4.44000000e+01 -1.37428777e-01
 4.47000000e+01 0.00000000e+00 4.47000000e+01 3.81935172e+00 4.47000000e+01 4.81540339e-01
 4.50000000e+01 0.00000000e+00 4.50000000e+01 4.20070998e+00 4.50000000e+01 -1.26975059e-01
 4.53000000e+01 0.00000000e+00 4.53000000e+01 4.51521081e+00 4.53000000e+01 2.97670538e-01
 4.56000000e+01 0.00000000e+00 4.56000000e+01 4.44285466e+00 4.56000000e+01 -5.02510961e-01
 4.59000000e+01 0.00000000e+00 4.59000000e+01 3.60114332e+00 4.59000000e+01 4.23302260e-01
 4.62000000e+01 0.00000000e+00 4.62000000e+01 3.97729381e+00 4.62000000e+01 1.90571735e-01
 4.65000000e+01 0.00000000e+00 4.65000000e+01 4.14033480e+00 4.65000000e+01 9.72960368e-02
 4.68000000e+01 0.00000000e+00 4.68000000e+01 4.06700714e+00 4.68000000e+01 -1.18774676e-01
 4.71000000e+01 0.00000000e+00 4.71000000e+01 3.71931139e+00 4.71000000e+01 3.47135796e-02
 4.74000000e+01 0.00000000e+00 4.74000000e+01 4.43052018e+00 4.74000000e+01 5.17658526e-01
 4.77000000e+01 0.00000000e+00 4.77000000e+01 3.70640207e+00 4.77000000e+01 -1.89183584e-01
 4.80000000e+01 0.00000000e+00 4.80000000e+01 4.61033215e+00 4.80000000e+01 -2.78194798e-01
 4.83000000e+01 0.00000000e+00 4.83000000e+01 3.57032401e+00 4.83000000e+01 -2.78939419e-01
 4.86000000e+01 0.00000000e+00 4.86000000e+01 4.00235164e+00 4.86000000e+01 6.89178779e-01
 4.89000000e+01 0.00000000e+00 4.89000000e+01 3.87236993e+00 4.89000000e+01 5.20335722e-01
 4.92000000e+01 0.00000000e+00 4.92000000e+01 3.86556749e+00 4.92000000e+01 1.81231739e-01
 4.95000000e+01 0.00000000e+00 4.95000000e+01 4.20498142e+00 4.95000000e+01 6.35248293e-02
 4.98000000e+01 0.00000000e+00 4.98000000e+01 4.39640928e+00 4.98000000e+01 5.92914357e-02
 5.01000000e+01 0.00000000e+00 5.01000000e+01 1.93688424e+00 5.01000000e+01 -5.61937984e+00
 5.04000000e+01 0.00000000e+00 5.04000000e+01 2.12095275e+00 5.04000000e+01 -4.75418722e+00
 5.07000000e+01 0.00000000e+00 5.07000000e+01 1.72000685e+00 5.07000000e+01 -4.96794177e+00
 5.10000000e+01 0.00000000e+00 5.10000000e+01 1.95826714e+00 5.10000000e+01 -5.01978425e+00
 5.13000000e+01 0.00000000e+00 5.13000000e+01 1.85123016e+00 5.13000000e+01 -5.18075232e+00
 5.16000000e+01 0.00000000e+00 5.16000000e+01 2.20654455e+00 5.16000000e+01 -5.11703757e+00
 5.19000000e+01 0.00000000e+00 5.19000000e+01 1.47396417e+00 5.19000000e+01 -5.82080272e+00
 5.22000000e+01 0.00000000e+00 5.22000000e+01 2.24344696e+00 5.22000000e+01 -5.01831390e+00
 5.25000000e+01 0.00000000e+00 5.25000000e+01 1.05829549e+00 5.25000000e+01 -5.47019905e+00
 5.28000000e+01 0.00000000e+00 5.28000000e+01 1.67818143e+00 5.28000000e+01 -5.35040843e+00
 5.31000000e+01 0.00000000e+00 5.31000000e+01 1.84307213e+00 5.31000000e+01 -6.02605797e+00
 5.34000000e+01 0.00000000e+00 5.34000000e+01 1.66974829e+00 5.34000000e+01 -4.86904676e+00
 5.37000000e+01 0.00000000e+00 5.37000000e+01 1.90623185e+00 5.37000000e+01 -5.67276832e+00
 5.40000000e+01 0.00000000e+00 5.40000000e+01 2.17004691e+00 5.40000000e+01 -5.70959897e+00
 5.43000000e+01 0.00000000e+00 5.43000000e+01 1.58119184e+00 5.43000000e+01 -4.96006985e+00
 5.46000000e+01 0.00000000e+00 5.46000000e+01 1.52917201e+00 5.46000000e+01 -5.10335667e+00
 5.49000000e+01 0.00000000e+00 5.49000000e+01 1.72059477e+00 5.49000000e+01 -5.44639930e+00
 5.52000000e+01 0.00000000e+00 5.52000000e+01 5.56664438e+00 5.52000000e+01 -6.49979095e+00
 5.55000000e+01 0.00000000e+00 5.55000000e+01 6.08723859e+00 5.55000000e+01 -5.62144539e+00
 5.58000000e+01 0.00000000e+00 5.58000000e+01 6.50520754e+00 5.58000000e+01 -5.87894493e+00
 5.61000000e+01 0.00000000e+00 5.61000000e+01 6.80922396e+00 5.61000000e+01 -5.69810240e+00
 5.64000000e+01 0.00000000e+00 5.64000000e+01 5.96361178e+00 5.64000000e+01 -5.39381718e+00
 5.67000000e+01 0.00000000e+00 5.67000000e+01 5.99322004e+00 5.67000000e+01 -6.27237053e+00
 5.70000000e+01 0.00000000e+00 5.70000000e+01 6.17334735e+00 5.70000000e+01 -5.98438639e+00
 5.73000000e+01 0.00000000e+00 5.73000000e+01 6.31972340e+00 5.73000000e+01 -5.65545247e+00
 5.76000000e+01 0.00000000e+00 5.76000000e+01 6.60165153e+00 5.76000000e+01 -5.65920529e+00
 5.79000000e+01 0.00000000e+00 5.79000000e+01 5.67047882e+00 5.79000000e+01 -6.26781854e+00
 5.82000000e+01 0.00000000e+00 5.82000000e+01 5.72601664e+00 5.82000000e+01 -5.35141536e+00
 5.85000000e+01 0.00000000e+00 5.85000000e+01 6.66151136e+00 5.85000000e+01 -5.73051364e+00
 5.88000000e+01 0.00000000e+00 5.88000000e+01 6.29293416e+00 5.88000000e+01 -6.35026557e+00
 5.91000000e+01 0.00000000e+00 5.91000000e+01 6.39417102e+00 5.91000000e+01 -6.24786589e+00
 5.94000000e+01 0.00000000e+00 5.94000000e+01 5.89076328e+00 5.94000000e+01 -5.79084780e+00
 5.97000000e+01 0.00000000e+00 5.97000000e+01 6.35653975e+00 5.97000000e+01 -5.43044692e+00
