 0.00000000e+00 0.00000000e+00 0.00000000e+00 6.84581266e+00 0.00000000e+00 -4.99652486e+00
 3.00000000e-01 0.00000000e+00 3.00000000e-01 7.59395170e+00 3.00000000e-01 -4.21224072e+00
 6.00000000e-01 0.00000000e+00 6.00000000e-01 6.94888591e+00 6.00000000e-01 -3.62120100e+00
 9.00000000e-01 0.00000000e+00 9.00000000e-01 7.28114463e+00 9.00000000e-01 -4.03212858e+00
 1.20000000e+00 0.00000000e+00 1.20000000e+00 6.46633216e+00 1.20000000e+00 -3.92259208e+00
 1.50000000e+00 0.00000000e+00 1.50000000e+00 7.34103348e+00 1.50000000e+00 -4.17135099e+00
 1.80000000e+00 0.00000000e+00 1.80000000e+00 6.91550206e+00 1.80000000e+00 -4.21329009e+00
 2.10000000e+00 0.00000000e+00 2.10000000e+00 7.13450325e+00 2.10000000e+00 -4.73814366e+00
 2.40000000e+00 0.00000000e+00 2.40000000e+00 6.61493808e+00 2.40000000e+00 -4.43735566e+00
 2.70000000e+00 0.00000000e+00 2.70000000e+00 7.12251505e+00 2.70000000e+00 -4.28680532e+00
 3.00000000e+00 0.00000000e+00 3.00000000e+00 7.00833087e+00 3.00000000e+00 -4.17186320e+00
 3.30000000e+00 0.00000000e+00 3.30000000e+00 7.25097884e+00 3.30000000e+00 -4.49421760e+00
 3.60000000e+00 0.00000000e+00 3.60000000e+00 7.13001061e+00 3.60000000e+00 -4.06389368e+00
 3.90000000e+00 0.00000000e+00 3.90000000e+00 7.03986029e+00 3.90000000e+00 -4.76139005e+00
 4.20000000e+00 0.00000000e+00 4.20000000e+00 7.45913347e+00 4.20000000e+00 -3.96311348e+00
 4.50000000e+00 0.00000000e+00 4.50000000e+00 7.68776062e+00 4.50000000e+00 -4.49492741e+00
 4.80000000e+00 0.00000000e+00 4.80000000e+00 7.12927455e+00 4.80000000e+00 -4.21337184e+00
 5.10000000e+00 0.00000000e+00 5.10000000e+00 7.04117440e+00 5.10000000e+00 -4.23540773e+00
 5.40000000e+00 0.00000000e+00 5.40000000e+00 6.86701588e+00 5.40000000e+00 -4.14475150e+00
 5.70000000e+00 0.00000000e+00 5.70000000e+00 7.28850886e+00 5.70000000e+00 -3.76922336e+00
 6.00000000e+00 0.00000000e+00 6.00000000e+00 7.18810358e+00 6.00000000e+00 -4.52828871e+00
 6.30000000e+00 0.00000000e+00 6.30000000e+00 7.55561207e+00 6.30000000e+00 -4.33121623e+00
 6.60000000e+00 0.00000000e+00 6.60000000e+00 7.47391144e+00 6.60000000e+00 -4.28578389e+00
 6.90000000e+00 0.00000000e+00 6.90000000e+00 7.55045988e+00 6.90000000e+00 -4.27592453e+00
 7.20000000e+00 0.00000000e+00 7.20000000e+00 7.08424337e+00 7.20000000e+00 -3.97685794e+00
 7.50000000e+00 0.00000000e+00 7.50000000e+00 7.34258896e+00 7.50000000e+00 -4.43204599e+00
 7.80000000e+00 0.00000000e+00 7.80000000e+00 7.37619744e+00 7.80000000e+00 -4.34060703e+00
 8.10000000e+00 0.00000000e+00 8.10000000e+00 7.00836220e+00 8.10000000e+00 -4.28663731e+00
 8.40000000e+00 0.00000000e+00 8.40000000e+00 6.97144971e+00 8.40000000e+00 -4.20340259e+00
 8.70000000e+00 0.00000000e+00 8.70000000e+00 7.59277251e+00 8.70000000e+00 -4.30255935e+00
 9.00000000e+00 0.00000000e+00 9.00000000e+00 7.11000598e+00 9.00000000e+00 -4.20301013e+00
 9.30000000e+00 0.00000000e+00 9.30000000e+00 6.85241975e+00 9.30000000e+00 -4.63566584e+00
 9.60000000e+00 0.00000000e+00 9.60000000e+00 7.00100141e+00 9.60000000e+00 -4.90772831e+00
 9.90000000e+00 0.00000000e+00 9.90000000e+00 7.28258529e+00 9.90000000e+00 -4.83116683e+00
 1.02000000e+01 0.00000000e+00 1.02000000e+01 7.33876303e+00 1.02000000e+01 -4.71585666e+00
 1.05000000e+01 0.00000000e+00 1.05000000e+01 6.96702822e+00 1.05000000e+01 -4.06385315e+00
 1.08000000e+01 0.00000000e+00 1.08000000e+01 7.41899466e+00 1.08000000e+01 -3.85227390e+00
 1.11000000e+01 0.00000000e+00 1.11000000e+01 7.09014716e+00 1.11000000e+01 -4.48035388e+00
 1.14000000e+01 0.00000000e+00 1.14000000e+01 7.42776605e+00 1.14000000e+01 -4.29860389e+00
 1.17000000e+01 0.00000000e+00 1.17000000e+01 7.03995791e+00 1.17000000e+01 -3.99390482e+00
 1.20000000e+01 0.00000000e+00 1.20000000e+01 6.93361804e+00 1.20000000e+01 -4.48628021e+00
 1.23000000e+01 0.00000000e+00 1.23000000e+01 7.02353465e+00 1.23000000e+01 -4.01916346e+00
 1.26000000e+01 0.00000000e+00 1.26000000e+01 7.17608864e+00 1.26000000e+01 -4.57329128e+00
 1.29000000e+01 0.00000000e+00 1.29000000e+01 6.80701796e+00 1.29000000e+01 -4.84240973e+00
 1.32000000e+01 0.00000000e+00 1.32000000e+01 7.18668871e+00 1.32000000e+01 -4.18901514e+00
 1.35000000e+01 0.00000000e+00 1.35000000e+01 8.10386743e+00 1.35000000e+01 -3.16420942e+00
 1.38000000e+01 0.00000000e+00 1.38000000e+01 6.94192460e+00 1.38000000e+01 -4.47160735e+00
 1.41000000e+01 0.00000000e+00 1.41000000e+01 6.48611997e+00 1.41000000e+01 -4.67837467e+00
 1.44000000e+01 0.00000000e+00 1.44000000e+01 7.15515533e+00 1.44000000e+01 -3.85831279e+00
 1.47000000e+01 0.00000000e+00 1.47000000e+01 6.72932857e+00 1.47000000e+01 -4.75143055e+00
 1.50000000e+01 0.00000000e+00 1.50000000e+01 6.70902406e+00 1.50000000e+01 -4.29547199e+00
 1.53000000e+01 0.00000000e+00 1.53000000e+01 2.70173346e+00 1.53000000e+01 -5.64122131e+00
 1.56000000e+01 0.00000000e+00 1.56000000e+01 1.91424778e+00 1.56000000e+01 -5.81067489e+00
 1.59000000e+01 0.00000000e+00 1.59000000e+01 2.00301738e+00 1.59000000e+01 -5.85512577e+00
 1.62000000e+01 0.00000000e+00 1.62000000e+01 2.28571912e+00 1.62000000e+01 -5.79888109e+00
 1.65000000e+01 0.00000000e+00 1.65000000e+01 3.02389677e+00 1.65000000e+01 -5.19388011e+00
 1.68000000e+01 0.00000000e+00 1.68000000e+01 2.10717830e+00 1.68000000e+01 -5.56532458e+00
 1.71000000e+01 0.00000000e+00 1.71000000e+01 1.82067706e+00 1.71000000e+01 -6.38819551e+00
 1.74000000e+01 0.00000000e+00 1.74000000e+01 1.79715618e+00 1.74000000e+01 -4.97322858e+00
 1.77000000e+01 0.00000000e+00 1.77000000e+01 1.92091793e+00 1.77000000e+01 -5.09480883e+00
 1.80000000e+01 0.00000000e+00 1.80000000e+01 1.76698723e+00 1.80000000e+01 -5.53263349e+00
 1.83000000e+01 0.00000000e+00 1.83000000e+01 1.47206419e+00 1.83000000e+01 -5.46555105e+00
 1.86000000e+01 0.00000000e+00 1.86000000e+01 2.08034280e+00 1.86000000e+01 -5.60046272e+00
 1.89000000e+01 0.00000000e+00 1.89000000e+01 1.38110750e+00 1.89000000e+01 -5.53985654e+00
 1.92000000e+01 0.00000000e+00 1.92000000e+01 1.44416567e+00 1.92000000e+01 -5.78560233e+00
 1.95000000e+01 0.00000000e+00 1.95000000e+01 1.46951026e+00 1.95000000e+01 -5.35368927e+00
 1.98000000e+01 0.00000000e+00 1.98000000e+01 1.56515881e+00 1.98000000e+01 -5.57115248e+00
 2.01000000e+01 0.00000000e+00 2.01000000e+01 1.52227295e+00 2.01000000e+01 -6.02700027e+00
 2.04000000e+01 0.00000000e+00 2.04000000e+01 1.99570577e+00 2.04000000e+01 -5.87702960e+00
 2.07000000e+01 0.00000000e+00 2.07000000e+01 2.72921003e+00 2.07000000e+01 -6.03475197e+00
 2.10000000e+01 0.00000000e+00 2.10000000e+01 2.04830892e+00 2.10000000e+01 -5.57776260e+00
 2.13000000e+01 0.00000000e+00 2.13000000e+01 2.56418808e+00 2.13000000e+01 -4.82529019e+00
 2.16000000e+01 0.00000000e+00 2.16000000e+01 1.74953940e+00 2.16000000e+01 -5.70540089e+00
 2.19000000e+01 0.00000000e+00 2.19000000e+01 2.04157135e+00 2.19000000e+01 -6.12520383e+00
 2.22000000e+01 0.00000000e+00 2.22000000e+01 1.55456298e+00 2.22000000e+01 -5.81509359e+00
 2.25000000e+01 0.00000000e+00 2.25000000e+01 1.64567395e+00 2.25000000e+01 -6.14880041e+00
 2.28000000e+01 0.00000000e+00 2.28000000e+01 2.51748389e+00 2.28000000e+01 -5.79831428e+00
 2.31000000e+01 0.00000000e+00 2.31000000e+01 1.24609241e+00 2.31000000e+01 -5.92983572e+00
 2.34000000e+01 0.00000000e+00 2.34000000e+01 1.77749646e+00 2.34000000e+01 -5.30268401e+00
 2.37000000e+01 0.00000000e+00 2.37000000e+01 1.56556442e+00 2.37000000e+01 -5.45516440e+00
 2.40000000e+01 0.00000000e+00 2.40000000e+01 2.13793207e+00 2.40000000e+01 -5.64957992e+00
 2.43000000e+01 0.00000000e+00 2.43000000e+01 1.98638715e+00 2.43000000e+01 -5.00112078e+00
 2.46000000e+01 0.00000000e+00 2.46000000e+01 1.51910811e+00 2.46000000e+01 -5.16913782e+00
 2.49000000e+01 0.00000000e+00 2.49000000e+01 2.07094858e+00 2.49000000e+01 -5.22939268e+00
 2.52000000e+01 0.00000000e+00 2.52000000e+01 3.73168720e-02 2.52000000e+01 -3.57300724e+00
 2.55000000e+01 0.00000000e+00 2.55000000e+01 5.50807754e-01 2.55000000e+01 -3.15190134e+00
 2.58000000e+01 0.00000000e+00 2.58000000e+01 1.22558294e+00 2.58000000e+01 -3.72600594e+00
 2.61000000e+01 0.00000000e+00 2.61000000e+01 1.04904329e+00 2.61000000e+01 -4.14909526e+00
 2.64000000e+01 0.00000000e+00 2.64000000e+01 4.67308092e-02 2.64000000e+01 -4.26261632e+00
 2.67000000e+01 0.00000000e+00 2.67000000e+01 5.04839879e-01 2.67000000e+01 -3.86992032e+00
 2.70000000e+01 0.00000000e+00 2.70000000e+01 5.56985557e-01 2.70000000e+01 -3.69686357e+00
 2.73000000e+01 0.00000000e+00 2.73000000e+01 3.45811671e-01 2.73000000e+01 -3.24082041e+00
 2.76000000e+01 0.00000000e+00 2.76000000e+01 1.15116416e+00 2.76000000e+01 -4.01511764e+00
 2.79000000e+01 0.00000000e+00 2.79000000e+01 1.38846753e+00 2.79000000e+01 -3.51414700e+00
 2.82000000e+01 0.00000000e+00 2.82000000e+01 7.65208581e-01 2.82000000e+01 -3.65291861e+00
 2.85000000e+01 0.00000000e+00 2.85000000e+01 1.04746617e+00 2.85000000e+01 -4.01505907e+00
 2.88000000e+01 0.00000000e+00 2.88000000e+01 7.09167333e-01 2.88000000e+01 -3.88686292e+00
 2.91000000e+01 0.00000000e+00 2.91000000e+01 6.07549531e-01 2.91000000e+01 -3.53785302e+00
 2.94000000e+01 0.00000000e+00 2.94000000e+01 2.33643837e-01 2.94000000e+01 -3.45113691e+00
 2.97000000e+01 0.00000000e+00 2.97000000e+01 1.30074869e+00 2.97000000e+01 -4.04888664e+00
 3.00000000e+01 0.00000000e+00 3.00000000e+01 4.15251637e-01 3.00000000e+01 -3.60543167e+00
 3.03000000e+01 0.00000000e+00 3.03000000e+01 9.13765424e-01 3.03000000e+01 -3.43098023e+00
 3.06000000e+01 0.00000000e+00 3.06000000e+01 1.28918930e+00 3.06000000e+01 -3.75342381e+00
 3.09000000e+01 0.00000000e+00 3.09000000e+01 1.03072590e+00 3.09000000e+01 -3.52429713e+00
 3.12000000e+01 0.00000000e+00 3.12000000e+01 1.02851976e+00 3.12000000e+01 -3.35376318e+00
 3.15000000e+01 0.00000000e+00 3.15000000e+01 1.63537984e+00 3.15000000e+01 -3.76652282e+00
 3.18000000e+01 0.00000000e+00 3.18000000e+01 1.32725473e+00 3.18000000e+01 -3.96595406e+00
 3.21000000e+01 0.00000000e+00 3.21000000e+01 3.22532778e-01 3.21000000e+01 -3.57543076e+00
 3.24000000e+01 0.00000000e+00 3.24000000e+01 9.18088867e-01 3.24000000e+01 -3.70333240e+00
 3.27000000e+01 0.00000000e+00 3.27000000e+01 5.15066101e-01 3.27000000e+01 -3.60616247e+00
 3.30000000e+01 0.00000000e+00 3.30000000e+01 9.28187421e-01 3.30000000e+01 -3.89220589e+00
 3.33000000e+01 0.00000000e+00 3.33000000e+01 9.92030873e-01 3.33000000e+01 -3.75743462e+00
 3.36000000e+01 0.00000000e+00 3.36000000e+01 6.52153281e-01 3.36000000e+01 -4.07095502e+00
 3.39000000e+01 0.00000000e+00 3.39000000e+01 9.28843222e-01 3.39000000e+01 -4.25720556e+00
 3.42000000e+01 0.00000000e+00 3.42000000e+01 9.44974693e-01 3.42000000e+01 -3.66888138e+00
 3.45000000e+01 0.00000000e+00 3.45000000e+01 9.22692456e-01 3.45000000e+01 -3.88788620e+00
 3.48000000e+01 0.00000000e+00 3.48000000e+01 9.84854118e-01 3.48000000e+01 -3.78437606e+00
 3.51000000e+01 0.00000000e+00 3.51000000e+01 6.54936650e+00 3.51000000e+01 -1.03983307e+00
 3.54000000e+01 0.00000000e+00 3.54000000e+01 7.04226277e+00 3.54000000e+01 -1.24043213e+00
 3.57000000e+01 0.00000000e+00 3.57000000e+01 6.83148443e+00 3.57000000e+01 -1.36425205e+00
 3.60000000e+01 0.00000000e+00 3.60000000e+01 5.97412076e+00 3.60000000e+01 -1.84832201e+00
 3.63000000e+01 0.00000000e+00 3.63000000e+01 5.83203709e+00 3.63000000e+01 -1.27149143e+00
 3.66000000e+01 0.00000000e+00 3.66000000e+01 6.84063113e+00 3.66000000e+01 -1.77359980e+00
 3.69000000e+01 0.00000000e+00 3.69000000e+01 7.15992331e+00 3.69000000e+01 -1.60751709e+00
 3.72000000e+01 0.00000000e+00 3.72000000e+01 6.23051887e+00 3.72000000e+01 -8.95352088e-01
 3.75000000e+01 0.00000000e+00 3.75000000e+01 6.58766478e+00 3.75000000e+01 -1.30989006e+00
 3.78000000e+01 0.00000000e+00 3.78000000e+01 5.79859226e+00 3.78000000e+01 -1.93884124e+00
 3.81000000e+01 0.00000000e+00 3.81000000e+01 6.95094283e+00 3.81000000e+01 -1.32954512e+00
 3.84000000e+01 0.00000000e+00 3.84000000e+01 6.18889781e+00 3.84000000e+01 -1.61833794e+00
 3.87000000e+01 0.00000000e+00 3.87000000e+01 6.62473967e+00 3.87000000e+01 -6.24421728e-01
 3.90000000e+01 0.00000000e+00 3.90000000e+01 6.52736223e+00 3.90000000e+01 -8.14261878e-01
 3.93000000e+01 0.00000000e+00 3.93000000e+01 6.44319993e+00 3.93000000e+01 -1.64630009e+00
 3.96000000e+01 0.00000000e+00 3.96000000e+01 5.96315818e+00 3.96000000e+01 -9.14648992e-01
 3.99000000e+01 0.00000000e+00 3.99000000e+01 7.13192727e+00 3.99000000e+01 -1.10538591e+00
 4.02000000e+01 0.00000000e+00 4.02000000e+01 4.47795813e+00 4.02000000e+01 -2.75534856e+00
 4.05000000e+01 0.00000000e+00 4.05000000e+01 4.64418768e+00 4.05000000e+01 -3.02441318e+00
 4.08000000e+01 0.00000000e+00 4.08000000e+01 5.38744521e+00 4.08000000e+01 -2.55571224e+00
 4.11000000e+01 0.00000000e+00 4.11000000e+01 4.93738129e+00 4.11000000e+01 -2.95694149e+00
 4.14000000e+01 0.00000000e+00 4.14000000e+01 4.86514561e+00 4.14000000e+01 -2.66897669e+00
 4.17000000e+01 0.00000000e+00 4.17000000e+01 5.36351888e+00 4.17000000e+01 -2.40537513e+00
 4.20000000e+01 0.00000000e+00 4.20000000e+01 5.21940526e+00 4.20000000e+01 -2.51705684e+00
 4.23000000e+01 0.00000000e+00 4.23000000e+01 4.89706465e+00 4.23000000e+01 -3.19303107e+00
 4.26000000e+01 0.00000000e+00 4.26000000e+01 4.74600086e+00 4.26000000e+01 -2.93452737e+00
 4.29000000e+01 0.00000000e+00 4.29000000e+01 5.04695318e+00 4.29000000e+01 -2.88702559e+00
 4.32000000e+01 0.00000000e+00 4.32000000e+01 5.03668845e+00 4.32000000e+01 -2.36469924e+00
 4.35000000e+01 0.00000000e+00 4.35000000e+01 5.03093137e+00 4.35000000e+01 -2.91120461e+00
 4.38000000e+01 0.00000000e+00 4.38000000e+01 5.26908378e+00 4.38000000e+01 -2.47445270e+00
 4.41000000e+01 0.00000000e+00 4.41000000e+01 4.55893404e+00 4.41000000e+01 -2.33582009e+00
 4.44000000e+01 0.00000000e+00 4.44000000e+01 4.94051452e+00 4.44000000e+01 -2.71069144e+00
 4.47000000e+01 0.00000000e+00 4.47000000e+01 4.95245118e+00 4.47000000e+01 -2.50916211e+00
 4.50000000e+01 0.00000000e+00 4.50000000e+01 4.57363683e+00 4.50000000e+01 -2.51264440e+00
 4.53000000e+01 0.00000000e+00 4.53000000e+01 4.87472185e+00 4.53000000e+01 -2.75120001e+00
 4.56000000e+01 0.00000000e+00 4.56000000e+01 5.40416196e+00 4.56000000e+01 -2.40420768e+00
 4.59000000e+01 0.00000000e+00 4.59000000e+01 3.94270232e+00 4.59000000e+01 -2.91308562e+00
 4.62000000e+01 0.00000000e+00 4.62000000e+01 5.23315603e+00 4.62000000e+01 -2.63045292e+00
 4.65000000e+01 0.00000000e+00 4.65000000e+01 4.58491867e+00 4.65000000e+01 -2.19999100e+00
 4.68000000e+01 0.00000000e+00 4.68000000e+01 4.76200366e+00 4.68000000e+01 -2.69721648e+00
 4.71000000e+01 0.00000000e+00 4.71000000e+01 4.35925618e+00 4.71000000e+01 -2.48744808e+00
 4.74000000e+01 0.00000000e+00 4.74000000e+01 4.91909117e+00 4.74000000e+01 -2.22223518e+00
 4.77000000e+01 0.00000000e+00 4.77000000e+01 4.95279107e+00 4.77000000e+01 -2.94060432e+00
 4.80000000e+01 0.00000000e+00 4.80000000e+01 4.82231196e+00 4.80000000e+01 -2.55934260e+00
 4.83000000e+01 0.00000000e+00 4.83000000e+01 4.78544131e+00 4.83000000e+01 -2.35220980e+00
 4.86000000e+01 0.00000000e+00 4.86000000e+01 5.53431527e+00 4.86000000e+01 -2.54380627e+00
 4.89000000e+01 0.00000000e+00 4.89000000e+01 5.22586542e+00 4.89000000e+01 -2.76455171e+00
 4.92000000e+01 0.00000000e+00 4.92000000e+01 4.76400177e+00 4.92000000e+01 -2.93157196e+00
 4.95000000e+01 0.00000000e+00 4.95000000e+01 4.96624506e+00 4.95000000e+01 -2.75192093e+00
 4.98000000e+01 0.00000000e+00 4.98000000e+01 5.31756929e+00 4.98000000e+01 -2.79888763e+00
 5.01000000e+01 0.00000000e+00 5.01000000e+01 3.09415340e+00 5.01000000e+01 -4.94340986e+00
 5.04000000e+01 0.00000000e+00 5.04000000e+01 2.60824879e+00 5.04000000e+01 -5.07203013e+00
 5.07000000e+01 0.00000000e+00 5.07000000e+01 2.52064013e+00 5.07000000e+01 -4.62617423e+00
 5.10000000e+01 0.00000000e+00 5.10000000e+01 2.58117068e+00 5.10000000e+01 -4.49447378e+00
 5.13000000e+01 0.00000000e+00 5.13000000e+01 2.61862059e+00 5.13000000e+01 -4.78617312e+00
 5.16000000e+01 0.00000000e+00 5.16000000e+01 2.45933904e+00 5.16000000e+01 -4.76949720e+00
 5.19000000e+01 0.00000000e+00 5.19000000e+01 2.38557759e+00 5.19000000e+01 -5.20840200e+00
 5.22000000e+01 0.00000000e+00 5.22000000e+01 2.66420825e+00 5.22000000e+01 -4.82674409e+00
 5.25000000e+01 0.00000000e+00 5.25000000e+01 2.54557163e+00 5.25000000e+01 -4.43912489e+00
 5.28000000e+01 0.00000000e+00 5.28000000e+01 2.56650072e+00 5.28000000e+01 -4.42337709e+00
 5.31000000e+01 0.00000000e+00 5.31000000e+01 2.73955343e+00 5.31000000e+01 -4.78871807e+00
 5.34000000e+01 0.00000000e+00 5.34000000e+01 2.74718679e+00 5.34000000e+01 -5.36546584e+00
 5.37000000e+01 0.00000000e+00 5.37000000e+01 2.57551355e+00 5.37000000e+01 -5.28704194e+00
 5.40000000e+01 0.00000000e+00 5.40000000e+01 2.73585968e+00 5.40000000e+01 -4.97071613e+00
 5.43000000e+01 0.00000000e+00 5.43000000e+01 2.85954705e+00 5.43000000e+01 -4.46188573e+00
 5.46000000e+01 0.00000000e+00 5.46000000e+01 2.46593717e+00 5.46000000e+01 -4.85442022e+00
 5.49000000e+01 0.00000000e+00 5.49000000e+01 2.82218788e+00 5.49000000e+01 -5.13520600e+00
 5.52000000e+01 0.00000000e+00 5.52000000e+01 7.30513654e+00 5.52000000e+01 -4.51465717e+00
 5.55000000e+01 0.00000000e+00 5.55000000e+01 7.13488576e+00 5.55000000e+01 -3.59853694e+00
 5.58000000e+01 0.00000000e+00 5.58000000e+01 6.85024617e+00 5.58000000e+01 -4.56535568e+00
 5.61000000e+01 0.00000000e+00 5.61000000e+01 7.06742248e+00 5.61000000e+01 -4.04172747e+00
 5.64000000e+01 0.00000000e+00 5.64000000e+01 7.16941940e+00 5.64000000e+01 -4.05208956e+00
 5.67000000e+01 0.00000000e+00 5.67000000e+01 6.96363629e+00 5.67000000e+01 -3.90344249e+00
 5.70000000e+01 0.00000000e+00 5.70000000e+01 7.11647391e+00 5.70000000e+01 -4.25267009e+00
 5.73000000e+01 0.00000000e+00 5.73000000e+01 6.96336572e+00 5.73000000e+01 -5.08448051e+00
 5.76000000e+01 0.00000000e+00 5.76000000e+01 7.69333561e+00 5.76000000e+01 -5.13573867e+00
 5.79000000e+01 0.00000000e+00 5.79000000e+01 6.96433776e+00 5.79000000e+01 -4.31144475e+00
 5.82000000e+01 0.00000000e+00 5.82000000e+01 7.62522856e+00 5.82000000e+01 -4.29210300e+00
 5.85000000e+01 0.00000000e+00 5.85000000e+01 7.00930411e+00 5.85000000e+01 -4.64636187e+00
 5.88000000e+01 0.00000000e+00 5.88000000e+01 6.89907742e+00 5.88000000e+01 -4.35508801e+00
 5.91000000e+01 0.00000000e+00 5.91000000e+01 7.26248944e+00 5.91000000e+01 -4.51857493e+00
 5.94000000e+01 0.00000000e+00 5.94000000e+01 6.59988414e+00 5.94000000e+01 -4.38446447e+00
 5.97000000e+01 0.00000000e+00 5.97000000e+01 7.28914398e+00 5.97000000e+01 -4.42640666e+00
