 0.00000000e+00 0.00000000e+00 0.00000000e+00 7.70636701e+00 0.00000000e+00 -5.33007134e+00
 3.00000000e-01 0.00000000e+00 3.00000000e-01 8.21522295e+00 3.00000000e-01 -4.95066024e+00
 6.00000000e-01 0.00000000e+00 6.00000000e-01 8.05223951e+00 6.00000000e-01 -5.06248525e+00
 9.00000000e-01 0.00000000e+00 9.00000000e-01 7.88407199e+00 9.00000000e-01 -5.03766244e+00
 1.20000000e+00 0.00000000e+00 1.20000000e+00 7.38872501e+00 1.20000000e+00 -5.29381460e+00
 1.50000000e+00 0.00000000e+00 1.50000000e+00 8.04426860e+00 1.50000000e+00 -5.11763999e+00
 1.80000000e+00 0.00000000e+00 1.80000000e+00 8.54520573e+00 1.80000000e+00 -4.62912103e+00
 2.10000000e+00 0.00000000e+00 2.10000000e+00 8.29417152e+00 2.10000000e+00 -4.61696984e+00
 2.40000000e+00 0.00000000e+00 2.40000000e+00 8.04822452e+00 2.40000000e+00 -5.36971207e+00
 2.70000000e+00 0.00000000e+00 2.70000000e+00 7.96255567e+00 2.70000000e+00 -5.23634810e+00
 3.00000000e+00 0.00000000e+00 3.00000000e+00 7.62970627e+00 3.00000000e+00 -4.79083753e+00
 3.30000000e+00 0.00000000e+00 3.30000000e+00 8.43337855e+00 3.30000000e+00 -4.88800055e+00
 3.60000000e+00 0.00000000e+00 3.60000000e+00 7.81123740e+00 3.60000000e+00 -5.29989924e+00
 3.90000000e+00 0.00000000e+00 3.90000000e+00 7.57744362e+00 3.90000000e+00 -4.99053734e+00
 4.20000000e+00 0.00000000e+00 4.20000000e+00 8.41048436e+00 4.20000000e+00 -4.77850874e+00
 4.50000000e+00 0.00000000e+00 4.50000000e+00 7.52725219e+00 4.50000000e+00 -6.00670581e+00
 4.80000000e+00 0.00000000e+00 4.80000000e+00 8.12852457e+00 4.80000000e+00 -5.47363675e+00
 5.10000000e+00 0.00000000e+00 5.10000000e+00 8.10838611e+00 5.10000000e+00 -5.26065905e+00
 5.40000000e+00 0.00000000e+00 5.40000000e+00 8.21158248e+00 5.40000000e+00 -4.88840605e+00
 5.70000000e+00 0.00000000e+00 5.70000000e+00 7.81298089e+00 5.70000000e+00 -5.15543367e+00
 6.00000000e+00 0.00000000e+00 6.00000000e+00 7.73212437e+00 6.00000000e+00 -5.52440506e+00
 6.30000000e+00 0.00000000e+00 6.30000000e+00 8.09707463e+00 6.30000000e+00 -4.87445447e+00
 6.60000000e+00 0.00000000e+00 6.60000000e+00 7.74019661e+00 6.60000000e+00 -4.72705169e+00
 6.90000000e+00 0.00000000e+00 6.90000000e+00 7.95383245e+00 6.90000000e+00 -4.69164925e+00
 7.20000000e+00 0.00000000e+00 7.20000000e+00 8.42613537e+00 7.20000000e+00 -5.56035931e+00
 7.50000000e+00 0.00000000e+00 7.50000000e+00 7.98525884e+00 7.50000000e+00 -5.09874900e+00
 7.80000000e+00 0.00000000e+00 7.80000000e+00 7.66875720e+00 7.80000000e+00 -5.22953220e+00
 8.10000000e+00 0.00000000e+00 8.10000000e+00 7.97961855e+00 8.10000000e+00 -4.82829098e+00
 8.40000000e+00 0.00000000e+00 8.40000000e+00 7.96527867e+00 8.40000000e+00 -5.08346287e+00
 8.70000000e+00 0.00000000e+00 8.70000000e+00 8.16919788e+00 8.70000000e+00 -5.47496373e+00
 9.00000000e+00 0.00000000e+00 9.00000000e+00 7.57662898e+00 9.00000000e+00 -5.58868445e+00
 9.30000000e+00 0.00000000e+00 9.30000000e+00 8.14504366e+00 9.30000000e+00 -4.35831985e+00
 9.60000000e+00 0.00000000e+00 9.60000000e+00 7.41041303e+00 9.60000000e+00 -5.64530908e+00
 9.90000000e+00 0.00000000e+00 9.90000000e+00 8.25287301e+00 9.90000000e+00 -5.03386834e+00
 1.02000000e+01 0.00000000e+00 1.02000000e+01 7.76368910e+00 1.02000000e+01 -5.16382695e+00
 1.05000000e+01 0.00000000e+00 1.05000000e+01 8.27411507e+00 1.05000000e+01 -4.87495694e+00
 1.08000000e+01 0.00000000e+00 1.08000000e+01 7.58255087e+00 1.08000000e+01 -5.51787092e+00
 1.11000000e+01 0.00000000e+00 1.11000000e+01 7.95975730e+00 1.11000000e+01 -5.83204633e+00
 1.14000000e+01 0.00000000e+00 1.14000000e+01 7.95771520e+00 1.14000000e+01 -5.02560147e+00
 1.17000000e+01 0.00000000e+00 1.17000000e+01 8.05702792e+00 1.17000000e+01 -5.19359703e+00
 1.20000000e+01 0.00000000e+00 1.20000000e+01 8.26892881e+00 1.20000000e+01 -5.33506608e+00
 1.23000000e+01 0.00000000e+00 1.23000000e+01 7.81250767e+00 1.23000000e+01 -4.51815916e+00
 1.26000000e+01 0.00000000e+00 1.26000000e+01 8.03625325e+00 1.26000000e+01 -5.09166645e+00
 1.29000000e+01 0.00000000e+00 1.29000000e+01 7.56795822e+00 1.29000000e+01 -5.45092828e+00
 1.32000000e+01 0.00000000e+00 1.32000000e+01 7.64189424e+00 1.32000000e+01 -5.17956154e+00
 1.35000000e+01 0.00000000e+00 1.35000000e+01 7.71696546e+00 1.35000000e+01 -5.07888907e+00
 1.38000000e+01 0.00000000e+00 1.38000000e+01 7.94710427e+00 1.38000000e+01 -4.54650551e+00
 1.41000000e+01 0.00000000e+00 1.41000000e+01 7.95047325e+00 1.41000000e+01 -5.31681786e+00
 1.44000000e+01 0.00000000e+00 1.44000000e+01 8.13512344e+00 1.44000000e+01 -5.56298098e+00
 1.47000000e+01 0.00000000e+00 1.47000000e+01 8.06187699e+00 1.47000000e+01 -4.86404875e+00
 1.50000000e+01 0.00000000e+00 1.50000000e+01 8.40979192e+00 1.50000000e+01 -5.15128629e+00
 1.53000000e+01 0.00000000e+00 1.53000000e+01 2.02897429e+00 1.53000000e+01 -3.46220313e+00
 1.56000000e+01 0.00000000e+00 1.56000000e+01 1.68152693e+00 1.56000000e+01 -3.64210729e+00
 1.59000000e+01 0.00000000e+00 1.59000000e+01 1.21625307e+00 1.59000000e+01 -3.79387761e+00
 1.62000000e+01 0.00000000e+00 1.62000000e+01 1.11897792e+00 1.62000000e+01 -2.94467125e+00
 1.65000000e+01 0.00000000e+00 1.65000000e+01 1.44705806e+00 1.65000000e+01 -3.62597690e+00
 1.68000000e+01 0.00000000e+00 1.68000000e+01 1.46727491e+00 1.68000000e+01 -3.59632516e+00
 1.71000000e+01 0.00000000e+00 1.71000000e+01 9.95395819e-01 1.71000000e+01 -3.25835095e+00
 1.74000000e+01 0.00000000e+00 1.74000000e+01 1.78931278e+00 1.74000000e+01 -3.78629855e+00
 1.77000000e+01 0.00000000e+00 1.77000000e+01 1.35344822e+00 1.77000000e+01 -3.79584078e+00
 1.80000000e+01 0.00000000e+00 1.80000000e+01 9.38987291e-01 1.80000000e+01 -3.60033146e+00
 1.83000000e+01 0.00000000e+00 1.83000000e+01 9.83715574e-01 1.83000000e+01 -2.77079530e+00
 1.86000000e+01 0.00000000e+00 1.86000000e+01 2.16401419e+00 1.86000000e+01 -3.50520092e+00
 1.89000000e+01 0.00000000e+00 1.89000000e+01 1.41011786e+00 1.89000000e+01 -2.93750442e+00
 1.92000000e+01 0.00000000e+00 1.92000000e+01 1.46693564e+00 1.92000000e+01 -2.64587395e+00
 1.95000000e+01 0.00000000e+00 1.95000000e+01 1.28633265e+00 1.95000000e+01 -3.46515900e+00
 1.98000000e+01 0.00000000e+00 1.98000000e+01 1.70040282e+00 1.98000000e+01 -3.68749415e+00
 2.01000000e+01 0.00000000e+00 2.01000000e+01 1.38571132e+00 2.01000000e+01 -3.48244424e+00
 2.04000000e+01 0.00000000e+00 2.04000000e+01 1.33348604e+00 2.04000000e+01 -3.41284773e+00
 2.07000000e+01 0.00000000e+00 2.07000000e+01 1.69113571e+00 2.07000000e+01 -4.00681897e+00
 2.10000000e+01 0.00000000e+00 2.10000000e+01 9.53106209e-01 2.10000000e+01 -3.57712158e+00
 2.13000000e+01 0.00000000e+00 2.13000000e+01 1.68925194e+00 2.13000000e+01 -3.27838612e+00
 2.16000000e+01 0.00000000e+00 2.16000000e+01 1.11956696e+00 2.16000000e+01 -3.70982191e+00
 2.19000000e+01 0.00000000e+00 2.19000000e+01 1.13335502e+00 2.19000000e+01 -3.17161863e+00
 2.22000000e+01 0.00000000e+00 2.22000000e+01 1.40400185e+00 2.22000000e+01 -3.45748002e+00
 2.25000000e+01 0.00000000e+00 2.25000000e+01 1.32227040e+00 2.25000000e+01 -3.42395842e+00
 2.28000000e+01 0.00000000e+00 2.28000000e+01 1.14649517e+00 2.28000000e+01 -3.21300944e+00
 2.31000000e+01 0.00000000e+00 2.31000000e+01 1.57731129e+00 2.31000000e+01 -3.12651245e+00
 2.34000000e+01 0.00000000e+00 2.34000000e+01 1.09937399e+00 2.34000000e+01 -3.11782994e+00
 2.37000000e+01 0.00000000e+00 2.37000000e+01 1.20554053e+00 2.37000000e+01 -3.29505154e+00
 2.40000000e+01 0.00000000e+00 2.40000000e+01 9.29269919e-01 2.40000000e+01 -3.46528836e+00
 2.43000000e+01 0.00000000e+00 2.43000000e+01 1.35743079e+00 2.43000000e+01 -3.29507565e+00
 2.46000000e+01 0.00000000e+00 2.46000000e+01 1.15889797e+00 2.46000000e+01 -3.64062786e+00
 2.49000000e+01 0.00000000e+00 2.49000000e+01 1.57165546e+00 2.49000000e+01 -3.56628848e+00
 2.52000000e+01 0.00000000e+00 2.52000000e+01 9.93585533e-01 2.52000000e+01 -5.58362506e+00
 2.55000000e+01 0.00000000e+00 2.55000000e+01 1.21781413e+00 2.55000000e+01 -5.39273683e+00
 2.58000000e+01 0.00000000e+00 2.58000000e+01 1.84373828e+00 2.58000000e+01 -5.06337552e+00
 2.61000000e+01 0.00000000e+00 2.61000000e+01 1.37108561e+00 2.61000000e+01 -5.39349070e+00
 2.64000000e+01 0.00000000e+00 2.64000000e+01 1.24282517e+00 2.64000000e+01 -5.85452001e+00
 2.67000000e+01 0.00000000e+00 2.67000000e+01 6.51928795e-01 2.67000000e+01 -5.08345768e+00
 2.70000000e+01 0.00000000e+00 2.70000000e+01 1.05666768e+00 2.70000000e+01 -5.83882073e+00
 2.73000000e+01 0.00000000e+00 2.73000000e+01 1.11686858e+00 2.73000000e+01 -5.78312877e+00
 2.76000000e+01 0.00000000e+00 2.76000000e+01 6.13144820e-01 2.76000000e+01 -5.02503735e+00
 2.79000000e+01 0.00000000e+00 2.79000000e+01 1.28333852e+00 2.79000000e+01 -5.14834830e+00
 2.82000000e+01 0.00000000e+00 2.82000000e+01 1.63563082e+00 2.82000000e+01 -5.27599356e+00
 2.85000000e+01 0.00000000e+00 2.85000000e+01 1.32648130e+00 2.85000000e+01 -5.30500334e+00
 2.88000000e+01 0.00000000e+00 2.88000000e+01 7.49913903e-01 2.88000000e+01 -5.52280583e+00
 2.91000000e+01 0.00000000e+00 2.91000000e+01 1.22432869e+00 2.91000000e+01 -4.90424150e+00
 2.94000000e+01 0.00000000e+00 2.94000000e+01 1.09005810e+00 2.94000000e+01 -5.26660296e+00
 2.97000000e+01 0.00000000e+00 2.97000000e+01 1.95050397e+00 2.97000000e+01 -5.75011094e+00
 3.00000000e+01 0.00000000e+00 3.00000000e+01 1.56882891e+00 3.00000000e+01 -4.77260386e+00
 3.03000000e+01 0.00000000e+00 3.03000000e+01 7.52080816e-01 3.03000000e+01 -4.93332834e+00
 3.06000000e+01 0.00000000e+00 3.06000000e+01 1.17123256e+00 3.06000000e+01 -5.47572349e+00
 3.09000000e+01 0.00000000e+00 3.09000000e+01 1.42214821e+00 3.09000000e+01 -5.47560805e+00
 3.12000000e+01 0.00000000e+00 3.12000000e+01 1.76921699e+00 3.12000000e+01 -5.31568737e+00
 3.15000000e+01 0.00000000e+00 3.15000000e+01 1.56204427e+00 3.15000000e+01 -5.08728854e+00
 3.18000000e+01 0.00000000e+00 3.18000000e+01 1.66566467e+00 3.18000000e+01 -5.01925944e+00
 3.21000000e+01 0.00000000e+00 3.21000000e+01 1.34515329e+00 3.21000000e+01 -5.67793291e+00
 3.24000000e+01 0.00000000e+00 3.24000000e+01 1.38508255e+00 3.24000000e+01 -4.86485471e+00
 3.27000000e+01 0.00000000e+00 3.27000000e+01 1.22447805e+00 3.27000000e+01 -5.12112741e+00
 3.30000000e+01 0.00000000e+00 3.30000000e+01 1.28024378e+00 3.30000000e+01 -4.71217108e+00
 3.33000000e+01 0.00000000e+00 3.33000000e+01 1.54804676e+00 3.33000000e+01 -5.71489633e+00
 3.36000000e+01 0.00000000e+00 3.36000000e+01 1.74428051e+00 3.36000000e+01 -4.96228781e+00
 3.39000000e+01 0.00000000e+00 3.39000000e+01 1.63362291e+00 3.39000000e+01 -5.12605003e+00
 3.42000000e+01 0.00000000e+00 3.42000000e+01 1.63200738e+00 3.42000000e+01 -5.08988219e+00
 3.45000000e+01 0.00000000e+00 3.45000000e+01 1.35899930e+00 3.45000000e+01 -5.36691403e+00
 3.48000000e+01 0.00000000e+00 3.48000000e+01 1.00670020e+00 3.48000000e+01 -4.92306447e+00
 3.51000000e+01 0.00000000e+00 3.51000000e+01 5.48324734e+00 3.51000000e+01 -3.56681784e+00
 3.54000000e+01 0.00000000e+00 3.54000000e+01 5.18254926e+00 3.54000000e+01 -3.62312616e+00
 3.57000000e+01 0.00000000e+00 3.57000000e+01 5.94301142e+00 3.57000000e+01 -3.60588975e+00
 3.60000000e+01 0.00000000e+00 3.60000000e+01 5.40372168e+00 3.60000000e+01 -3.02905143e+00
 3.63000000e+01 0.00000000e+00 3.63000000e+01 4.88171740e+00 3.63000000e+01 -3.10468022e+00
 3.66000000e+01 0.00000000e+00 3.66000000e+01 4.93043800e+00 3.66000000e+01 -3.87445054e+00
 3.69000000e+01 0.00000000e+00 3.69000000e+01 5.09823592e+00 3.69000000e+01 -3.32651798e+00
 3.72000000e+01 0.00000000e+00 3.72000000e+01 5.04213991e+00 3.72000000e+01 -3.67737573e+00
 3.75000000e+01 0.00000000e+00 3.75000000e+01 5.28497582e+00 3.75000000e+01 -3.19742844e+00
 3.78000000e+01 0.00000000e+00 3.78000000e+01 5.35639259e+00 3.78000000e+01 -3.90908437e+00
 3.81000000e+01 0.00000000e+00 3.81000000e+01 5.27487772e+00 3.81000000e+01 -3.08082636e+00
 3.84000000e+01 0.00000000e+00 3.84000000e+01 5.09091383e+00 3.84000000e+01 -3.58863876e+00
 3.87000000e+01 0.00000000e+00 3.87000000e+01 5.24960353e+00 3.87000000e+01 -4.00071016e+00
 3.90000000e+01 0.00000000e+00 3.90000000e+01 5.34713867e+00 3.90000000e+01 -3.53558682e+00
 3.93000000e+01 0.00000000e+00 3.93000000e+01 5.42079587e+00 3.93000000e+01 -3.23605697e+00
 3.96000000e+01 0.00000000e+00 3.96000000e+01 4.95271316e+00 3.96000000e+01 -3.20756022e+00
 3.99000000e+01 0.00000000e+00 3.99000000e+01 5.59633043e+00 3.99000000e+01 -3.61930474e+00
 4.02000000e+01 0.00000000e+00 4.02000000e+01 4.45415653e+00 4.02000000e+01 -2.28271548e+00
 4.05000000e+01 0.00000000e+00 4.05000000e+01 4.29922756e+00 4.05000000e+01 -2.83112589e+00
 4.08000000e+01 0.00000000e+00 4.08000000e+01 4.67853635e+00 4.08000000e+01 -2.66264129e+00
 4.11000000e+01 0.00000000e+00 4.11000000e+01 5.00738633e+00 4.11000000e+01 -2.44430947e+00
 4.14000000e+01 0.00000000e+00 4.14000000e+01 4.07850672e+00 4.14000000e+01 -3.21704086e+00
 4.17000000e+01 0.00000000e+00 4.17000000e+01 3.94150743e+00 4.17000000e+01 -3.11802613e+00
 4.20000000e+01 0.00000000e+00 4.20000000e+01 4.65250150e+00 4.20000000e+01 -2.93344594e+00
 4.23000000e+01 0.00000000e+00 4.23000000e+01 4.36989815e+00 4.23000000e+01 -2.96711779e+00
 4.26000000e+01 0.00000000e+00 4.26000000e+01 4.55559299e+00 4.26000000e+01 -2.14932002e+00
 4.29000000e+01 0.00000000e+00 4.29000000e+01 3.82945005e+00 4.29000000e+01 -2.68126076e+00
 4.32000000e+01 0.00000000e+00 4.32000000e+01 4.05665721e+00 4.32000000e+01 -2.54795021e+00
 4.35000000e+01 0.00000000e+00 4.35000000e+01 4.32028530e+00 4.35000000e+01 -2.38985375e+00
 4.38000000e+01 0.00000000e+00 4.38000000e+01 3.30447032e+00 4.38000000e+01 -2.86770415e+00
 4.41000000e+01 0.00000000e+00 4.41000000e+01 3.71614087e+00 4.41000000e+01 -3.00670877e+00
 4.44000000e+01 0.00000000e+00 4.44000000e+01 4.35152152e+00 4.44000000e+01 -3.06141344e+00
 4.47000000e+01 0.00000000e+00 4.47000000e+01 4.55751770e+00 4.47000000e+01 -2.36199699e+00
 4.50000000e+01 0.00000000e+00 4.50000000e+01 3.81172776e+00 4.50000000e+01 -2.44794693e+00
 4.53000000e+01 0.00000000e+00 4.53000000e+01 4.15749757e+00 4.53000000e+01 -2.50609805e+00
 4.56000000e+01 0.00000000e+00 4.56000000e+01 4.97556321e+00 4.56000000e+01 -2.31397022e+00
 4.59000000e+01 0.00000000e+00 4.59000000e+01 4.30422445e+00 4.59000000e+01 -1.98735542e+00
 4.62000000e+01 0.00000000e+00 4.62000000e+01 3.76819816e+00 4.62000000e+01 -2.47693985e+00
 4.65000000e+01 0.00000000e+00 4.65000000e+01 4.43900683e+00 4.65000000e+01 -2.48063441e+00
 4.68000000e+01 0.00000000e+00 4.68000000e+01 3.75853305e+00 4.68000000e+01 -2.31849632e+00
 4.71000000e+01 0.00000000e+00 4.71000000e+01 3.94668582e+00 4.71000000e+01 -2.49141692e+00
 4.74000000e+01 0.00000000e+00 4.74000000e+01 4.36243872e+00 4.74000000e+01 -2.57486799e+00
 4.77000000e+01 0.00000000e+00 4.77000000e+01 4.64767185e+00 4.77000000e+01 -2.75064328e+00
 4.80000000e+01 0.00000000e+00 4.80000000e+01 4.21123445e+00 4.80000000e+01 -3.12960503e+00
 4.83000000e+01 0.00000000e+00 4.83000000e+01 3.75675620e+00 4.83000000e+01 -3.02013926e+00
 4.86000000e+01 0.00000000e+00 4.86000000e+01 3.66257194e+00 4.86000000e+01 -3.01468949e+00
 4.89000000e+01 0.00000000e+00 4.89000000e+01 4.29098498e+00 4.89000000e+01 -2.28774308e+00
 4.92000000e+01 0.00000000e+00 4.92000000e+01 4.14483016e+00 4.92000000e+01 -1.88065698e+00
 4.95000000e+01 0.00000000e+00 4.95000000e+01 3.79466458e+00 4.95000000e+01 -2.77726622e+00
 4.98000000e+01 0.00000000e+00 4.98000000e+01 4.04469749e+00 4.98000000e+01 -2.15210544e+00
 5.01000000e+01 0.00000000e+00 5.01000000e+01 5.10322674e+00 5.01000000e+01 -5.11226227e+00
 5.04000000e+01 0.00000000e+00 5.04000000e+01 4.65387913e+00 5.04000000e+01 -5.52769663e+00
 5.07000000e+01 0.00000000e+00 5.07000000e+01 4.92462334e+00 5.07000000e+01 -5.97964127e+00
 5.10000000e+01 0.00000000e+00 5.10000000e+01 4.62754715e+00 5.10000000e+01 -5.50860708e+00
 5.13000000e+01 0.00000000e+00 5.13000000e+01 5.33128621e+00 5.13000000e+01 -4.85040928e+00
 5.16000000e+01 0.00000000e+00 5.16000000e+01 5.14714848e+00 5.16000000e+01 -4.93122525e+00
 5.19000000e+01 0.00000000e+00 5.19000000e+01 4.99532846e+00 5.19000000e+01 -5.41525878e+00
 5.22000000e+01 0.00000000e+00 5.22000000e+01 4.88745911e+00 5.22000000e+01 -5.64080339e+00
 5.25000000e+01 0.00000000e+00 5.25000000e+01 5.52531488e+00 5.25000000e+01 -5.40936962e+00
 5.28000000e+01 0.00000000e+00 5.28000000e+01 4.42981067e+00 5.28000000e+01 -5.36740107e+00
 5.31000000e+01 0.00000000e+00 5.31000000e+01 5.08948593e+00 5.31000000e+01 -5.62496968e+00
 5.34000000e+01 0.00000000e+00 5.34000000e+01 4.33290142e+00 5.34000000e+01 -5.79156991e+00
 5.37000000e+01 0.00000000e+00 5.37000000e+01 4.73230947e+00 5.37000000e+01 -5.89294143e+00
 5.40000000e+01 0.00000000e+00 5.40000000e+01 4.98555244e+00 5.40000000e+01 -5.14313052e+00
 5.43000000e+01 0.00000000e+00 5.43000000e+01 4.41206006e+00 5.43000000e+01 -5.16450043e+00
 5.46000000e+01 0.00000000e+00 5.46000000e+01 5.00146724e+00 5.46000000e+01 -5.05988550e+00
 5.49000000e+01 0.00000000e+00 5.49000000e+01 4.78897245e+00 5.49000000e+01 -5.36065705e+00
 5.52000000e+01 0.00000000e+00 5.52000000e+01 8.18531551e+00 5.52000000e+01 -5.04839924e+00
 5.55000000e+01 0.00000000e+00 5.55000000e+01 8.44567319e+00 5.55000000e+01 -4.90231833e+00
 5.58000000e+01 0.00000000e+00 5.58000000e+01 7.69200347e+00 5.58000000e+01 -5.00897669e+00
 5.61000000e+01 0.00000000e+00 5.61000000e+01 7.72899789e+00 5.61000000e+01 -4.95333038e+00
 5.64000000e+01 0.00000000e+00 5.64000000e+01 7.72712028e+00 5.64000000e+01 -4.98759269e+00
 5.67000000e+01 0.00000000e+00 5.67000000e+01 8.17795710e+00 5.67000000e+01 -5.63461366e+00
 5.70000000e+01 0.00000000e+00 5.70000000e+01 8.45943545e+00 5.70000000e+01 -4.64974511e+00
 5.73000000e+01 0.00000000e+00 5.73000000e+01 8.00295603e+00 5.73000000e+01 -5.12590555e+00
 5.76000000e+01 0.00000000e+00 5.76000000e+01 7.48987301e+00 5.76000000e+01 -5.06357624e+00
 5.79000000e+01 0.00000000e+00 5.79000000e+01 7.54346960e+00 5.79000000e+01 -5.75089070e+00
 5.82000000e+01 0.00000000e+00 5.82000000e+01 7.67762029e+00 5.82000000e+01 -5.75189249e+00
 5.85000000e+01 0.00000000e+00 5.85000000e+01 8.21637666e+00 5.85000000e+01 -5.02163422e+00
 5.88000000e+01 0.00000000e+00 5.88000000e+01 7.96420371e+00 5.88000000e+01 -5.60640562e+00
 5.91000000e+01 0.00000000e+00 5.91000000e+01 8.33545461e+00 5.91000000e+01 -4.95427070e+00
 5.94000000e+01 0.00000000e+00 5.94000000e+01 7.92117502e+00 5.94000000e+01 -5.32670237e+00
 5.97000000e+01 0.00000000e+00 5.97000000e+01 7.90224834e+00 5.97000000e+01 -5.10458137e+00
