 0.00000000e+00 0.00000000e+00 0.00000000e+00 7.08261977e+00 0.00000000e+00 -5.45739913e+00
 3.00000000e-01 0.00000000e+00 3.00000000e-01 7.46337680e+00 3.00000000e-01 -4.87420927e+00
 6.00000000e-01 0.00000000e+00 6.00000000e-01 7.80447904e+00 6.00000000e-01 -4.83803039e+00
 9.00000000e-01 0.00000000e+00 9.00000000e-01 7.95201080e+00 9.00000000e-01 -5.46660739e+00
 1.20000000e+00 0.00000000e+00 1.20000000e+00 7.60070924e+00 1.20000000e+00 -4.90163083e+00
 1.50000000e+00 0.00000000e+00 1.50000000e+00 7.56561074e+00 1.50000000e+00 -5.05042002e+00
 1.80000000e+00 0.00000000e+00 1.80000000e+00 7.05399010e+00 1.80000000e+00 -5.56942111e+00
 2.10000000e+00 0.00000000e+00 2.10000000e+00 7.32880026e+00 2.10000000e+00 -5.42190242e+00
 2.40000000e+00 0.00000000e+00 2.40000000e+00 6.59748220e+00 2.40000000e+00 -5.33849255e+00
 2.70000000e+00 0.00000000e+00 2.70000000e+00 6.90791369e+00 2.70000000e+00 -5.88028551e+00
 3.00000000e+00 0.00000000e+00 3.00000000e+00 7.46836826e+00 3.00000000e+00 -5.38104448e+00
 3.30000000e+00 0.00000000e+00 3.30000000e+00 6.95548741e+00 3.30000000e+00 -5.07605755e+00
 3.60000000e+00 0.00000000e+00 3.60000000e+00 7.17047226e+00 3.60000000e+00 -5.08483896e+00
 3.90000000e+00 0.00000000e+00 3.90000000e+00 7.03792565e+00 3.90000000e+00 -6.05036399e+00
 4.20000000e+00 0.00000000e+00 4.20000000e+00 6.94879172e+00 4.20000000e+00 -5.24200885e+00
 4.50000000e+00 0.00000000e+00 4.50000000e+00 6.79297900e+00 4.50000000e+00 -5.78181548e+00
 4.80000000e+00 0.00000000e+00 4.80000000e+00 7.13242922e+00 4.80000000e+00 -5.07275241e+00
 5.10000000e+00 0.00000000e+00 5.10000000e+00 7.93562733e+00 5.10000000e+00 -4.84698850e+00
 5.40000000e+00 0.00000000e+00 5.40000000e+00 7.16955456e+00 5.40000000e+00 -5.34585580e+00
 5.70000000e+00 0.00000000e+00 5.70000000e+00 7.32847096e+00 5.70000000e+00 -5.12320091e+00
 6.00000000e+00 0.00000000e+00 6.00000000e+00 7.61109757e+00 6.00000000e+00 -5.37759634e+00
 6.30000000e+00 0.00000000e+00 6.30000000e+00 7.29094669e+00 6.30000000e+00 -5.42163528e+00
 6.60000000e+00 0.00000000e+00 6.60000000e+00 7.27922113e+00 6.60000000e+00 -5.74526807e+00
 6.90000000e+00 0.00000000e+00 6.90000000e+00 7.00497350e+00 6.90000000e+00 -4.75148516e+00
 7.20000000e+00 0.00000000e+00 7.20000000e+00 7.39886094e+00 7.20000000e+00 -5.06398353e+00
 7.50000000e+00 0.00000000e+00 7.50000000e+00 7.05566296e+00 7.50000000e+00 -5.63938943e+00
 7.80000000e+00 0.00000000e+00 7.80000000e+00 7.00297913e+00 7.80000000e+00 -5.88509009e+00
 8.10000000e+00 0.00000000e+00 8.10000000e+00 7.47718249e+00 8.10000000e+00 -5.54476413e+00
 8.40000000e+00 0.00000000e+00 8.40000000e+00 6.92369110e+00 8.40000000e+00 -5.29689173e+00
 8.70000000e+00 0.00000000e+00 8.70000000e+00 7.42555372e+00 8.70000000e+00 -5.26773559e+00
 9.00000000e+00 0.00000000e+00 9.00000000e+00 6.99324834e+00 9.00000000e+00 -5.32851468e+00
 9.30000000e+00 0.00000000e+00 9.30000000e+00 7.39483529e+00 9.30000000e+00 -5.38768005e+00
 9.60000000e+00 0.00000000e+00 9.60000000e+00 7.37717984e+00 9.60000000e+00 -5.19172289e+00
 9.90000000e+00 0.00000000e+00 9.90000000e+00 7.41390980e+00 9.90000000e+00 -5.81338507e+00
 1.02000000e+01 0.00000000e+00 1.02000000e+01 7.80841004e+00 1.02000000e+01 -5.16050079e+00
 1.05000000e+01 0.00000000e+00 1.05000000e+01 7.65592846e+00 1.05000000e+01 -5.88483162e+00
 1.08000000e+01 0.00000000e+00 1.08000000e+01 7.72696441e+00 1.08000000e+01 -5.14274335e+00
 1.11000000e+01 0.00000000e+00 1.11000000e+01 7.14844094e+00 1.11000000e+01 -5.46536348e+00
 1.14000000e+01 0.00000000e+00 1.14000000e+01 7.39492492e+00 1.14000000e+01 -5.29046449e+00
 1.17000000e+01 0.00000000e+00 1.17000000e+01 6.99868491e+00 1.17000000e+01 -5.67845028e+00
 1.20000000e+01 0.00000000e+00 1.20000000e+01 7.04328957e+00 1.20000000e+01 -5.20159759e+00
 1.23000000e+01 0.00000000e+00 1.23000000e+01 7.55351041e+00 1.23000000e+01 -5.02267879e+00
 1.26000000e+01 0.00000000e+00 1.26000000e+01 7.35717154e+00 1.26000000e+01 -5.25826822e+00
 1.29000000e+01 0.00000000e+00 1.29000000e+01 7.18495386e+00 1.29000000e+01 -5.47954190e+00
 1.32000000e+01 0.00000000e+00 1.32000000e+01 7.21245486e+00 1.32000000e+01 -5.90260751e+00
 1.35000000e+01 0.00000000e+00 1.35000000e+01 7.10212544e+00 1.35000000e+01 -4.84458270e+00
 1.38000000e+01 0.00000000e+00 1.38000000e+01 7.41676894e+00 1.38000000e+01 -5.71866867e+00
 1.41000000e+01 0.00000000e+00 1.41000000e+01 6.97834830e+00 1.41000000e+01 -5.42346736e+00
 1.44000000e+01 0.00000000e+00 1.44000000e+01 6.94341699e+00 1.44000000e+01 -5.27031902e+00
 1.47000000e+01 0.00000000e+00 1.47000000e+01 6.89595900e+00 1.47000000e+01 -4.84674705e+00
 1.50000000e+01 0.00000000e+00 1.50000000e+01 7.54812204e+00 1.50000000e+01 -5.06428862e+00
 1.53000000e+01 0.00000000e+00 1.53000000e+01 2.34951149e+00 1.53000000e+01 -4.37509091e+00
 1.56000000e+01 0.00000000e+00 1.56000000e+01 2.49205459e+00 1.56000000e+01 -4.75255606e+00
 1.59000000e+01 0.00000000e+00 1.59000000e+01 2.09603214e+00 1.59000000e+01 -4.62521946e+00
 1.62000000e+01 0.00000000e+00 1.62000000e+01 2.59227879e+00 1.62000000e+01 -4.51230137e+00
 1.65000000e+01 0.00000000e+00 1.65000000e+01 2.38068992e+00 1.65000000e+01 -4.51522789e+00
 1.68000000e+01 0.00000000e+00 1.68000000e+01 2.11254183e+00 1.68000000e+01 -4.14428797e+00
 1.71000000e+01 0.00000000e+00 1.71000000e+01 1.86642179e+00 1.71000000e+01 -4.37007862e+00
 1.74000000e+01 0.00000000e+00 1.74000000e+01 2.12951318e+00 1.74000000e+01 -3.93494877e+00
 1.77000000e+01 0.00000000e+00 1.77000000e+01 2.11851435e+00 1.77000000e+01 -4.08846129e+00
 1.80000000e+01 0.00000000e+00 1.80000000e+01 2.37542559e+00 1.80000000e+01 -3.97341796e+00
 1.83000000e+01 0.00000000e+00 1.83000000e+01 2.46413239e+00 1.83000000e+01 -4.21008486e+00
 1.86000000e+01 0.00000000e+00 1.86000000e+01 2.98410047e+00 1.86000000e+01 -4.07703043e+00
 1.89000000e+01 0.00000000e+00 1.89000000e+01 2.23745611e+00 1.89000000e+01 -4.30694593e+00
 1.92000000e+01 0.00000000e+00 1.92000000e+01 2.26546093e+00 1.92000000e+01 -4.25762255e+00
 1.95000000e+01 0.00000000e+00 1.95000000e+01 2.08590263e+00 1.95000000e+01 -4.21521756e+00
 1.98000000e+01 0.00000000e+00 1.98000000e+01 2.30851569e+00 1.98000000e+01 -4.11814103e+00
 2.01000000e+01 0.00000000e+00 2.01000000e+01 2.47111323e+00 2.01000000e+01 -4.01104839e+00
 2.04000000e+01 0.00000000e+00 2.04000000e+01 2.11558744e+00 2.04000000e+01 -4.37839103e+00
 2.07000000e+01 0.00000000e+00 2.07000000e+01 2.46281074e+00 2.07000000e+01 -4.38328082e+00
 2.10000000e+01 0.00000000e+00 2.10000000e+01 2.48984991e+00 2.10000000e+01 -3.59847389e+00
 2.13000000e+01 0.00000000e+00 2.13000000e+01 2.65699314e+00 2.13000000e+01 -3.77953868e+00
 2.16000000e+01 0.00000000e+00 2.16000000e+01 2.54185414e+00 2.16000000e+01 -4.55902217e+00
 2.19000000e+01 0.00000000e+00 2.19000000e+01 2.39021286e+00 2.19000000e+01 -4.65013620e+00
 2.22000000e+01 0.00000000e+00 2.22000000e+01 2.05929814e+00 2.22000000e+01 -3.67034791e+00
 2.25000000e+01 0.00000000e+00 2.25000000e+01 2.65606484e+00 2.25000000e+01 -4.09833212e+00
 2.28000000e+01 0.00000000e+00 2.28000000e+01 2.51878455e+00 2.28000000e+01 -4.67042969e+00
 2.31000000e+01 0.00000000e+00 2.31000000e+01 2.41685282e+00 2.31000000e+01 -4.10025334e+00
 2.34000000e+01 0.00000000e+00 2.34000000e+01 2.43298761e+00 2.34000000e+01 -3.88296954e+00
 2.37000000e+01 0.00000000e+00 2.37000000e+01 2.23745355e+00 2.37000000e+01 -4.49569724e+00
 2.40000000e+01 0.00000000e+00 2.40000000e+01 2.77498839e+00 2.40000000e+01 -4.85941781e+00
 2.43000000e+01 0.00000000e+00 2.43000000e+01 2.76542501e+00 2.43000000e+01 -4.98927908e+00
 2.46000000e+01 0.00000000e+00 2.46000000e+01 2.01262144e+00 2.46000000e+01 -4.92739539e+00
 2.49000000e+01 0.00000000e+00 2.49000000e+01 2.41861486e+00 2.49000000e+01 -3.83107519e+00
 2.52000000e+01 0.00000000e+00 2.52000000e+01 3.41632404e+00 2.52000000e+01 -4.18881991e+00
 2.55000000e+01 0.00000000e+00 2.55000000e+01 4.18382697e+00 2.55000000e+01 -4.59775257e+00
 2.58000000e+01 0.00000000e+00 2.58000000e+01 4.23667558e+00 2.58000000e+01 -4.37043386e+00
 2.61000000e+01 0.00000000e+00 2.61000000e+01 3.74120256e+00 2.61000000e+01 -4.02783871e+00
 2.64000000e+01 0.00000000e+00 2.64000000e+01 2.88863774e+00 2.64000000e+01 -4.24672411e+00
 2.67000000e+01 0.00000000e+00 2.67000000e+01 3.86204285e+00 2.67000000e+01 -4.56245802e+00
 2.70000000e+01 0.00000000e+00 2.70000000e+01 3.56071428e+00 2.70000000e+01 -4.09337581e+00
 2.73000000e+01 0.00000000e+00 2.73000000e+01 3.20893819e+00 2.73000000e+01 -3.47152399e+00
 2.76000000e+01 0.00000000e+00 2.76000000e+01 3.27032759e+00 2.76000000e+01 -4.39183733e+00
 2.79000000e+01 0.00000000e+00 2.79000000e+01 3.71090670e+00 2.79000000e+01 -3.90257964e+00
 2.82000000e+01 0.00000000e+00 2.82000000e+01 3.91331900e+00 2.82000000e+01 -3.55670435e+00
 2.85000000e+01 0.00000000e+00 2.85000000e+01 3.56151609e+00 2.85000000e+01 -3.65682180e+00
 2.88000000e+01 0.00000000e+00 2.88000000e+01 3.41864515e+00 2.88000000e+01 -4.48289774e+00
 2.91000000e+01 0.00000000e+00 2.91000000e+01 4.34903243e+00 2.91000000e+01 -3.87955280e+00
 2.94000000e+01 0.00000000e+00 2.94000000e+01 4.06157345e+00 2.94000000e+01 -4.48515656e+00
 2.97000000e+01 0.00000000e+00 2.97000000e+01 2.96503721e+00 2.97000000e+01 -4.82511115e+00
 3.00000000e+01 0.00000000e+00 3.00000000e+01 3.45026482e+00 3.00000000e+01 -4.47564617e+00
 3.03000000e+01 0.00000000e+00 3.03000000e+01 3.12627146e+00 3.03000000e+01 -4.56828940e+00
 3.06000000e+01 0.00000000e+00 3.06000000e+01 3.58597557e+00 3.06000000e+01 -4.39749720e+00
 3.09000000e+01 0.00000000e+00 3.09000000e+01 3.70910836e+00 3.09000000e+01 -4.41327703e+00
 3.12000000e+01 0.00000000e+00 3.12000000e+01 3.73151976e+00 3.12000000e+01 -4.37978075e+00
 3.15000000e+01 0.00000000e+00 3.15000000e+01 3.58163773e+00 3.15000000e+01 -3.66346988e+00
 3.18000000e+01 0.00000000e+00 3.18000000e+01 3.75478987e+00 3.18000000e+01 -4.79610860e+00
 3.21000000e+01 0.00000000e+00 3.21000000e+01 3.64258468e+00 3.21000000e+01 -4.21556379e+00
 3.24000000e+01 0.00000000e+00 3.24000000e+01 3.50862250e+00 3.24000000e+01 -3.99812051e+00
 3.27000000e+01 0.00000000e+00 3.27000000e+01 3.50774611e+00 3.27000000e+01 -3.94561403e+00
 3.30000000e+01 0.00000000e+00 3.30000000e+01 3.18265068e+00 3.30000000e+01 -3.94690606e+00
 3.33000000e+01 0.00000000e+00 3.33000000e+01 3.54324743e+00 3.33000000e+01 -3.86055465e+00
 3.36000000e+01 0.00000000e+00 3.36000000e+01 3.92974354e+00 3.36000000e+01 -3.95695254e+00
 3.39000000e+01 0.00000000e+00 3.39000000e+01 3.28508823e+00 3.39000000e+01 -3.64532734e+00
 3.42000000e+01 0.00000000e+00 3.42000000e+01 3.96857325e+00 3.42000000e+01 -4.60947267e+00
 3.45000000e+01 0.00000000e+00 3.45000000e+01 3.67043114e+00 3.45000000e+01 -4.36336945e+00
 3.48000000e+01 0.00000000e+00 3.48000000e+01 3.84030502e+00 3.48000000e+01 -4.18107261e+00
 3.51000000e+01 0.00000000e+00 3.51000000e+01 4.71004062e+00 3.51000000e+01 -2.66497070e+00
 3.54000000e+01 0.00000000e+00 3.54000000e+01 5.12102175e+00 3.54000000e+01 -2.80953252e+00
 3.57000000e+01 0.00000000e+00 3.57000000e+01 4.93687549e+00 3.57000000e+01 -2.23222534e+00
 3.60000000e+01 0.00000000e+00 3.60000000e+01 5.81759289e+00 3.60000000e+01 -2.20574798e+00
 3.63000000e+01 0.00000000e+00 3.63000000e+01 5.12663681e+00 3.63000000e+01 -2.15432597e+00
 3.66000000e+01 0.00000000e+00 3.66000000e+01 5.45604745e+00 3.66000000e+01 -1.91967869e+00
 3.69000000e+01 0.00000000e+00 3.69000000e+01 4.62433214e+00 3.69000000e+01 -2.56695662e+00
 3.72000000e+01 0.00000000e+00 3.72000000e+01 5.84506105e+00 3.72000000e+01 -2.43242911e+00
 3.75000000e+01 0.00000000e+00 3.75000000e+01 4.53461157e+00 3.75000000e+01 -1.66338735e+00
 3.78000000e+01 0.00000000e+00 3.78000000e+01 4.94660729e+00 3.78000000e+01 -2.23076936e+00
 3.81000000e+01 0.00000000e+00 3.81000000e+01 4.65698418e+00 3.81000000e+01 -2.32858750e+00
 3.84000000e+01 0.00000000e+00 3.84000000e+01 4.76674301e+00 3.84000000e+01 -1.58206791e+00
 3.87000000e+01 0.00000000e+00 3.87000000e+01 4.56163142e+00 3.87000000e+01 -2.39053391e+00
 3.90000000e+01 0.00000000e+00 3.90000000e+01 5.48110889e+00 3.90000000e+01 -2.11701455e+00
 3.93000000e+01 0.00000000e+00 3.93000000e+01 5.07788652e+00 3.93000000e+01 -2.96325826e+00
 3.96000000e+01 0.00000000e+00 3.96000000e+01 4.44447021e+00 3.96000000e+01 -2.27807378e+00
 3.99000000e+01 0.00000000e+00 3.99000000e+01 5.12843935e+00 3.99000000e+01 -2.54987614e+00
 4.02000000e+01 0.00000000e+00 4.02000000e+01 6.18639204e+00 4.02000000e+01 -2.68616058e+00
 4.05000000e+01 0.00000000e+00 4.05000000e+01 5.39516543e+00 4.05000000e+01 -2.12068753e+00
 4.08000000e+01 0.00000000e+00 4.08000000e+01 6.08978548e+00 4.08000000e+01 -2.90669373e+00
 4.11000000e+01 0.00000000e+00 4.11000000e+01 5.89375027e+00 4.11000000e+01 -1.90250738e+00
 4.14000000e+01 0.00000000e+00 4.14000000e+01 5.97611322e+00 4.14000000e+01 -2.31209775e+00
 4.17000000e+01 0.00000000e+00 4.17000000e+01 6.50786983e+00 4.17000000e+01 -2.24139539e+00
 4.20000000e+01 0.00000000e+00 4.20000000e+01 6.11203804e+00 4.20000000e+01 -2.40704463e+00
 4.23000000e+01 0.00000000e+00 4.23000000e+01 6.20268129e+00 4.23000000e+01 -2.13192801e+00
 4.26000000e+01 0.00000000e+00 4.26000000e+01 6.20033440e+00 4.26000000e+01 -1.97551466e+00
 4.29000000e+01 0.00000000e+00 4.29000000e+01 6.22426422e+00 4.29000000e+01 -2.10423557e+00
 4.32000000e+01 0.00000000e+00 4.32000000e+01 6.90680853e+00 4.32000000e+01 -2.20632694e+00
 4.35000000e+01 0.00000000e+00 4.35000000e+01 6.39072292e+00 4.35000000e+01 -2.58786933e+00
 4.38000000e+01 0.00000000e+00 4.38000000e+01 5.44391793e+00 4.38000000e+01 -2.24518614e+00
 4.41000000e+01 0.00000000e+00 4.41000000e+01 5.47883704e+00 4.41000000e+01 -2.26525024e+00
 4.44000000e+01 0.00000000e+00 4.44000000e+01 6.29444798e+00 4.44000000e+01 -1.82179360e+00
 4.47000000e+01 0.00000000e+00 4.47000000e+01 6.31983936e+00 4.47000000e+01 -2.14167825e+00
 4.50000000e+01 0.00000000e+00 4.50000000e+01 5.64654253e+00 4.50000000e+01 -2.38866061e+00
 4.53000000e+01 0.00000000e+00 4.53000000e+01 5.95083754e+00 4.53000000e+01 -1.95933918e+00
 4.56000000e+01 0.00000000e+00 4.56000000e+01 6.06762555e+00 4.56000000e+01 -2.92648946e+00
 4.59000000e+01 0.00000000e+00 4.59000000e+01 6.55956442e+00 4.59000000e+01 -1.84504365e+00
 4.62000000e+01 0.00000000e+00 4.62000000e+01 5.90309729e+00 4.62000000e+01 -1.74658856e+00
 4.65000000e+01 0.00000000e+00 4.65000000e+01 5.69666675e+00 4.65000000e+01 -3.01194404e+00
 4.68000000e+01 0.00000000e+00 4.68000000e+01 5.87317586e+00 4.68000000e+01 -2.43679860e+00
 4.71000000e+01 0.00000000e+00 4.71000000e+01 5.78465783e+00 4.71000000e+01 -1.99189169e+00
 4.74000000e+01 0.00000000e+00 4.74000000e+01 5.05525379e+00 4.74000000e+01 -2.06290692e+00
 4.77000000e+01 0.00000000e+00 4.77000000e+01 6.17736033e+00 4.77000000e+01 -1.94882488e+00
 4.80000000e+01 0.00000000e+00 4.80000000e+01 6.20845160e+00 4.80000000e+01 -2.21325209e+00
 4.83000000e+01 0.00000000e+00 4.83000000e+01 5.66835724e+00 4.83000000e+01 -2.09878630e+00
 4.86000000e+01 0.00000000e+00 4.86000000e+01 6.39711641e+00 4.86000000e+01 -2.19802419e+00
 4.89000000e+01 0.00000000e+00 4.89000000e+01 5.87949469e+00 4.89000000e+01 -1.87655238e+00
 4.92000000e+01 0.00000000e+00 4.92000000e+01 5.71517232e+00 4.92000000e+01 -2.48141424e+00
 4.95000000e+01 0.00000000e+00 4.95000000e+01 5.75068081e+00 4.95000000e+01 -2.26682738e+00
 4.98000000e+01 0.00000000e+00 4.98000000e+01 5.52490527e+00 4.98000000e+01 -2.58991494e+00
 5.01000000e+01 0.00000000e+00 5.01000000e+01 9.98804406e-01 5.01000000e+01 -5.17694201e+00
 5.04000000e+01 0.00000000e+00 5.04000000e+01 1.14078848e+00 5.04000000e+01 -5.12118352e+00
 5.07000000e+01 0.00000000e+00 5.07000000e+01 1.19631722e+00 5.07000000e+01 -5.34438507e+00
 5.10000000e+01 0.00000000e+00 5.10000000e+01 1.29193723e+00 5.10000000e+01 -5.32615765e+00
 5.13000000e+01 0.00000000e+00 5.13000000e+01 1.16212344e+00 5.13000000e+01 -5.35250964e+00
 5.16000000e+01 0.00000000e+00 5.16000000e+01 1.33211641e+00 5.16000000e+01 -4.71754513e+00
 5.19000000e+01 0.00000000e+00 5.19000000e+01 1.25317781e+00 5.19000000e+01 -5.08648158e+00
 5.22000000e+01 0.00000000e+00 5.22000000e+01 1.08114168e+00 5.22000000e+01 -5.65969109e+00
 5.25000000e+01 0.00000000e+00 5.25000000e+01 1.39879826e+00 5.25000000e+01 -5.58024601e+00
 5.28000000e+01 0.00000000e+00 5.28000000e+01 1.26283015e+00 5.28000000e+01 -5.38820626e+00
 5.31000000e+01 0.00000000e+00 5.31000000e+01 1.40928979e+00 5.31000000e+01 -4.94782698e+00
 5.34000000e+01 0.00000000e+00 5.34000000e+01 1.61796445e+00 5.34000000e+01 -4.53456902e+00
 5.37000000e+01 0.00000000e+00 5.37000000e+01 1.38460267e+00 5.37000000e+01 -5.40516275e+00
 5.40000000e+01 0.00000000e+00 5.40000000e+01 1.37970154e+00 5.40000000e+01 -5.33541802e+00
 5.43000000e+01 0.00000000e+00 5.43000000e+01 1.39498252e+00 5.43000000e+01 -5.01944565e+00
 5.46000000e+01 0.00000000e+00 5.46000000e+01 6.03098331e-01 5.46000000e+01 -5.69761361e+00
 5.49000000e+01 0.00000000e+00 5.49000000e+01 1.14632747e+00 5.49000000e+01 -5.30534688e+00
 5.52000000e+01 0.00000000e+00 5.52000000e+01 7.30790602e+00 5.52000000e+01 -5.48269951e+00
 5.55000000e+01 0.00000000e+00 5.55000000e+01 6.91457634e+00 5.55000000e+01 -4.82099432e+00
 5.58000000e+01 0.00000000e+00 5.58000000e+01 7.06960289e+00 5.58000000e+01 -4.39205441e+00
 5.61000000e+01 0.00000000e+00 5.61000000e+01 7.00322685e+00 5.61000000e+01 -5.69996650e+00
 5.64000000e+01 0.00000000e+00 5.64000000e+01 7.60127199e+00 5.64000000e+01 -4.82786642e+00
 5.67000000e+01 0.00000000e+00 5.67000000e+01 7.90808961e+00 5.67000000e+01 -4.68825043e+00
 5.70000000e+01 0.00000000e+00 5.70000000e+01 7.47368686e+00 5.70000000e+01 -4.51674837e+00
 5.73000000e+01 0.00000000e+00 5.73000000e+01 7.47754740e+00 5.73000000e+01 -5.05175661e+00
 5.76000000e+01 0.00000000e+00 5.76000000e+01 7.44792296e+00 5.76000000e+01 -5.78477541e+00
 5.79000000e+01 0.00000000e+00 5.79000000e+01 7.00127712e+00 5.79000000e+01 -5.03314897e+00
 5.82000000e+01 0.00000000e+00 5.82000000e+01 7.14196178e+00 5.82000000e+01 -4.75041112e+00
 5.85000000e+01 0.00000000e+00 5.85000000e+01 7.15632458e+00 5.85000000e+01 -5.33475879e+00
 5.88000000e+01 0.00000000e+00 5.88000000e+01 7.47708927e+00 5.88000000e+01 -5.24709198e+00
 5.91000000e+01 0.00000000e+00 5.91000000e+01 8.01526210e+00 5.91000000e+01 -5.46418052e+00
 5.94000000e+01 0.00000000e+00 5.94000000e+01 7.10949535e+00 5.94000000e+01 -5.19986176e+00
 5.97000000e+01 0.00000000e+00 5.97000000e+01 6.86154705e+00 5.97000000e+01 -5.00459899e+00
