2.000000, 0.000000, 0.000000, 0.000000, -0.015567
3.350000, 0.000000, 0.000000, -0.002335, -0.067210
4.700000, 0.000000, -0.003152, -0.012417, -0.014434
6.049993, -0.004256, -0.019915, -0.014582, 0.021256
7.399726, -0.031139, -0.039600, -0.011393, 0.038999
8.748667, -0.084585, -0.054981, -0.005544, 0.025003
10.096627, -0.158772, -0.062465, -0.001793, -0.025813
11.443994, -0.243044, -0.064886, -0.005665, 0.105859
12.791154, -0.330578, -0.072533, 0.010214, -0.017462
14.137604, -0.428413, -0.058745, 0.007595, 0.049662
15.485275, -0.507673, -0.048492, 0.015044, -0.085393
16.833688, -0.573111, -0.028183, 0.002235, -0.052704
18.183152, -0.611154, -0.025166, -0.005671, 0.017675
19.532725, -0.645124, -0.032821, -0.003019, 0.078031
20.881998, -0.689425, -0.036898, 0.008685, 0.040501
22.231079, -0.739225, -0.025172, 0.014760, 0.025186
23.580651, -0.773204, -0.005246, 0.018538, -0.028032
24.930632, -0.780286, 0.019781, 0.014334, -0.029475
26.280368, -0.753584, 0.039131, 0.009912, -0.034509
27.629335, -0.700770, 0.052513, 0.004736, -0.019192
28.977474, -0.629910, 0.058906, 0.001857, -0.009661
30.325132, -0.550432, 0.061414, 0.000408, 0.061236
31.672587, -0.467576, 0.061964, 0.009593, -0.059924
33.019996, -0.383978, 0.074916, 0.000605, -0.017274
34.366210, -0.282936, 0.075732, -0.001986, -0.053114
35.712340, -0.180796, 0.073050, -0.009953, 0.134040
37.058740, -0.082265, 0.059613, 0.010153, -0.037274
38.406342, -0.001835, 0.073319, 0.004561, -0.023433
39.752715, 0.097057, 0.079477, 0.001047, -0.045969
41.098453, 0.204238, 0.080890, -0.005849, 0.012750
42.444039, 0.313321, 0.072994, -0.003936, -0.028696
43.790444, 0.411775, 0.067680, -0.008241, -0.061934
45.137353, 0.503074, 0.056555, -0.017531, -0.007246
46.485195, 0.579383, 0.032889, -0.018618, 0.039061
47.834465, 0.623775, 0.007755, -0.012759, 0.039281
49.184424, 0.634243, -0.009469, -0.006867, 0.046497
50.534364, 0.621460, -0.018739, 0.000108, 0.015091
51.884127, 0.596164, -0.018593, 0.002372, -0.014196
53.233894, 0.571064, -0.015392, 0.000242, -0.022673
54.583734, 0.550287, -0.015065, -0.003159, 0.000000
55.933580, 0.529950, -0.019329, -0.003159, 0.000000 